timeStamp,elapsed,label,responseCode,responseMessage,threadName,dataType,success,failureMessage,bytes,sentBytes,grpThreads,allThreads,URL,Latency,IdleTime,Connect
1623316104856,25418,FIr Creation Request,201,Created,Firs Test single user 1-1,text,true,,440,482,1,1,http://localhost:3002/fir,25418,0,1
1623316130275,19,FIr Creation Request,201,Created,Firs Test single user 1-1,text,true,,440,482,1,1,http://localhost:3002/fir,19,0,0
1623316130295,60029,FIr Creation Request,201,Created,Firs Test single user 1-1,text,true,,440,482,1,1,http://localhost:3002/fir,60029,0,0
1623316190324,28,FIr Creation Request,201,Created,Firs Test single user 1-1,text,true,,440,482,1,1,http://localhost:3002/fir,28,0,3
1623316190353,60159,FIr Creation Request,201,Created,Firs Test single user 1-1,text,true,,440,482,1,1,http://localhost:3002/fir,60159,0,0
1623316250513,14,FIr Creation Request,201,Created,Firs Test single user 1-1,text,true,,440,482,1,1,http://localhost:3002/fir,14,0,2
1623316250527,10,FIr Creation Request,201,Created,Firs Test single user 1-1,text,true,,440,482,1,1,http://localhost:3002/fir,10,0,0
1623316250538,37,FIr Creation Request,201,Created,Firs Test single user 1-1,text,true,,440,482,1,1,http://localhost:3002/fir,37,0,0
1623316250576,76346,FIr Creation Request,201,Created,Firs Test single user 1-1,text,true,,440,482,1,1,http://localhost:3002/fir,76346,0,0
1623316326923,48,FIr Creation Request,201,Created,Firs Test single user 1-1,text,true,,440,482,1,1,http://localhost:3002/fir,48,0,1
1623316326972,64002,FIr Creation Request,201,Created,Firs Test single user 1-1,text,true,,440,482,1,1,http://localhost:3002/fir,64002,0,0
1623316390975,49819,FIr Creation Request,201,Created,Firs Test single user 1-1,text,true,,440,482,1,1,http://localhost:3002/fir,49819,0,1
