timeStamp,elapsed,label,responseCode,responseMessage,threadName,dataType,success,failureMessage,bytes,sentBytes,grpThreads,allThreads,URL,Latency,IdleTime,Connect
1675771306143,5,FIr Creation Request,201,Created,Firs Test single user 1-1,text,true,,463,10422,1,1,http://localhost:3002/fir,5,0,0
1675771306149,29,FIr Creation Request,201,Created,Firs Test single user 1-1,text,true,,463,10422,1,1,http://localhost:3002/fir,29,0,1
1675771306179,15,FIr Creation Request,201,Created,Firs Test single user 1-1,text,true,,463,10422,1,1,http://localhost:3002/fir,15,0,0
1675771306196,5,FIr Creation Request,201,Created,Firs Test single user 1-1,text,true,,463,10422,1,1,http://localhost:3002/fir,5,0,0
1675771306203,4,FIr Creation Request,201,Created,Firs Test single user 1-1,text,true,,463,10422,1,1,http://localhost:3002/fir,4,0,0
1675771306209,4,FIr Creation Request,201,Created,Firs Test single user 1-1,text,true,,463,10422,1,1,http://localhost:3002/fir,4,0,0
1675771306215,5,FIr Creation Request,201,Created,Firs Test single user 1-1,text,true,,463,10422,1,1,http://localhost:3002/fir,5,0,0
1675771306221,27,FIr Creation Request,201,Created,Firs Test single user 1-1,text,true,,463,10422,1,1,http://localhost:3002/fir,27,0,0
1675771306249,4,FIr Creation Request,201,Created,Firs Test single user 1-1,text,true,,463,10422,1,1,http://localhost:3002/fir,4,0,0
1675771306255,4,FIr Creation Request,201,Created,Firs Test single user 1-1,text,true,,463,10422,1,1,http://localhost:3002/fir,4,0,0
1675771306260,5,FIr Creation Request,201,Created,Firs Test single user 1-1,text,true,,463,10422,1,1,http://localhost:3002/fir,5,0,0
1675771306266,5,FIr Creation Request,201,Created,Firs Test single user 1-1,text,true,,463,10422,1,1,http://localhost:3002/fir,5,0,0
1675771306272,5,FIr Creation Request,201,Created,Firs Test single user 1-1,text,true,,463,10422,1,1,http://localhost:3002/fir,5,0,0
1675771306279,4,FIr Creation Request,201,Created,Firs Test single user 1-1,text,true,,463,10422,1,1,http://localhost:3002/fir,4,0,0
1675771306285,4,FIr Creation Request,201,Created,Firs Test single user 1-1,text,true,,463,10422,1,1,http://localhost:3002/fir,4,0,0
1675771306290,4,FIr Creation Request,201,Created,Firs Test single user 1-1,text,true,,463,10422,1,1,http://localhost:3002/fir,4,0,0
1675771306296,4,FIr Creation Request,201,Created,Firs Test single user 1-1,text,true,,463,10422,1,1,http://localhost:3002/fir,4,0,0
1675771306301,5,FIr Creation Request,201,Created,Firs Test single user 1-1,text,true,,463,10422,1,1,http://localhost:3002/fir,5,0,1
1675771306307,4,FIr Creation Request,201,Created,Firs Test single user 1-1,text,true,,463,10422,1,1,http://localhost:3002/fir,4,0,0
1675771306312,24,FIr Creation Request,201,Created,Firs Test single user 1-1,text,true,,463,10422,1,1,http://localhost:3002/fir,24,0,1
1675771306337,5,FIr Creation Request,201,Created,Firs Test single user 1-1,text,true,,463,10422,1,1,http://localhost:3002/fir,5,0,0
1675771306343,4,FIr Creation Request,201,Created,Firs Test single user 1-1,text,true,,463,10422,1,1,http://localhost:3002/fir,4,0,0
1675771306349,6,FIr Creation Request,201,Created,Firs Test single user 1-1,text,true,,463,10422,1,1,http://localhost:3002/fir,6,0,0
1675771306357,4,FIr Creation Request,201,Created,Firs Test single user 1-1,text,true,,463,10422,1,1,http://localhost:3002/fir,4,0,0
1675771306363,4,FIr Creation Request,201,Created,Firs Test single user 1-1,text,true,,463,10422,1,1,http://localhost:3002/fir,4,0,0
1675771306368,4,FIr Creation Request,201,Created,Firs Test single user 1-1,text,true,,463,10422,1,1,http://localhost:3002/fir,4,0,0
1675771306373,31,FIr Creation Request,201,Created,Firs Test single user 1-1,text,true,,463,10422,1,1,http://localhost:3002/fir,31,0,0
1675771306406,6,FIr Creation Request,201,Created,Firs Test single user 1-1,text,true,,463,10422,1,1,http://localhost:3002/fir,6,0,1
1675771306413,5,FIr Creation Request,201,Created,Firs Test single user 1-1,text,true,,463,10422,1,1,http://localhost:3002/fir,5,0,0
1675771306419,4,FIr Creation Request,201,Created,Firs Test single user 1-1,text,true,,463,10422,1,1,http://localhost:3002/fir,4,0,0
1675771306425,29,FIr Creation Request,201,Created,Firs Test single user 1-1,text,true,,463,10422,1,1,http://localhost:3002/fir,29,0,0
1675771306457,5,FIr Creation Request,201,Created,Firs Test single user 1-1,text,true,,463,10422,1,1,http://localhost:3002/fir,5,0,0
1675771306464,5,FIr Creation Request,201,Created,Firs Test single user 1-1,text,true,,463,10422,1,1,http://localhost:3002/fir,5,0,0
1675771306470,4,FIr Creation Request,201,Created,Firs Test single user 1-1,text,true,,463,10422,1,1,http://localhost:3002/fir,4,0,0
1675771306476,28,FIr Creation Request,201,Created,Firs Test single user 1-1,text,true,,463,10422,1,1,http://localhost:3002/fir,28,0,0
1675771306506,6,FIr Creation Request,201,Created,Firs Test single user 1-1,text,true,,463,10422,1,1,http://localhost:3002/fir,6,0,1
1675771306513,5,FIr Creation Request,201,Created,Firs Test single user 1-1,text,true,,463,10422,1,1,http://localhost:3002/fir,5,0,0
1675771306520,4,FIr Creation Request,201,Created,Firs Test single user 1-1,text,true,,463,10422,1,1,http://localhost:3002/fir,4,0,0
1675771306525,4,FIr Creation Request,201,Created,Firs Test single user 1-1,text,true,,463,10422,1,1,http://localhost:3002/fir,4,0,0
1675771306531,5,FIr Creation Request,201,Created,Firs Test single user 1-1,text,true,,463,10422,1,1,http://localhost:3002/fir,5,0,0
1675771306537,24,FIr Creation Request,201,Created,Firs Test single user 1-1,text,true,,463,10422,1,1,http://localhost:3002/fir,24,0,1
1675771306564,5,FIr Creation Request,201,Created,Firs Test single user 1-1,text,true,,463,10422,1,1,http://localhost:3002/fir,5,0,0
1675771306570,5,FIr Creation Request,201,Created,Firs Test single user 1-1,text,true,,463,10422,1,1,http://localhost:3002/fir,5,0,0
1675771306576,4,FIr Creation Request,201,Created,Firs Test single user 1-1,text,true,,463,10422,1,1,http://localhost:3002/fir,4,0,0
1675771306582,4,FIr Creation Request,201,Created,Firs Test single user 1-1,text,true,,463,10422,1,1,http://localhost:3002/fir,4,0,0
1675771306587,5,FIr Creation Request,201,Created,Firs Test single user 1-1,text,true,,463,10422,1,1,http://localhost:3002/fir,5,0,1
1675771306593,5,FIr Creation Request,201,Created,Firs Test single user 1-1,text,true,,463,10422,1,1,http://localhost:3002/fir,5,0,0
1675771306599,4,FIr Creation Request,201,Created,Firs Test single user 1-1,text,true,,463,10422,1,1,http://localhost:3002/fir,4,0,0
1675771306605,4,FIr Creation Request,201,Created,Firs Test single user 1-1,text,true,,463,10422,1,1,http://localhost:3002/fir,4,0,0
1675771306610,4,FIr Creation Request,201,Created,Firs Test single user 1-1,text,true,,463,10422,1,1,http://localhost:3002/fir,4,0,0
1675771306616,28,FIr Creation Request,201,Created,Firs Test single user 1-1,text,true,,463,10422,1,1,http://localhost:3002/fir,28,0,0
1675771306646,5,FIr Creation Request,201,Created,Firs Test single user 1-1,text,true,,463,10422,1,1,http://localhost:3002/fir,5,0,1
1675771306653,4,FIr Creation Request,201,Created,Firs Test single user 1-1,text,true,,463,10422,1,1,http://localhost:3002/fir,4,0,0
1675771306658,20,FIr Creation Request,201,Created,Firs Test single user 1-1,text,true,,463,10422,1,1,http://localhost:3002/fir,20,0,1
1675771306680,15,FIr Creation Request,201,Created,Firs Test single user 1-1,text,true,,463,10422,1,1,http://localhost:3002/fir,15,0,0
1675771306697,5,FIr Creation Request,201,Created,Firs Test single user 1-1,text,true,,463,10422,1,1,http://localhost:3002/fir,5,0,0
1675771306703,176,FIr Creation Request,201,Created,Firs Test single user 1-1,text,true,,463,10422,1,1,http://localhost:3002/fir,176,0,0
1675771306884,14,FIr Creation Request,201,Created,Firs Test single user 1-1,text,true,,463,10422,1,1,http://localhost:3002/fir,14,0,0
1675771306900,7,FIr Creation Request,201,Created,Firs Test single user 1-1,text,true,,463,10422,1,1,http://localhost:3002/fir,7,0,0
1675771306909,7,FIr Creation Request,201,Created,Firs Test single user 1-1,text,true,,463,10422,1,1,http://localhost:3002/fir,7,0,0
1675771306917,9,FIr Creation Request,201,Created,Firs Test single user 1-1,text,true,,463,10422,1,1,http://localhost:3002/fir,9,0,1
1675771306927,6,FIr Creation Request,201,Created,Firs Test single user 1-1,text,true,,463,10422,1,1,http://localhost:3002/fir,6,0,0
1675771306934,8,FIr Creation Request,201,Created,Firs Test single user 1-1,text,true,,463,10422,1,1,http://localhost:3002/fir,8,0,1
1675771306944,8,FIr Creation Request,201,Created,Firs Test single user 1-1,text,true,,463,10422,1,1,http://localhost:3002/fir,8,0,0
1675771306953,8,FIr Creation Request,201,Created,Firs Test single user 1-1,text,true,,463,10422,1,1,http://localhost:3002/fir,8,0,1
1675771306963,7,FIr Creation Request,201,Created,Firs Test single user 1-1,text,true,,463,10422,1,1,http://localhost:3002/fir,7,0,0
1675771306971,7,FIr Creation Request,201,Created,Firs Test single user 1-1,text,true,,463,10422,1,1,http://localhost:3002/fir,7,0,1
1675771306980,6,FIr Creation Request,201,Created,Firs Test single user 1-1,text,true,,463,10422,1,1,http://localhost:3002/fir,6,0,0
1675771306987,7,FIr Creation Request,201,Created,Firs Test single user 1-1,text,true,,463,10422,1,1,http://localhost:3002/fir,7,0,0
1675771306996,7,FIr Creation Request,201,Created,Firs Test single user 1-1,text,true,,463,10422,1,1,http://localhost:3002/fir,7,0,0
1675771307004,6,FIr Creation Request,201,Created,Firs Test single user 1-1,text,true,,463,10422,1,1,http://localhost:3002/fir,6,0,0
1675771307011,6,FIr Creation Request,201,Created,Firs Test single user 1-1,text,true,,463,10422,1,1,http://localhost:3002/fir,6,0,1
1675771307019,6,FIr Creation Request,201,Created,Firs Test single user 1-1,text,true,,463,10422,1,1,http://localhost:3002/fir,6,0,0
1675771307026,6,FIr Creation Request,201,Created,Firs Test single user 1-1,text,true,,463,10422,1,1,http://localhost:3002/fir,6,0,0
1675771307034,5,FIr Creation Request,201,Created,Firs Test single user 1-1,text,true,,463,10422,1,1,http://localhost:3002/fir,5,0,0
1675771307041,7,FIr Creation Request,201,Created,Firs Test single user 1-1,text,true,,463,10422,1,1,http://localhost:3002/fir,7,0,0
1675771307049,7,FIr Creation Request,201,Created,Firs Test single user 1-1,text,true,,463,10422,1,1,http://localhost:3002/fir,7,0,0
1675771307057,6,FIr Creation Request,201,Created,Firs Test single user 1-1,text,true,,463,10422,1,1,http://localhost:3002/fir,6,0,0
1675771307065,5,FIr Creation Request,201,Created,Firs Test single user 1-1,text,true,,463,10422,1,1,http://localhost:3002/fir,5,0,0
1675771307072,6,FIr Creation Request,201,Created,Firs Test single user 1-1,text,true,,463,10422,1,1,http://localhost:3002/fir,6,0,0
1675771307079,7,FIr Creation Request,201,Created,Firs Test single user 1-1,text,true,,463,10422,1,1,http://localhost:3002/fir,7,0,0
1675771307087,9,FIr Creation Request,201,Created,Firs Test single user 1-1,text,true,,463,10422,1,1,http://localhost:3002/fir,9,0,1
1675771307097,9,FIr Creation Request,201,Created,Firs Test single user 1-1,text,true,,463,10422,1,1,http://localhost:3002/fir,9,0,0
1675771307107,6,FIr Creation Request,201,Created,Firs Test single user 1-1,text,true,,463,10422,1,1,http://localhost:3002/fir,6,0,0
1675771307115,5,FIr Creation Request,201,Created,Firs Test single user 1-1,text,true,,463,10422,1,1,http://localhost:3002/fir,5,0,0
1675771307122,6,FIr Creation Request,201,Created,Firs Test single user 1-1,text,true,,463,10422,1,1,http://localhost:3002/fir,6,0,0
1675771307129,296,FIr Creation Request,201,Created,Firs Test single user 1-1,text,true,,463,10422,1,1,http://localhost:3002/fir,296,0,1
1675771307428,32,FIr Creation Request,201,Created,Firs Test single user 1-1,text,true,,463,10422,1,1,http://localhost:3002/fir,32,0,0
1675771307462,10,FIr Creation Request,201,Created,Firs Test single user 1-1,text,true,,463,10422,1,1,http://localhost:3002/fir,10,0,0
1675771307473,6,FIr Creation Request,201,Created,Firs Test single user 1-1,text,true,,463,10422,1,1,http://localhost:3002/fir,6,0,0
1675771307481,5,FIr Creation Request,201,Created,Firs Test single user 1-1,text,true,,463,10422,1,1,http://localhost:3002/fir,5,0,0
1675771307488,11,FIr Creation Request,201,Created,Firs Test single user 1-1,text,true,,463,10422,1,1,http://localhost:3002/fir,11,0,0
1675771307500,7,FIr Creation Request,201,Created,Firs Test single user 1-1,text,true,,463,10422,1,1,http://localhost:3002/fir,7,0,0
1675771307508,7,FIr Creation Request,201,Created,Firs Test single user 1-1,text,true,,463,10422,1,1,http://localhost:3002/fir,7,0,1
1675771307517,6,FIr Creation Request,201,Created,Firs Test single user 1-1,text,true,,463,10422,1,1,http://localhost:3002/fir,6,0,0
1675771307524,8,FIr Creation Request,201,Created,Firs Test single user 1-1,text,true,,463,10422,1,1,http://localhost:3002/fir,8,0,1
1675771307533,7,FIr Creation Request,201,Created,Firs Test single user 1-1,text,true,,463,10422,1,1,http://localhost:3002/fir,7,0,1
1675771307541,7,FIr Creation Request,201,Created,Firs Test single user 1-1,text,true,,463,10422,1,1,http://localhost:3002/fir,7,0,0
1675771307549,7,FIr Creation Request,201,Created,Firs Test single user 1-1,text,true,,463,10422,1,1,http://localhost:3002/fir,7,0,1
1675771307558,6,FIr Creation Request,201,Created,Firs Test single user 1-1,text,true,,463,10422,1,1,http://localhost:3002/fir,6,0,0
1675771307565,6,FIr Creation Request,201,Created,Firs Test single user 1-1,text,true,,463,10422,1,1,http://localhost:3002/fir,6,0,1
1675771307572,6,FIr Creation Request,201,Created,Firs Test single user 1-1,text,true,,463,10422,1,1,http://localhost:3002/fir,6,0,0
1675771307579,7,FIr Creation Request,201,Created,Firs Test single user 1-1,text,true,,463,10422,1,1,http://localhost:3002/fir,7,0,0
1675771307588,7,FIr Creation Request,201,Created,Firs Test single user 1-1,text,true,,463,10422,1,1,http://localhost:3002/fir,7,0,0
1675771307596,7,FIr Creation Request,201,Created,Firs Test single user 1-1,text,true,,463,10422,1,1,http://localhost:3002/fir,7,0,0
1675771307604,11,FIr Creation Request,201,Created,Firs Test single user 1-1,text,true,,463,10422,1,1,http://localhost:3002/fir,11,0,1
1675771307616,8,FIr Creation Request,201,Created,Firs Test single user 1-1,text,true,,463,10422,1,1,http://localhost:3002/fir,8,0,1
1675771307625,7,FIr Creation Request,201,Created,Firs Test single user 1-1,text,true,,463,10422,1,1,http://localhost:3002/fir,7,0,1
1675771307633,7,FIr Creation Request,201,Created,Firs Test single user 1-1,text,true,,463,10422,1,1,http://localhost:3002/fir,7,0,1
1675771307641,8,FIr Creation Request,201,Created,Firs Test single user 1-1,text,true,,463,10422,1,1,http://localhost:3002/fir,8,0,1
1675771307651,6,FIr Creation Request,201,Created,Firs Test single user 1-1,text,true,,463,10422,1,1,http://localhost:3002/fir,6,0,0
1675771307658,7,FIr Creation Request,201,Created,Firs Test single user 1-1,text,true,,463,10422,1,1,http://localhost:3002/fir,7,0,1
1675771307666,10,FIr Creation Request,201,Created,Firs Test single user 1-1,text,true,,463,10422,1,1,http://localhost:3002/fir,10,0,1
1675771307677,7,FIr Creation Request,201,Created,Firs Test single user 1-1,text,true,,463,10422,1,1,http://localhost:3002/fir,7,0,0
1675771307685,6,FIr Creation Request,201,Created,Firs Test single user 1-1,text,true,,463,10422,1,1,http://localhost:3002/fir,6,0,0
1675771307692,6,FIr Creation Request,201,Created,Firs Test single user 1-1,text,true,,463,10422,1,1,http://localhost:3002/fir,6,0,0
1675771307700,7,FIr Creation Request,201,Created,Firs Test single user 1-1,text,true,,463,10422,1,1,http://localhost:3002/fir,7,0,0
1675771307708,8,FIr Creation Request,201,Created,Firs Test single user 1-1,text,true,,463,10422,1,1,http://localhost:3002/fir,8,0,1
1675771307717,7,FIr Creation Request,201,Created,Firs Test single user 1-1,text,true,,463,10422,1,1,http://localhost:3002/fir,7,0,0
1675771307725,7,FIr Creation Request,201,Created,Firs Test single user 1-1,text,true,,463,10422,1,1,http://localhost:3002/fir,7,0,0
1675771307734,6,FIr Creation Request,201,Created,Firs Test single user 1-1,text,true,,463,10422,1,1,http://localhost:3002/fir,6,0,0
1675771307742,7,FIr Creation Request,201,Created,Firs Test single user 1-1,text,true,,463,10422,1,1,http://localhost:3002/fir,7,0,0
1675771307750,7,FIr Creation Request,201,Created,Firs Test single user 1-1,text,true,,463,10422,1,1,http://localhost:3002/fir,7,0,0
1675771307758,7,FIr Creation Request,201,Created,Firs Test single user 1-1,text,true,,463,10422,1,1,http://localhost:3002/fir,7,0,0
1675771307767,7,FIr Creation Request,201,Created,Firs Test single user 1-1,text,true,,463,10422,1,1,http://localhost:3002/fir,7,0,0
1675771307775,7,FIr Creation Request,201,Created,Firs Test single user 1-1,text,true,,463,10422,1,1,http://localhost:3002/fir,7,0,0
1675771307783,8,FIr Creation Request,201,Created,Firs Test single user 1-1,text,true,,463,10422,1,1,http://localhost:3002/fir,8,0,1
1675771307792,10,FIr Creation Request,201,Created,Firs Test single user 1-1,text,true,,463,10422,1,1,http://localhost:3002/fir,10,0,0
1675771307804,6,FIr Creation Request,201,Created,Firs Test single user 1-1,text,true,,463,10422,1,1,http://localhost:3002/fir,6,0,0
1675771307811,6,FIr Creation Request,201,Created,Firs Test single user 1-1,text,true,,463,10422,1,1,http://localhost:3002/fir,6,0,0
1675771307818,7,FIr Creation Request,201,Created,Firs Test single user 1-1,text,true,,463,10422,1,1,http://localhost:3002/fir,7,0,1
1675771307826,6,FIr Creation Request,201,Created,Firs Test single user 1-1,text,true,,463,10422,1,1,http://localhost:3002/fir,6,0,0
1675771307833,8,FIr Creation Request,201,Created,Firs Test single user 1-1,text,true,,463,10422,1,1,http://localhost:3002/fir,8,0,1
1675771307842,7,FIr Creation Request,201,Created,Firs Test single user 1-1,text,true,,463,10422,1,1,http://localhost:3002/fir,7,0,1
1675771307850,7,FIr Creation Request,201,Created,Firs Test single user 1-1,text,true,,463,10422,1,1,http://localhost:3002/fir,7,0,0
1675771307858,7,FIr Creation Request,201,Created,Firs Test single user 1-1,text,true,,463,10422,1,1,http://localhost:3002/fir,7,0,1
1675771307866,8,FIr Creation Request,201,Created,Firs Test single user 1-1,text,true,,463,10422,1,1,http://localhost:3002/fir,8,0,1
1675771307875,8,FIr Creation Request,201,Created,Firs Test single user 1-1,text,true,,463,10422,1,1,http://localhost:3002/fir,8,0,0
1675771307884,9,FIr Creation Request,201,Created,Firs Test single user 1-1,text,true,,463,10422,1,1,http://localhost:3002/fir,9,0,0
1675771307895,5,FIr Creation Request,201,Created,Firs Test single user 1-1,text,true,,463,10422,1,1,http://localhost:3002/fir,5,0,0
1675771307901,5,FIr Creation Request,201,Created,Firs Test single user 1-1,text,true,,463,10422,1,1,http://localhost:3002/fir,5,0,1
1675771307908,5,FIr Creation Request,201,Created,Firs Test single user 1-1,text,true,,463,10422,1,1,http://localhost:3002/fir,5,0,0
1675771307914,6,FIr Creation Request,201,Created,Firs Test single user 1-1,text,true,,463,10422,1,1,http://localhost:3002/fir,6,0,1
1675771307921,6,FIr Creation Request,201,Created,Firs Test single user 1-1,text,true,,463,10422,1,1,http://localhost:3002/fir,6,0,1
1675771307929,5,FIr Creation Request,201,Created,Firs Test single user 1-1,text,true,,463,10422,1,1,http://localhost:3002/fir,5,0,0
1675771307936,5,FIr Creation Request,201,Created,Firs Test single user 1-1,text,true,,463,10422,1,1,http://localhost:3002/fir,5,0,0
1675771307943,6,FIr Creation Request,201,Created,Firs Test single user 1-1,text,true,,463,10422,1,1,http://localhost:3002/fir,6,0,0
1675771307950,8,FIr Creation Request,201,Created,Firs Test single user 1-1,text,true,,463,10422,1,1,http://localhost:3002/fir,8,0,0
1675771307959,35,FIr Creation Request,201,Created,Firs Test single user 1-1,text,true,,463,10422,1,1,http://localhost:3002/fir,35,0,0
1675771307995,6,FIr Creation Request,201,Created,Firs Test single user 1-1,text,true,,463,10422,1,1,http://localhost:3002/fir,6,0,0
1675771308003,6,FIr Creation Request,201,Created,Firs Test single user 1-1,text,true,,463,10422,1,1,http://localhost:3002/fir,6,0,0
1675771308010,6,FIr Creation Request,201,Created,Firs Test single user 1-1,text,true,,463,10422,1,1,http://localhost:3002/fir,6,0,1
1675771308017,7,FIr Creation Request,201,Created,Firs Test single user 1-1,text,true,,463,10422,1,1,http://localhost:3002/fir,7,0,1
1675771308025,7,FIr Creation Request,201,Created,Firs Test single user 1-1,text,true,,463,10422,1,1,http://localhost:3002/fir,7,0,0
1675771308033,6,FIr Creation Request,201,Created,Firs Test single user 1-1,text,true,,463,10422,1,1,http://localhost:3002/fir,6,0,0
1675771308040,6,FIr Creation Request,201,Created,Firs Test single user 1-1,text,true,,463,10422,1,1,http://localhost:3002/fir,6,0,1
1675771308048,6,FIr Creation Request,201,Created,Firs Test single user 1-1,text,true,,463,10422,1,1,http://localhost:3002/fir,6,0,0
1675771308055,6,FIr Creation Request,201,Created,Firs Test single user 1-1,text,true,,463,10422,1,1,http://localhost:3002/fir,6,0,0
1675771308063,6,FIr Creation Request,201,Created,Firs Test single user 1-1,text,true,,463,10422,1,1,http://localhost:3002/fir,6,0,0
1675771308070,201,FIr Creation Request,201,Created,Firs Test single user 1-1,text,true,,463,10422,1,1,http://localhost:3002/fir,201,0,0
1675771308275,16,FIr Creation Request,201,Created,Firs Test single user 1-1,text,true,,463,10422,1,1,http://localhost:3002/fir,16,0,0
1675771308293,9,FIr Creation Request,201,Created,Firs Test single user 1-1,text,true,,463,10422,1,1,http://localhost:3002/fir,9,0,0
1675771308304,8,FIr Creation Request,201,Created,Firs Test single user 1-1,text,true,,463,10422,1,1,http://localhost:3002/fir,8,0,0
1675771308313,9,FIr Creation Request,201,Created,Firs Test single user 1-1,text,true,,463,10422,1,1,http://localhost:3002/fir,9,0,0
1675771308324,9,FIr Creation Request,201,Created,Firs Test single user 1-1,text,true,,463,10422,1,1,http://localhost:3002/fir,9,0,0
1675771308334,8,FIr Creation Request,201,Created,Firs Test single user 1-1,text,true,,463,10422,1,1,http://localhost:3002/fir,8,0,0
1675771308343,7,FIr Creation Request,201,Created,Firs Test single user 1-1,text,true,,463,10422,1,1,http://localhost:3002/fir,7,0,1
1675771308352,6,FIr Creation Request,201,Created,Firs Test single user 1-1,text,true,,463,10422,1,1,http://localhost:3002/fir,6,0,0
1675771308360,7,FIr Creation Request,201,Created,Firs Test single user 1-1,text,true,,463,10422,1,1,http://localhost:3002/fir,7,0,0
1675771308368,7,FIr Creation Request,201,Created,Firs Test single user 1-1,text,true,,463,10422,1,1,http://localhost:3002/fir,6,0,1
1675771308376,7,FIr Creation Request,201,Created,Firs Test single user 1-1,text,true,,463,10422,1,1,http://localhost:3002/fir,7,0,0
1675771308384,6,FIr Creation Request,201,Created,Firs Test single user 1-1,text,true,,463,10422,1,1,http://localhost:3002/fir,6,0,0
1675771308391,7,FIr Creation Request,201,Created,Firs Test single user 1-1,text,true,,463,10422,1,1,http://localhost:3002/fir,7,0,1
1675771308400,6,FIr Creation Request,201,Created,Firs Test single user 1-1,text,true,,463,10422,1,1,http://localhost:3002/fir,6,0,0
1675771308407,6,FIr Creation Request,201,Created,Firs Test single user 1-1,text,true,,463,10422,1,1,http://localhost:3002/fir,6,0,0
1675771308414,9,FIr Creation Request,201,Created,Firs Test single user 1-1,text,true,,463,10422,1,1,http://localhost:3002/fir,9,0,1
1675771308425,6,FIr Creation Request,201,Created,Firs Test single user 1-1,text,true,,463,10422,1,1,http://localhost:3002/fir,6,0,0
1675771308432,6,FIr Creation Request,201,Created,Firs Test single user 1-1,text,true,,463,10422,1,1,http://localhost:3002/fir,6,0,1
1675771308439,7,FIr Creation Request,201,Created,Firs Test single user 1-1,text,true,,463,10422,1,1,http://localhost:3002/fir,7,0,1
1675771308447,8,FIr Creation Request,201,Created,Firs Test single user 1-1,text,true,,463,10422,1,1,http://localhost:3002/fir,8,0,0
1675771308456,6,FIr Creation Request,201,Created,Firs Test single user 1-1,text,true,,463,10422,1,1,http://localhost:3002/fir,6,0,0
1675771308463,15,FIr Creation Request,201,Created,Firs Test single user 1-1,text,true,,463,10422,1,1,http://localhost:3002/fir,15,0,0
1675771308480,6,FIr Creation Request,201,Created,Firs Test single user 1-1,text,true,,463,10422,1,1,http://localhost:3002/fir,6,0,0
1675771308487,6,FIr Creation Request,201,Created,Firs Test single user 1-1,text,true,,463,10422,1,1,http://localhost:3002/fir,6,0,0
1675771308494,8,FIr Creation Request,201,Created,Firs Test single user 1-1,text,true,,463,10422,1,1,http://localhost:3002/fir,8,0,0
1675771308503,7,FIr Creation Request,201,Created,Firs Test single user 1-1,text,true,,463,10422,1,1,http://localhost:3002/fir,7,0,0
1675771308512,5,FIr Creation Request,201,Created,Firs Test single user 1-1,text,true,,463,10422,1,1,http://localhost:3002/fir,5,0,0
1675771308519,6,FIr Creation Request,201,Created,Firs Test single user 1-1,text,true,,463,10422,1,1,http://localhost:3002/fir,6,0,0
1675771308526,6,FIr Creation Request,201,Created,Firs Test single user 1-1,text,true,,463,10422,1,1,http://localhost:3002/fir,6,0,0
1675771308533,7,FIr Creation Request,201,Created,Firs Test single user 1-1,text,true,,463,10422,1,1,http://localhost:3002/fir,7,0,1
1675771308542,12,FIr Creation Request,201,Created,Firs Test single user 1-1,text,true,,463,10422,1,1,http://localhost:3002/fir,12,0,0
1675771308556,7,FIr Creation Request,201,Created,Firs Test single user 1-1,text,true,,463,10422,1,1,http://localhost:3002/fir,7,0,0
1675771308564,7,FIr Creation Request,201,Created,Firs Test single user 1-1,text,true,,463,10422,1,1,http://localhost:3002/fir,7,0,0
1675771308572,10,FIr Creation Request,201,Created,Firs Test single user 1-1,text,true,,463,10422,1,1,http://localhost:3002/fir,10,0,0
1675771308584,7,FIr Creation Request,201,Created,Firs Test single user 1-1,text,true,,463,10422,1,1,http://localhost:3002/fir,7,0,0
1675771308592,7,FIr Creation Request,201,Created,Firs Test single user 1-1,text,true,,463,10422,1,1,http://localhost:3002/fir,7,0,1
1675771308601,7,FIr Creation Request,201,Created,Firs Test single user 1-1,text,true,,463,10422,1,1,http://localhost:3002/fir,7,0,0
1675771308609,8,FIr Creation Request,201,Created,Firs Test single user 1-1,text,true,,463,10422,1,1,http://localhost:3002/fir,8,0,0
1675771308618,6,FIr Creation Request,201,Created,Firs Test single user 1-1,text,true,,463,10422,1,1,http://localhost:3002/fir,6,0,0
1675771308626,8,FIr Creation Request,201,Created,Firs Test single user 1-1,text,true,,463,10422,1,1,http://localhost:3002/fir,8,0,0
1675771308635,6,FIr Creation Request,201,Created,Firs Test single user 1-1,text,true,,463,10422,1,1,http://localhost:3002/fir,6,0,0
1675771308642,7,FIr Creation Request,201,Created,Firs Test single user 1-1,text,true,,463,10422,1,1,http://localhost:3002/fir,7,0,1
1675771308650,8,FIr Creation Request,201,Created,Firs Test single user 1-1,text,true,,463,10422,1,1,http://localhost:3002/fir,8,0,1
1675771308660,6,FIr Creation Request,201,Created,Firs Test single user 1-1,text,true,,463,10422,1,1,http://localhost:3002/fir,6,0,0
1675771308667,8,FIr Creation Request,201,Created,Firs Test single user 1-1,text,true,,463,10422,1,1,http://localhost:3002/fir,8,0,0
1675771308676,7,FIr Creation Request,201,Created,Firs Test single user 1-1,text,true,,463,10422,1,1,http://localhost:3002/fir,7,0,1
1675771308684,8,FIr Creation Request,201,Created,Firs Test single user 1-1,text,true,,463,10422,1,1,http://localhost:3002/fir,8,0,0
1675771308693,7,FIr Creation Request,201,Created,Firs Test single user 1-1,text,true,,463,10422,1,1,http://localhost:3002/fir,7,0,0
1675771308701,7,FIr Creation Request,201,Created,Firs Test single user 1-1,text,true,,463,10422,1,1,http://localhost:3002/fir,7,0,1
1675771308709,7,FIr Creation Request,201,Created,Firs Test single user 1-1,text,true,,463,10422,1,1,http://localhost:3002/fir,7,0,1
1675771308717,10,FIr Creation Request,201,Created,Firs Test single user 1-1,text,true,,463,10422,1,1,http://localhost:3002/fir,10,0,0
1675771308729,6,FIr Creation Request,201,Created,Firs Test single user 1-1,text,true,,463,10422,1,1,http://localhost:3002/fir,6,0,0
1675771308736,6,FIr Creation Request,201,Created,Firs Test single user 1-1,text,true,,463,10422,1,1,http://localhost:3002/fir,6,0,0
1675771308744,5,FIr Creation Request,201,Created,Firs Test single user 1-1,text,true,,463,10422,1,1,http://localhost:3002/fir,5,0,0
1675771308751,7,FIr Creation Request,201,Created,Firs Test single user 1-1,text,true,,463,10422,1,1,http://localhost:3002/fir,7,0,0
1675771308760,6,FIr Creation Request,201,Created,Firs Test single user 1-1,text,true,,463,10422,1,1,http://localhost:3002/fir,6,0,0
1675771308767,8,FIr Creation Request,201,Created,Firs Test single user 1-1,text,true,,463,10422,1,1,http://localhost:3002/fir,8,0,1
1675771308776,7,FIr Creation Request,201,Created,Firs Test single user 1-1,text,true,,463,10422,1,1,http://localhost:3002/fir,7,0,0
1675771308784,45,FIr Creation Request,201,Created,Firs Test single user 1-1,text,true,,463,10422,1,1,http://localhost:3002/fir,45,0,1
1675771308830,10,FIr Creation Request,201,Created,Firs Test single user 1-1,text,true,,463,10422,1,1,http://localhost:3002/fir,10,0,1
1675771308841,10,FIr Creation Request,201,Created,Firs Test single user 1-1,text,true,,463,10422,1,1,http://localhost:3002/fir,10,0,0
1675771308852,6,FIr Creation Request,201,Created,Firs Test single user 1-1,text,true,,463,10422,1,1,http://localhost:3002/fir,6,0,0
1675771308859,8,FIr Creation Request,201,Created,Firs Test single user 1-1,text,true,,463,10422,1,1,http://localhost:3002/fir,8,0,1
1675771308868,7,FIr Creation Request,201,Created,Firs Test single user 1-1,text,true,,463,10422,1,1,http://localhost:3002/fir,7,0,0
1675771308876,7,FIr Creation Request,201,Created,Firs Test single user 1-1,text,true,,463,10422,1,1,http://localhost:3002/fir,7,0,0
1675771308884,7,FIr Creation Request,201,Created,Firs Test single user 1-1,text,true,,463,10422,1,1,http://localhost:3002/fir,7,0,0
1675771308892,9,FIr Creation Request,201,Created,Firs Test single user 1-1,text,true,,463,10422,1,1,http://localhost:3002/fir,9,0,0
1675771308903,5,FIr Creation Request,201,Created,Firs Test single user 1-1,text,true,,463,10422,1,1,http://localhost:3002/fir,5,0,0
1675771308910,6,FIr Creation Request,201,Created,Firs Test single user 1-1,text,true,,463,10422,1,1,http://localhost:3002/fir,6,0,0
1675771308918,7,FIr Creation Request,201,Created,Firs Test single user 1-1,text,true,,463,10422,1,1,http://localhost:3002/fir,7,0,0
1675771308926,7,FIr Creation Request,201,Created,Firs Test single user 1-1,text,true,,463,10422,1,1,http://localhost:3002/fir,7,0,1
1675771308934,6,FIr Creation Request,201,Created,Firs Test single user 1-1,text,true,,463,10422,1,1,http://localhost:3002/fir,6,0,0
1675771308941,5,FIr Creation Request,201,Created,Firs Test single user 1-1,text,true,,463,10422,1,1,http://localhost:3002/fir,5,0,0
1675771308948,6,FIr Creation Request,201,Created,Firs Test single user 1-1,text,true,,463,10422,1,1,http://localhost:3002/fir,6,0,0
1675771308955,487,FIr Creation Request,201,Created,Firs Test single user 1-1,text,true,,463,10422,1,1,http://localhost:3002/fir,487,0,0
1675771309443,30,FIr Creation Request,201,Created,Firs Test single user 1-1,text,true,,463,10422,1,1,http://localhost:3002/fir,30,0,1
1675771309475,33,FIr Creation Request,201,Created,Firs Test single user 1-1,text,true,,463,10422,1,1,http://localhost:3002/fir,33,0,0
1675771309511,8,FIr Creation Request,201,Created,Firs Test single user 1-1,text,true,,463,10422,1,1,http://localhost:3002/fir,8,0,0
1675771309521,25,FIr Creation Request,201,Created,Firs Test single user 1-1,text,true,,463,10422,1,1,http://localhost:3002/fir,25,0,0
1675771309547,6,FIr Creation Request,201,Created,Firs Test single user 1-1,text,true,,463,10422,1,1,http://localhost:3002/fir,6,0,0
1675771309554,6,FIr Creation Request,201,Created,Firs Test single user 1-1,text,true,,463,10422,1,1,http://localhost:3002/fir,6,0,0
1675771309562,10,FIr Creation Request,201,Created,Firs Test single user 1-1,text,true,,463,10422,1,1,http://localhost:3002/fir,10,0,0
1675771309573,7,FIr Creation Request,201,Created,Firs Test single user 1-1,text,true,,463,10422,1,1,http://localhost:3002/fir,7,0,0
1675771309581,9,FIr Creation Request,201,Created,Firs Test single user 1-1,text,true,,463,10422,1,1,http://localhost:3002/fir,9,0,0
1675771309592,7,FIr Creation Request,201,Created,Firs Test single user 1-1,text,true,,463,10422,1,1,http://localhost:3002/fir,7,0,0
1675771309600,6,FIr Creation Request,201,Created,Firs Test single user 1-1,text,true,,463,10422,1,1,http://localhost:3002/fir,6,0,0
1675771309608,9,FIr Creation Request,201,Created,Firs Test single user 1-1,text,true,,463,10422,1,1,http://localhost:3002/fir,9,0,0
1675771309618,9,FIr Creation Request,201,Created,Firs Test single user 1-1,text,true,,463,10422,1,1,http://localhost:3002/fir,9,0,0
1675771309629,6,FIr Creation Request,201,Created,Firs Test single user 1-1,text,true,,463,10422,1,1,http://localhost:3002/fir,6,0,0
1675771309636,6,FIr Creation Request,201,Created,Firs Test single user 1-1,text,true,,463,10422,1,1,http://localhost:3002/fir,6,0,1
1675771309643,7,FIr Creation Request,201,Created,Firs Test single user 1-1,text,true,,463,10422,1,1,http://localhost:3002/fir,7,0,1
1675771309651,6,FIr Creation Request,201,Created,Firs Test single user 1-1,text,true,,463,10422,1,1,http://localhost:3002/fir,6,0,0
1675771309658,6,FIr Creation Request,201,Created,Firs Test single user 1-1,text,true,,463,10422,1,1,http://localhost:3002/fir,6,0,1
1675771309665,7,FIr Creation Request,201,Created,Firs Test single user 1-1,text,true,,463,10422,1,1,http://localhost:3002/fir,7,0,1
1675771309674,7,FIr Creation Request,201,Created,Firs Test single user 1-1,text,true,,463,10422,1,1,http://localhost:3002/fir,7,0,0
1675771309682,12,FIr Creation Request,201,Created,Firs Test single user 1-1,text,true,,463,10422,1,1,http://localhost:3002/fir,12,0,1
1675771309695,8,FIr Creation Request,201,Created,Firs Test single user 1-1,text,true,,463,10422,1,1,http://localhost:3002/fir,8,0,0
1675771309704,11,FIr Creation Request,201,Created,Firs Test single user 1-1,text,true,,463,10422,1,1,http://localhost:3002/fir,11,0,1
1675771309716,7,FIr Creation Request,201,Created,Firs Test single user 1-1,text,true,,463,10422,1,1,http://localhost:3002/fir,7,0,0
1675771309725,12,FIr Creation Request,201,Created,Firs Test single user 1-1,text,true,,463,10422,1,1,http://localhost:3002/fir,12,0,0
1675771309739,8,FIr Creation Request,201,Created,Firs Test single user 1-1,text,true,,463,10422,1,1,http://localhost:3002/fir,8,0,0
1675771309750,11,FIr Creation Request,201,Created,Firs Test single user 1-1,text,true,,463,10422,1,1,http://localhost:3002/fir,11,0,0
1675771309762,13,FIr Creation Request,201,Created,Firs Test single user 1-1,text,true,,463,10422,1,1,http://localhost:3002/fir,13,0,0
1675771309777,7,FIr Creation Request,201,Created,Firs Test single user 1-1,text,true,,463,10422,1,1,http://localhost:3002/fir,7,0,0
1675771309785,7,FIr Creation Request,201,Created,Firs Test single user 1-1,text,true,,463,10422,1,1,http://localhost:3002/fir,7,0,0
1675771309794,7,FIr Creation Request,201,Created,Firs Test single user 1-1,text,true,,463,10422,1,1,http://localhost:3002/fir,7,0,0
1675771309802,8,FIr Creation Request,201,Created,Firs Test single user 1-1,text,true,,463,10422,1,1,http://localhost:3002/fir,8,0,1
1675771309811,6,FIr Creation Request,201,Created,Firs Test single user 1-1,text,true,,463,10422,1,1,http://localhost:3002/fir,6,0,0
1675771309819,7,FIr Creation Request,201,Created,Firs Test single user 1-1,text,true,,463,10422,1,1,http://localhost:3002/fir,7,0,0
1675771309828,11,FIr Creation Request,201,Created,Firs Test single user 1-1,text,true,,463,10422,1,1,http://localhost:3002/fir,11,0,0
1675771309841,6,FIr Creation Request,201,Created,Firs Test single user 1-1,text,true,,463,10422,1,1,http://localhost:3002/fir,6,0,0
1675771309849,7,FIr Creation Request,201,Created,Firs Test single user 1-1,text,true,,463,10422,1,1,http://localhost:3002/fir,7,0,0
1675771309857,7,FIr Creation Request,201,Created,Firs Test single user 1-1,text,true,,463,10422,1,1,http://localhost:3002/fir,7,0,1
1675771309866,6,FIr Creation Request,201,Created,Firs Test single user 1-1,text,true,,463,10422,1,1,http://localhost:3002/fir,6,0,0
1675771309874,7,FIr Creation Request,201,Created,Firs Test single user 1-1,text,true,,463,10422,1,1,http://localhost:3002/fir,7,0,0
1675771309882,7,FIr Creation Request,201,Created,Firs Test single user 1-1,text,true,,463,10422,1,1,http://localhost:3002/fir,7,0,0
1675771309891,7,FIr Creation Request,201,Created,Firs Test single user 1-1,text,true,,463,10422,1,1,http://localhost:3002/fir,7,0,0
1675771309899,7,FIr Creation Request,201,Created,Firs Test single user 1-1,text,true,,463,10422,1,1,http://localhost:3002/fir,7,0,0
1675771309907,9,FIr Creation Request,201,Created,Firs Test single user 1-1,text,true,,463,10422,1,1,http://localhost:3002/fir,9,0,0
1675771309918,6,FIr Creation Request,201,Created,Firs Test single user 1-1,text,true,,463,10422,1,1,http://localhost:3002/fir,6,0,0
1675771309925,6,FIr Creation Request,201,Created,Firs Test single user 1-1,text,true,,463,10422,1,1,http://localhost:3002/fir,6,0,0
1675771309933,6,FIr Creation Request,201,Created,Firs Test single user 1-1,text,true,,463,10422,1,1,http://localhost:3002/fir,6,0,0
1675771309940,11,FIr Creation Request,201,Created,Firs Test single user 1-1,text,true,,463,10422,1,1,http://localhost:3002/fir,11,0,0
1675771309953,7,FIr Creation Request,201,Created,Firs Test single user 1-1,text,true,,463,10422,1,1,http://localhost:3002/fir,7,0,0
1675771309961,7,FIr Creation Request,201,Created,Firs Test single user 1-1,text,true,,463,10422,1,1,http://localhost:3002/fir,7,0,0
1675771309969,7,FIr Creation Request,201,Created,Firs Test single user 1-1,text,true,,463,10422,1,1,http://localhost:3002/fir,7,0,1
1675771309977,7,FIr Creation Request,201,Created,Firs Test single user 1-1,text,true,,463,10422,1,1,http://localhost:3002/fir,7,0,1
1675771309986,12,FIr Creation Request,201,Created,Firs Test single user 1-1,text,true,,463,10422,1,1,http://localhost:3002/fir,12,0,0
1675771309999,7,FIr Creation Request,201,Created,Firs Test single user 1-1,text,true,,463,10422,1,1,http://localhost:3002/fir,7,0,0
1675771310007,7,FIr Creation Request,201,Created,Firs Test single user 1-1,text,true,,463,10422,1,1,http://localhost:3002/fir,7,0,1
1675771310016,7,FIr Creation Request,201,Created,Firs Test single user 1-1,text,true,,463,10422,1,1,http://localhost:3002/fir,7,0,0
1675771310024,7,FIr Creation Request,201,Created,Firs Test single user 1-1,text,true,,463,10422,1,1,http://localhost:3002/fir,7,0,1
1675771310032,8,FIr Creation Request,201,Created,Firs Test single user 1-1,text,true,,463,10422,1,1,http://localhost:3002/fir,8,0,1
1675771310041,7,FIr Creation Request,201,Created,Firs Test single user 1-1,text,true,,463,10422,1,1,http://localhost:3002/fir,7,0,1
1675771310049,7,FIr Creation Request,201,Created,Firs Test single user 1-1,text,true,,463,10422,1,1,http://localhost:3002/fir,7,0,0
1675771310057,7,FIr Creation Request,201,Created,Firs Test single user 1-1,text,true,,463,10422,1,1,http://localhost:3002/fir,7,0,1
1675771310065,12,FIr Creation Request,201,Created,Firs Test single user 1-1,text,true,,463,10422,1,1,http://localhost:3002/fir,12,0,1
1675771310078,7,FIr Creation Request,201,Created,Firs Test single user 1-1,text,true,,463,10422,1,1,http://localhost:3002/fir,7,0,1
1675771310086,7,FIr Creation Request,201,Created,Firs Test single user 1-1,text,true,,463,10422,1,1,http://localhost:3002/fir,7,0,0
1675771310095,8,FIr Creation Request,201,Created,Firs Test single user 1-1,text,true,,463,10422,1,1,http://localhost:3002/fir,8,0,0
1675771310104,7,FIr Creation Request,201,Created,Firs Test single user 1-1,text,true,,463,10422,1,1,http://localhost:3002/fir,7,0,1
1675771310112,6,FIr Creation Request,201,Created,Firs Test single user 1-1,text,true,,463,10422,1,1,http://localhost:3002/fir,6,0,0
1675771310119,8,FIr Creation Request,201,Created,Firs Test single user 1-1,text,true,,463,10422,1,1,http://localhost:3002/fir,8,0,1
1675771310129,7,FIr Creation Request,201,Created,Firs Test single user 1-1,text,true,,463,10422,1,1,http://localhost:3002/fir,7,0,0
1675771310138,6,FIr Creation Request,201,Created,Firs Test single user 1-1,text,true,,463,10422,1,1,http://localhost:3002/fir,6,0,0
1675771310145,7,FIr Creation Request,201,Created,Firs Test single user 1-1,text,true,,463,10422,1,1,http://localhost:3002/fir,7,0,0
1675771310153,7,FIr Creation Request,201,Created,Firs Test single user 1-1,text,true,,463,10422,1,1,http://localhost:3002/fir,7,0,0
1675771310161,8,FIr Creation Request,201,Created,Firs Test single user 1-1,text,true,,463,10422,1,1,http://localhost:3002/fir,8,0,0
1675771310170,10,FIr Creation Request,201,Created,Firs Test single user 1-1,text,true,,463,10422,1,1,http://localhost:3002/fir,10,0,0
1675771310182,6,FIr Creation Request,201,Created,Firs Test single user 1-1,text,true,,463,10422,1,1,http://localhost:3002/fir,6,0,0
1675771310189,10,FIr Creation Request,201,Created,Firs Test single user 1-1,text,true,,463,10422,1,1,http://localhost:3002/fir,10,0,1
1675771310200,6,FIr Creation Request,201,Created,Firs Test single user 1-1,text,true,,463,10422,1,1,http://localhost:3002/fir,6,0,0
1675771310208,10,FIr Creation Request,201,Created,Firs Test single user 1-1,text,true,,463,10422,1,1,http://localhost:3002/fir,10,0,0
1675771310219,8,FIr Creation Request,201,Created,Firs Test single user 1-1,text,true,,463,10422,1,1,http://localhost:3002/fir,8,0,0
1675771310228,7,FIr Creation Request,201,Created,Firs Test single user 1-1,text,true,,463,10422,1,1,http://localhost:3002/fir,7,0,0
1675771310236,7,FIr Creation Request,201,Created,Firs Test single user 1-1,text,true,,463,10422,1,1,http://localhost:3002/fir,7,0,1
1675771310244,10,FIr Creation Request,201,Created,Firs Test single user 1-1,text,true,,463,10422,1,1,http://localhost:3002/fir,10,0,1
1675771310255,7,FIr Creation Request,201,Created,Firs Test single user 1-1,text,true,,463,10422,1,1,http://localhost:3002/fir,7,0,1
1675771310263,6,FIr Creation Request,201,Created,Firs Test single user 1-1,text,true,,463,10422,1,1,http://localhost:3002/fir,6,0,0
1675771310270,12,FIr Creation Request,201,Created,Firs Test single user 1-1,text,true,,463,10422,1,1,http://localhost:3002/fir,12,0,0
1675771310283,10,FIr Creation Request,201,Created,Firs Test single user 1-1,text,true,,463,10422,1,1,http://localhost:3002/fir,10,0,0
1675771310295,11,FIr Creation Request,201,Created,Firs Test single user 1-1,text,true,,463,10422,1,1,http://localhost:3002/fir,11,0,0
1675771310308,11,FIr Creation Request,201,Created,Firs Test single user 1-1,text,true,,463,10422,1,1,http://localhost:3002/fir,11,0,0
1675771310320,16,FIr Creation Request,201,Created,Firs Test single user 1-1,text,true,,463,10422,1,1,http://localhost:3002/fir,16,0,1
1675771310337,6,FIr Creation Request,201,Created,Firs Test single user 1-1,text,true,,463,10422,1,1,http://localhost:3002/fir,6,0,1
1675771310345,7,FIr Creation Request,201,Created,Firs Test single user 1-1,text,true,,463,10422,1,1,http://localhost:3002/fir,7,0,0
1675771310353,13,FIr Creation Request,201,Created,Firs Test single user 1-1,text,true,,463,10422,1,1,http://localhost:3002/fir,13,0,0
1675771310367,6,FIr Creation Request,201,Created,Firs Test single user 1-1,text,true,,463,10422,1,1,http://localhost:3002/fir,6,0,0
1675771310375,16,FIr Creation Request,201,Created,Firs Test single user 1-1,text,true,,463,10422,1,1,http://localhost:3002/fir,16,0,0
1675771310392,5,FIr Creation Request,201,Created,Firs Test single user 1-1,text,true,,463,10422,1,1,http://localhost:3002/fir,5,0,0
1675771310400,7,FIr Creation Request,201,Created,Firs Test single user 1-1,text,true,,463,10422,1,1,http://localhost:3002/fir,7,0,1
1675771310408,5,FIr Creation Request,201,Created,Firs Test single user 1-1,text,true,,463,10422,1,1,http://localhost:3002/fir,5,0,0
1675771310414,5,FIr Creation Request,201,Created,Firs Test single user 1-1,text,true,,463,10422,1,1,http://localhost:3002/fir,5,0,1
1675771310420,5,FIr Creation Request,201,Created,Firs Test single user 1-1,text,true,,463,10422,1,1,http://localhost:3002/fir,5,0,0
1675771310426,5,FIr Creation Request,201,Created,Firs Test single user 1-1,text,true,,463,10422,1,1,http://localhost:3002/fir,5,0,0
1675771310433,4,FIr Creation Request,201,Created,Firs Test single user 1-1,text,true,,463,10422,1,1,http://localhost:3002/fir,4,0,0
1675771310438,5,FIr Creation Request,201,Created,Firs Test single user 1-1,text,true,,463,10422,1,1,http://localhost:3002/fir,5,0,1
1675771310444,4,FIr Creation Request,201,Created,Firs Test single user 1-1,text,true,,463,10422,1,1,http://localhost:3002/fir,4,0,0
1675771310449,5,FIr Creation Request,201,Created,Firs Test single user 1-1,text,true,,463,10422,1,1,http://localhost:3002/fir,5,0,1
1675771310455,4,FIr Creation Request,201,Created,Firs Test single user 1-1,text,true,,463,10422,1,1,http://localhost:3002/fir,4,0,0
1675771310460,5,FIr Creation Request,201,Created,Firs Test single user 1-1,text,true,,463,10422,1,1,http://localhost:3002/fir,5,0,1
1675771310466,4,FIr Creation Request,201,Created,Firs Test single user 1-1,text,true,,463,10422,1,1,http://localhost:3002/fir,4,0,0
1675771310471,5,FIr Creation Request,201,Created,Firs Test single user 1-1,text,true,,463,10422,1,1,http://localhost:3002/fir,5,0,1
1675771310477,5,FIr Creation Request,201,Created,Firs Test single user 1-1,text,true,,463,10422,1,1,http://localhost:3002/fir,5,0,0
1675771310483,4,FIr Creation Request,201,Created,Firs Test single user 1-1,text,true,,463,10422,1,1,http://localhost:3002/fir,4,0,0
1675771310489,4,FIr Creation Request,201,Created,Firs Test single user 1-1,text,true,,463,10422,1,1,http://localhost:3002/fir,4,0,0
1675771310494,4,FIr Creation Request,201,Created,Firs Test single user 1-1,text,true,,463,10422,1,1,http://localhost:3002/fir,4,0,0
1675771310499,5,FIr Creation Request,201,Created,Firs Test single user 1-1,text,true,,463,10422,1,1,http://localhost:3002/fir,5,0,1
1675771310505,4,FIr Creation Request,201,Created,Firs Test single user 1-1,text,true,,463,10422,1,1,http://localhost:3002/fir,4,0,0
1675771310510,4,FIr Creation Request,201,Created,Firs Test single user 1-1,text,true,,463,10422,1,1,http://localhost:3002/fir,4,0,1
1675771310516,4,FIr Creation Request,201,Created,Firs Test single user 1-1,text,true,,463,10422,1,1,http://localhost:3002/fir,4,0,0
1675771310522,4,FIr Creation Request,201,Created,Firs Test single user 1-1,text,true,,463,10422,1,1,http://localhost:3002/fir,4,0,0
1675771310527,6,FIr Creation Request,201,Created,Firs Test single user 1-1,text,true,,463,10422,1,1,http://localhost:3002/fir,6,0,0
1675771310535,6,FIr Creation Request,201,Created,Firs Test single user 1-1,text,true,,463,10422,1,1,http://localhost:3002/fir,6,0,0
1675771310542,6,FIr Creation Request,201,Created,Firs Test single user 1-1,text,true,,463,10422,1,1,http://localhost:3002/fir,6,0,0
1675771310549,5,FIr Creation Request,201,Created,Firs Test single user 1-1,text,true,,463,10422,1,1,http://localhost:3002/fir,5,0,1
1675771310555,5,FIr Creation Request,201,Created,Firs Test single user 1-1,text,true,,463,10422,1,1,http://localhost:3002/fir,5,0,1
1675771310561,4,FIr Creation Request,201,Created,Firs Test single user 1-1,text,true,,463,10422,1,1,http://localhost:3002/fir,4,0,0
1675771310567,4,FIr Creation Request,201,Created,Firs Test single user 1-1,text,true,,463,10422,1,1,http://localhost:3002/fir,4,0,0
1675771310573,5,FIr Creation Request,201,Created,Firs Test single user 1-1,text,true,,463,10422,1,1,http://localhost:3002/fir,5,0,0
1675771310579,4,FIr Creation Request,201,Created,Firs Test single user 1-1,text,true,,463,10422,1,1,http://localhost:3002/fir,4,0,0
1675771310585,5,FIr Creation Request,201,Created,Firs Test single user 1-1,text,true,,463,10422,1,1,http://localhost:3002/fir,5,0,0
1675771310591,4,FIr Creation Request,201,Created,Firs Test single user 1-1,text,true,,463,10422,1,1,http://localhost:3002/fir,4,0,0
1675771310597,5,FIr Creation Request,201,Created,Firs Test single user 1-1,text,true,,463,10422,1,1,http://localhost:3002/fir,5,0,0
1675771310603,28,FIr Creation Request,201,Created,Firs Test single user 1-1,text,true,,463,10422,1,1,http://localhost:3002/fir,28,0,1
1675771310632,4,FIr Creation Request,201,Created,Firs Test single user 1-1,text,true,,463,10422,1,1,http://localhost:3002/fir,4,0,1
1675771310638,4,FIr Creation Request,201,Created,Firs Test single user 1-1,text,true,,463,10422,1,1,http://localhost:3002/fir,4,0,0
1675771310643,4,FIr Creation Request,201,Created,Firs Test single user 1-1,text,true,,463,10422,1,1,http://localhost:3002/fir,4,0,0
1675771310648,4,FIr Creation Request,201,Created,Firs Test single user 1-1,text,true,,463,10422,1,1,http://localhost:3002/fir,4,0,0
1675771310653,4,FIr Creation Request,201,Created,Firs Test single user 1-1,text,true,,463,10422,1,1,http://localhost:3002/fir,4,0,0
1675771310658,4,FIr Creation Request,201,Created,Firs Test single user 1-1,text,true,,463,10422,1,1,http://localhost:3002/fir,4,0,0
1675771310663,4,FIr Creation Request,201,Created,Firs Test single user 1-1,text,true,,463,10422,1,1,http://localhost:3002/fir,4,0,0
1675771310668,5,FIr Creation Request,201,Created,Firs Test single user 1-1,text,true,,463,10422,1,1,http://localhost:3002/fir,5,0,0
1675771310675,3,FIr Creation Request,201,Created,Firs Test single user 1-1,text,true,,463,10422,1,1,http://localhost:3002/fir,3,0,0
1675771310680,4,FIr Creation Request,201,Created,Firs Test single user 1-1,text,true,,463,10422,1,1,http://localhost:3002/fir,4,0,0
1675771310685,5,FIr Creation Request,201,Created,Firs Test single user 1-1,text,true,,463,10422,1,1,http://localhost:3002/fir,5,0,0
1675771310692,3,FIr Creation Request,201,Created,Firs Test single user 1-1,text,true,,463,10422,1,1,http://localhost:3002/fir,3,0,0
1675771310697,3,FIr Creation Request,201,Created,Firs Test single user 1-1,text,true,,463,10422,1,1,http://localhost:3002/fir,3,0,0
1675771310702,5,FIr Creation Request,201,Created,Firs Test single user 1-1,text,true,,463,10422,1,1,http://localhost:3002/fir,5,0,0
1675771310709,9,FIr Creation Request,201,Created,Firs Test single user 1-1,text,true,,463,10422,1,1,http://localhost:3002/fir,9,0,0
1675771310719,8,FIr Creation Request,201,Created,Firs Test single user 1-1,text,true,,463,10422,1,1,http://localhost:3002/fir,8,0,0
1675771310729,6,FIr Creation Request,201,Created,Firs Test single user 1-1,text,true,,463,10422,1,1,http://localhost:3002/fir,6,0,0
1675771310736,12,FIr Creation Request,201,Created,Firs Test single user 1-1,text,true,,463,10422,1,1,http://localhost:3002/fir,12,0,0
1675771310750,7,FIr Creation Request,201,Created,Firs Test single user 1-1,text,true,,463,10422,1,1,http://localhost:3002/fir,7,0,0
1675771310758,7,FIr Creation Request,201,Created,Firs Test single user 1-1,text,true,,463,10422,1,1,http://localhost:3002/fir,7,0,0
1675771310766,8,FIr Creation Request,201,Created,Firs Test single user 1-1,text,true,,463,10422,1,1,http://localhost:3002/fir,8,0,1
1675771310775,10,FIr Creation Request,201,Created,Firs Test single user 1-1,text,true,,463,10422,1,1,http://localhost:3002/fir,10,0,0
1675771310787,6,FIr Creation Request,201,Created,Firs Test single user 1-1,text,true,,463,10422,1,1,http://localhost:3002/fir,6,0,0
1675771310795,7,FIr Creation Request,201,Created,Firs Test single user 1-1,text,true,,463,10422,1,1,http://localhost:3002/fir,7,0,0
1675771310803,7,FIr Creation Request,201,Created,Firs Test single user 1-1,text,true,,463,10422,1,1,http://localhost:3002/fir,7,0,0
1675771310811,8,FIr Creation Request,201,Created,Firs Test single user 1-1,text,true,,463,10422,1,1,http://localhost:3002/fir,8,0,1
1675771310820,8,FIr Creation Request,201,Created,Firs Test single user 1-1,text,true,,463,10422,1,1,http://localhost:3002/fir,8,0,0
1675771310829,244,FIr Creation Request,201,Created,Firs Test single user 1-1,text,true,,463,10422,1,1,http://localhost:3002/fir,244,0,0
1675771311079,9,FIr Creation Request,201,Created,Firs Test single user 1-1,text,true,,463,10422,1,1,http://localhost:3002/fir,9,0,1
1675771311089,8,FIr Creation Request,201,Created,Firs Test single user 1-1,text,true,,463,10422,1,1,http://localhost:3002/fir,8,0,0
1675771311099,7,FIr Creation Request,201,Created,Firs Test single user 1-1,text,true,,463,10422,1,1,http://localhost:3002/fir,7,0,0
1675771311107,9,FIr Creation Request,201,Created,Firs Test single user 1-1,text,true,,463,10422,1,1,http://localhost:3002/fir,9,0,1
1675771311117,7,FIr Creation Request,201,Created,Firs Test single user 1-1,text,true,,463,10422,1,1,http://localhost:3002/fir,7,0,1
1675771311125,8,FIr Creation Request,201,Created,Firs Test single user 1-1,text,true,,463,10422,1,1,http://localhost:3002/fir,8,0,0
1675771311134,6,FIr Creation Request,201,Created,Firs Test single user 1-1,text,true,,463,10422,1,1,http://localhost:3002/fir,6,0,0
1675771311141,8,FIr Creation Request,201,Created,Firs Test single user 1-1,text,true,,463,10422,1,1,http://localhost:3002/fir,8,0,0
1675771311150,9,FIr Creation Request,201,Created,Firs Test single user 1-1,text,true,,463,10422,1,1,http://localhost:3002/fir,9,0,0
1675771311160,7,FIr Creation Request,201,Created,Firs Test single user 1-1,text,true,,463,10422,1,1,http://localhost:3002/fir,7,0,0
1675771311168,7,FIr Creation Request,201,Created,Firs Test single user 1-1,text,true,,463,10422,1,1,http://localhost:3002/fir,7,0,0
1675771311176,7,FIr Creation Request,201,Created,Firs Test single user 1-1,text,true,,463,10422,1,1,http://localhost:3002/fir,7,0,0
1675771311184,399,FIr Creation Request,201,Created,Firs Test single user 1-1,text,true,,463,10422,1,1,http://localhost:3002/fir,399,0,1
1675771311585,38,FIr Creation Request,201,Created,Firs Test single user 1-1,text,true,,463,10422,1,1,http://localhost:3002/fir,38,0,0
1675771311625,10,FIr Creation Request,201,Created,Firs Test single user 1-1,text,true,,463,10422,1,1,http://localhost:3002/fir,10,0,0
1675771311636,26,FIr Creation Request,201,Created,Firs Test single user 1-1,text,true,,463,10422,1,1,http://localhost:3002/fir,26,0,0
1675771311663,9,FIr Creation Request,201,Created,Firs Test single user 1-1,text,true,,463,10422,1,1,http://localhost:3002/fir,9,0,0
1675771311673,6,FIr Creation Request,201,Created,Firs Test single user 1-1,text,true,,463,10422,1,1,http://localhost:3002/fir,6,0,0
1675771311681,27,FIr Creation Request,201,Created,Firs Test single user 1-1,text,true,,463,10422,1,1,http://localhost:3002/fir,27,0,0
1675771311710,6,FIr Creation Request,201,Created,Firs Test single user 1-1,text,true,,463,10422,1,1,http://localhost:3002/fir,6,0,0
1675771311718,9,FIr Creation Request,201,Created,Firs Test single user 1-1,text,true,,463,10422,1,1,http://localhost:3002/fir,9,0,0
1675771311728,7,FIr Creation Request,201,Created,Firs Test single user 1-1,text,true,,463,10422,1,1,http://localhost:3002/fir,7,0,0
1675771311736,7,FIr Creation Request,201,Created,Firs Test single user 1-1,text,true,,463,10422,1,1,http://localhost:3002/fir,7,0,1
1675771311744,6,FIr Creation Request,201,Created,Firs Test single user 1-1,text,true,,463,10422,1,1,http://localhost:3002/fir,6,0,1
1675771311751,7,FIr Creation Request,201,Created,Firs Test single user 1-1,text,true,,463,10422,1,1,http://localhost:3002/fir,7,0,1
1675771311759,6,FIr Creation Request,201,Created,Firs Test single user 1-1,text,true,,463,10422,1,1,http://localhost:3002/fir,6,0,0
1675771311766,6,FIr Creation Request,201,Created,Firs Test single user 1-1,text,true,,463,10422,1,1,http://localhost:3002/fir,6,0,1
1675771311774,10,FIr Creation Request,201,Created,Firs Test single user 1-1,text,true,,463,10422,1,1,http://localhost:3002/fir,10,0,0
1675771311786,9,FIr Creation Request,201,Created,Firs Test single user 1-1,text,true,,463,10422,1,1,http://localhost:3002/fir,9,0,0
1675771311796,6,FIr Creation Request,201,Created,Firs Test single user 1-1,text,true,,463,10422,1,1,http://localhost:3002/fir,6,0,0
1675771311804,7,FIr Creation Request,201,Created,Firs Test single user 1-1,text,true,,463,10422,1,1,http://localhost:3002/fir,7,0,0
1675771311813,6,FIr Creation Request,201,Created,Firs Test single user 1-1,text,true,,463,10422,1,1,http://localhost:3002/fir,6,0,0
1675771311821,7,FIr Creation Request,201,Created,Firs Test single user 1-1,text,true,,463,10422,1,1,http://localhost:3002/fir,7,0,0
1675771311830,11,FIr Creation Request,201,Created,Firs Test single user 1-1,text,true,,463,10422,1,1,http://localhost:3002/fir,11,0,0
1675771311842,15,FIr Creation Request,201,Created,Firs Test single user 1-1,text,true,,463,10422,1,1,http://localhost:3002/fir,15,0,0
1675771311858,8,FIr Creation Request,201,Created,Firs Test single user 1-1,text,true,,463,10422,1,1,http://localhost:3002/fir,8,0,1
1675771311868,6,FIr Creation Request,201,Created,Firs Test single user 1-1,text,true,,463,10422,1,1,http://localhost:3002/fir,6,0,0
1675771311876,11,FIr Creation Request,201,Created,Firs Test single user 1-1,text,true,,463,10422,1,1,http://localhost:3002/fir,11,0,0
1675771311888,6,FIr Creation Request,201,Created,Firs Test single user 1-1,text,true,,463,10422,1,1,http://localhost:3002/fir,6,0,0
1675771311895,8,FIr Creation Request,201,Created,Firs Test single user 1-1,text,true,,463,10422,1,1,http://localhost:3002/fir,8,0,1
1675771311904,7,FIr Creation Request,201,Created,Firs Test single user 1-1,text,true,,463,10422,1,1,http://localhost:3002/fir,7,0,0
1675771311913,6,FIr Creation Request,201,Created,Firs Test single user 1-1,text,true,,463,10422,1,1,http://localhost:3002/fir,6,0,0
1675771311921,6,FIr Creation Request,201,Created,Firs Test single user 1-1,text,true,,463,10422,1,1,http://localhost:3002/fir,6,0,0
1675771311929,6,FIr Creation Request,201,Created,Firs Test single user 1-1,text,true,,463,10422,1,1,http://localhost:3002/fir,6,0,0
1675771311939,7,FIr Creation Request,201,Created,Firs Test single user 1-1,text,true,,463,10422,1,1,http://localhost:3002/fir,7,0,0
1675771311947,5,FIr Creation Request,201,Created,Firs Test single user 1-1,text,true,,463,10422,1,1,http://localhost:3002/fir,5,0,0
1675771311954,6,FIr Creation Request,201,Created,Firs Test single user 1-1,text,true,,463,10422,1,1,http://localhost:3002/fir,6,0,0
1675771311961,6,FIr Creation Request,201,Created,Firs Test single user 1-1,text,true,,463,10422,1,1,http://localhost:3002/fir,6,0,0
1675771311968,6,FIr Creation Request,201,Created,Firs Test single user 1-1,text,true,,463,10422,1,1,http://localhost:3002/fir,6,0,0
1675771311975,7,FIr Creation Request,201,Created,Firs Test single user 1-1,text,true,,463,10422,1,1,http://localhost:3002/fir,7,0,1
1675771311984,8,FIr Creation Request,201,Created,Firs Test single user 1-1,text,true,,463,10422,1,1,http://localhost:3002/fir,8,0,0
1675771311993,9,FIr Creation Request,201,Created,Firs Test single user 1-1,text,true,,463,10422,1,1,http://localhost:3002/fir,9,0,0
1675771312004,6,FIr Creation Request,201,Created,Firs Test single user 1-1,text,true,,463,10422,1,1,http://localhost:3002/fir,6,0,0
1675771312012,5,FIr Creation Request,201,Created,Firs Test single user 1-1,text,true,,463,10422,1,1,http://localhost:3002/fir,5,0,0
1675771312019,9,FIr Creation Request,201,Created,Firs Test single user 1-1,text,true,,463,10422,1,1,http://localhost:3002/fir,9,0,0
1675771312029,7,FIr Creation Request,201,Created,Firs Test single user 1-1,text,true,,463,10422,1,1,http://localhost:3002/fir,7,0,0
1675771312037,8,FIr Creation Request,201,Created,Firs Test single user 1-1,text,true,,463,10422,1,1,http://localhost:3002/fir,8,0,1
1675771312047,6,FIr Creation Request,201,Created,Firs Test single user 1-1,text,true,,463,10422,1,1,http://localhost:3002/fir,6,0,0
1675771312054,7,FIr Creation Request,201,Created,Firs Test single user 1-1,text,true,,463,10422,1,1,http://localhost:3002/fir,7,0,0
1675771312063,7,FIr Creation Request,201,Created,Firs Test single user 1-1,text,true,,463,10422,1,1,http://localhost:3002/fir,7,0,0
1675771312071,7,FIr Creation Request,201,Created,Firs Test single user 1-1,text,true,,463,10422,1,1,http://localhost:3002/fir,7,0,0
1675771312079,8,FIr Creation Request,201,Created,Firs Test single user 1-1,text,true,,463,10422,1,1,http://localhost:3002/fir,7,0,0
1675771312088,6,FIr Creation Request,201,Created,Firs Test single user 1-1,text,true,,463,10422,1,1,http://localhost:3002/fir,6,0,0
1675771312096,6,FIr Creation Request,201,Created,Firs Test single user 1-1,text,true,,463,10422,1,1,http://localhost:3002/fir,6,0,0
1675771312103,9,FIr Creation Request,201,Created,Firs Test single user 1-1,text,true,,463,10422,1,1,http://localhost:3002/fir,9,0,1
1675771312113,7,FIr Creation Request,201,Created,Firs Test single user 1-1,text,true,,463,10422,1,1,http://localhost:3002/fir,7,0,0
1675771312121,7,FIr Creation Request,201,Created,Firs Test single user 1-1,text,true,,463,10422,1,1,http://localhost:3002/fir,7,0,0
1675771312129,7,FIr Creation Request,201,Created,Firs Test single user 1-1,text,true,,463,10422,1,1,http://localhost:3002/fir,7,0,0
1675771312138,7,FIr Creation Request,201,Created,Firs Test single user 1-1,text,true,,463,10422,1,1,http://localhost:3002/fir,7,0,0
1675771312146,7,FIr Creation Request,201,Created,Firs Test single user 1-1,text,true,,463,10422,1,1,http://localhost:3002/fir,7,0,0
1675771312155,94,FIr Creation Request,201,Created,Firs Test single user 1-1,text,true,,463,10422,1,1,http://localhost:3002/fir,94,0,0
1675771312254,15,FIr Creation Request,201,Created,Firs Test single user 1-1,text,true,,463,10422,1,1,http://localhost:3002/fir,15,0,0
1675771312270,7,FIr Creation Request,201,Created,Firs Test single user 1-1,text,true,,463,10422,1,1,http://localhost:3002/fir,7,0,0
1675771312278,6,FIr Creation Request,201,Created,Firs Test single user 1-1,text,true,,463,10422,1,1,http://localhost:3002/fir,6,0,0
1675771312286,6,FIr Creation Request,201,Created,Firs Test single user 1-1,text,true,,463,10422,1,1,http://localhost:3002/fir,6,0,0
1675771312297,10,FIr Creation Request,201,Created,Firs Test single user 1-1,text,true,,463,10422,1,1,http://localhost:3002/fir,10,0,0
1675771312308,7,FIr Creation Request,201,Created,Firs Test single user 1-1,text,true,,463,10422,1,1,http://localhost:3002/fir,7,0,1
1675771312316,6,FIr Creation Request,201,Created,Firs Test single user 1-1,text,true,,463,10422,1,1,http://localhost:3002/fir,6,0,0
1675771312323,8,FIr Creation Request,201,Created,Firs Test single user 1-1,text,true,,463,10422,1,1,http://localhost:3002/fir,8,0,0
1675771312333,10,FIr Creation Request,201,Created,Firs Test single user 1-1,text,true,,463,10422,1,1,http://localhost:3002/fir,10,0,0
1675771312344,8,FIr Creation Request,201,Created,Firs Test single user 1-1,text,true,,463,10422,1,1,http://localhost:3002/fir,8,0,0
1675771312354,5,FIr Creation Request,201,Created,Firs Test single user 1-1,text,true,,463,10422,1,1,http://localhost:3002/fir,5,0,0
1675771312360,9,FIr Creation Request,201,Created,Firs Test single user 1-1,text,true,,463,10422,1,1,http://localhost:3002/fir,9,0,1
1675771312370,15,FIr Creation Request,201,Created,Firs Test single user 1-1,text,true,,463,10422,1,1,http://localhost:3002/fir,15,0,0
1675771312386,8,FIr Creation Request,201,Created,Firs Test single user 1-1,text,true,,463,10422,1,1,http://localhost:3002/fir,8,0,0
1675771312395,7,FIr Creation Request,201,Created,Firs Test single user 1-1,text,true,,463,10422,1,1,http://localhost:3002/fir,7,0,1
1675771312403,9,FIr Creation Request,201,Created,Firs Test single user 1-1,text,true,,463,10422,1,1,http://localhost:3002/fir,9,0,1
1675771312414,7,FIr Creation Request,201,Created,Firs Test single user 1-1,text,true,,463,10422,1,1,http://localhost:3002/fir,7,0,0
1675771312423,6,FIr Creation Request,201,Created,Firs Test single user 1-1,text,true,,463,10422,1,1,http://localhost:3002/fir,6,0,0
1675771312430,6,FIr Creation Request,201,Created,Firs Test single user 1-1,text,true,,463,10422,1,1,http://localhost:3002/fir,6,0,0
1675771312437,7,FIr Creation Request,201,Created,Firs Test single user 1-1,text,true,,463,10422,1,1,http://localhost:3002/fir,6,0,1
1675771312445,6,FIr Creation Request,201,Created,Firs Test single user 1-1,text,true,,463,10422,1,1,http://localhost:3002/fir,6,0,0
1675771312455,7,FIr Creation Request,201,Created,Firs Test single user 1-1,text,true,,463,10422,1,1,http://localhost:3002/fir,7,0,0
1675771312463,7,FIr Creation Request,201,Created,Firs Test single user 1-1,text,true,,463,10422,1,1,http://localhost:3002/fir,7,0,1
1675771312472,6,FIr Creation Request,201,Created,Firs Test single user 1-1,text,true,,463,10422,1,1,http://localhost:3002/fir,6,0,0
1675771312479,8,FIr Creation Request,201,Created,Firs Test single user 1-1,text,true,,463,10422,1,1,http://localhost:3002/fir,8,0,0
1675771312488,12,FIr Creation Request,201,Created,Firs Test single user 1-1,text,true,,463,10422,1,1,http://localhost:3002/fir,12,0,1
1675771312501,8,FIr Creation Request,201,Created,Firs Test single user 1-1,text,true,,463,10422,1,1,http://localhost:3002/fir,8,0,0
1675771312510,6,FIr Creation Request,201,Created,Firs Test single user 1-1,text,true,,463,10422,1,1,http://localhost:3002/fir,6,0,0
1675771312518,10,FIr Creation Request,201,Created,Firs Test single user 1-1,text,true,,463,10422,1,1,http://localhost:3002/fir,10,0,0
1675771312529,7,FIr Creation Request,201,Created,Firs Test single user 1-1,text,true,,463,10422,1,1,http://localhost:3002/fir,7,0,0
1675771312538,7,FIr Creation Request,201,Created,Firs Test single user 1-1,text,true,,463,10422,1,1,http://localhost:3002/fir,7,0,0
1675771312546,7,FIr Creation Request,201,Created,Firs Test single user 1-1,text,true,,463,10422,1,1,http://localhost:3002/fir,7,0,0
1675771312555,6,FIr Creation Request,201,Created,Firs Test single user 1-1,text,true,,463,10422,1,1,http://localhost:3002/fir,6,0,0
1675771312562,7,FIr Creation Request,201,Created,Firs Test single user 1-1,text,true,,463,10422,1,1,http://localhost:3002/fir,7,0,1
1675771312570,6,FIr Creation Request,201,Created,Firs Test single user 1-1,text,true,,463,10422,1,1,http://localhost:3002/fir,6,0,0
1675771312577,9,FIr Creation Request,201,Created,Firs Test single user 1-1,text,true,,463,10422,1,1,http://localhost:3002/fir,9,0,0
1675771312587,8,FIr Creation Request,201,Created,Firs Test single user 1-1,text,true,,463,10422,1,1,http://localhost:3002/fir,8,0,1
1675771312597,6,FIr Creation Request,201,Created,Firs Test single user 1-1,text,true,,463,10422,1,1,http://localhost:3002/fir,6,0,0
1675771312605,8,FIr Creation Request,201,Created,Firs Test single user 1-1,text,true,,463,10422,1,1,http://localhost:3002/fir,8,0,0
1675771312614,6,FIr Creation Request,201,Created,Firs Test single user 1-1,text,true,,463,10422,1,1,http://localhost:3002/fir,6,0,0
1675771312621,8,FIr Creation Request,201,Created,Firs Test single user 1-1,text,true,,463,10422,1,1,http://localhost:3002/fir,8,0,1
1675771312630,12,FIr Creation Request,201,Created,Firs Test single user 1-1,text,true,,463,10422,1,1,http://localhost:3002/fir,12,0,0
1675771312643,449,FIr Creation Request,201,Created,Firs Test single user 1-1,text,true,,463,10422,1,1,http://localhost:3002/fir,449,0,1
1675771313093,31,FIr Creation Request,201,Created,Firs Test single user 1-1,text,true,,463,10422,1,1,http://localhost:3002/fir,31,0,0
1675771313125,12,FIr Creation Request,201,Created,Firs Test single user 1-1,text,true,,463,10422,1,1,http://localhost:3002/fir,12,0,0
1675771313139,14,FIr Creation Request,201,Created,Firs Test single user 1-1,text,true,,463,10422,1,1,http://localhost:3002/fir,14,0,0
1675771313154,6,FIr Creation Request,201,Created,Firs Test single user 1-1,text,true,,463,10422,1,1,http://localhost:3002/fir,6,0,1
1675771313162,5,FIr Creation Request,201,Created,Firs Test single user 1-1,text,true,,463,10422,1,1,http://localhost:3002/fir,5,0,0
1675771313169,30,FIr Creation Request,201,Created,Firs Test single user 1-1,text,true,,463,10422,1,1,http://localhost:3002/fir,30,0,0
1675771313200,7,FIr Creation Request,201,Created,Firs Test single user 1-1,text,true,,463,10422,1,1,http://localhost:3002/fir,7,0,0
1675771313208,9,FIr Creation Request,201,Created,Firs Test single user 1-1,text,true,,463,10422,1,1,http://localhost:3002/fir,9,0,0
1675771313218,6,FIr Creation Request,201,Created,Firs Test single user 1-1,text,true,,463,10422,1,1,http://localhost:3002/fir,6,0,0
1675771313225,7,FIr Creation Request,201,Created,Firs Test single user 1-1,text,true,,463,10422,1,1,http://localhost:3002/fir,7,0,1
1675771313234,7,FIr Creation Request,201,Created,Firs Test single user 1-1,text,true,,463,10422,1,1,http://localhost:3002/fir,7,0,0
1675771313242,7,FIr Creation Request,201,Created,Firs Test single user 1-1,text,true,,463,10422,1,1,http://localhost:3002/fir,7,0,1
1675771313250,8,FIr Creation Request,201,Created,Firs Test single user 1-1,text,true,,463,10422,1,1,http://localhost:3002/fir,8,0,1
1675771313259,9,FIr Creation Request,201,Created,Firs Test single user 1-1,text,true,,463,10422,1,1,http://localhost:3002/fir,9,0,0
1675771313269,9,FIr Creation Request,201,Created,Firs Test single user 1-1,text,true,,463,10422,1,1,http://localhost:3002/fir,9,0,0
1675771313279,8,FIr Creation Request,201,Created,Firs Test single user 1-1,text,true,,463,10422,1,1,http://localhost:3002/fir,8,0,1
1675771313288,9,FIr Creation Request,201,Created,Firs Test single user 1-1,text,true,,463,10422,1,1,http://localhost:3002/fir,9,0,1
1675771313298,9,FIr Creation Request,201,Created,Firs Test single user 1-1,text,true,,463,10422,1,1,http://localhost:3002/fir,9,0,1
1675771313312,9,FIr Creation Request,201,Created,Firs Test single user 1-1,text,true,,463,10422,1,1,http://localhost:3002/fir,9,0,1
1675771313322,6,FIr Creation Request,201,Created,Firs Test single user 1-1,text,true,,463,10422,1,1,http://localhost:3002/fir,6,0,0
1675771313329,6,FIr Creation Request,201,Created,Firs Test single user 1-1,text,true,,463,10422,1,1,http://localhost:3002/fir,6,0,0
1675771313337,5,FIr Creation Request,201,Created,Firs Test single user 1-1,text,true,,463,10422,1,1,http://localhost:3002/fir,5,0,0
1675771313343,6,FIr Creation Request,201,Created,Firs Test single user 1-1,text,true,,463,10422,1,1,http://localhost:3002/fir,6,0,0
1675771313351,7,FIr Creation Request,201,Created,Firs Test single user 1-1,text,true,,463,10422,1,1,http://localhost:3002/fir,7,0,0
1675771313359,7,FIr Creation Request,201,Created,Firs Test single user 1-1,text,true,,463,10422,1,1,http://localhost:3002/fir,7,0,0
1675771313367,7,FIr Creation Request,201,Created,Firs Test single user 1-1,text,true,,463,10422,1,1,http://localhost:3002/fir,7,0,1
1675771313375,11,FIr Creation Request,201,Created,Firs Test single user 1-1,text,true,,463,10422,1,1,http://localhost:3002/fir,11,0,1
1675771313387,8,FIr Creation Request,201,Created,Firs Test single user 1-1,text,true,,463,10422,1,1,http://localhost:3002/fir,8,0,0
1675771313396,12,FIr Creation Request,201,Created,Firs Test single user 1-1,text,true,,463,10422,1,1,http://localhost:3002/fir,12,0,1
1675771313410,6,FIr Creation Request,201,Created,Firs Test single user 1-1,text,true,,463,10422,1,1,http://localhost:3002/fir,6,0,0
1675771313417,8,FIr Creation Request,201,Created,Firs Test single user 1-1,text,true,,463,10422,1,1,http://localhost:3002/fir,8,0,1
1675771313426,6,FIr Creation Request,201,Created,Firs Test single user 1-1,text,true,,463,10422,1,1,http://localhost:3002/fir,6,0,1
1675771313434,6,FIr Creation Request,201,Created,Firs Test single user 1-1,text,true,,463,10422,1,1,http://localhost:3002/fir,6,0,0
1675771313441,6,FIr Creation Request,201,Created,Firs Test single user 1-1,text,true,,463,10422,1,1,http://localhost:3002/fir,6,0,1
1675771313448,6,FIr Creation Request,201,Created,Firs Test single user 1-1,text,true,,463,10422,1,1,http://localhost:3002/fir,6,0,1
1675771313455,10,FIr Creation Request,201,Created,Firs Test single user 1-1,text,true,,463,10422,1,1,http://localhost:3002/fir,10,0,0
1675771313469,6,FIr Creation Request,201,Created,Firs Test single user 1-1,text,true,,463,10422,1,1,http://localhost:3002/fir,6,0,0
1675771313477,6,FIr Creation Request,201,Created,Firs Test single user 1-1,text,true,,463,10422,1,1,http://localhost:3002/fir,6,0,0
1675771313484,8,FIr Creation Request,201,Created,Firs Test single user 1-1,text,true,,463,10422,1,1,http://localhost:3002/fir,8,0,0
1675771313493,6,FIr Creation Request,201,Created,Firs Test single user 1-1,text,true,,463,10422,1,1,http://localhost:3002/fir,6,0,0
1675771313501,7,FIr Creation Request,201,Created,Firs Test single user 1-1,text,true,,463,10422,1,1,http://localhost:3002/fir,7,0,0
1675771313509,13,FIr Creation Request,201,Created,Firs Test single user 1-1,text,true,,463,10422,1,1,http://localhost:3002/fir,13,0,0
1675771313525,8,FIr Creation Request,201,Created,Firs Test single user 1-1,text,true,,463,10422,1,1,http://localhost:3002/fir,8,0,0
1675771313534,5,FIr Creation Request,201,Created,Firs Test single user 1-1,text,true,,463,10422,1,1,http://localhost:3002/fir,5,0,0
1675771313540,7,FIr Creation Request,201,Created,Firs Test single user 1-1,text,true,,463,10422,1,1,http://localhost:3002/fir,7,0,0
1675771313548,6,FIr Creation Request,201,Created,Firs Test single user 1-1,text,true,,463,10422,1,1,http://localhost:3002/fir,6,0,1
1675771313556,156,FIr Creation Request,201,Created,Firs Test single user 1-1,text,true,,463,10422,1,1,http://localhost:3002/fir,156,0,0
1675771313716,144,FIr Creation Request,201,Created,Firs Test single user 1-1,text,true,,463,10422,1,1,http://localhost:3002/fir,144,0,0
1675771313864,11,FIr Creation Request,201,Created,Firs Test single user 1-1,text,true,,463,10422,1,1,http://localhost:3002/fir,11,0,0
1675771313877,6,FIr Creation Request,201,Created,Firs Test single user 1-1,text,true,,463,10422,1,1,http://localhost:3002/fir,6,0,0
1675771313885,7,FIr Creation Request,201,Created,Firs Test single user 1-1,text,true,,463,10422,1,1,http://localhost:3002/fir,7,0,0
1675771313893,7,FIr Creation Request,201,Created,Firs Test single user 1-1,text,true,,463,10422,1,1,http://localhost:3002/fir,7,0,0
1675771313901,7,FIr Creation Request,201,Created,Firs Test single user 1-1,text,true,,463,10422,1,1,http://localhost:3002/fir,7,0,0
1675771313910,7,FIr Creation Request,201,Created,Firs Test single user 1-1,text,true,,463,10422,1,1,http://localhost:3002/fir,7,0,0
1675771313919,6,FIr Creation Request,201,Created,Firs Test single user 1-1,text,true,,463,10422,1,1,http://localhost:3002/fir,6,0,0
1675771313926,12,FIr Creation Request,201,Created,Firs Test single user 1-1,text,true,,463,10422,1,1,http://localhost:3002/fir,12,0,1
1675771313939,6,FIr Creation Request,201,Created,Firs Test single user 1-1,text,true,,463,10422,1,1,http://localhost:3002/fir,6,0,0
1675771313947,6,FIr Creation Request,201,Created,Firs Test single user 1-1,text,true,,463,10422,1,1,http://localhost:3002/fir,6,0,0
1675771313955,6,FIr Creation Request,201,Created,Firs Test single user 1-1,text,true,,463,10422,1,1,http://localhost:3002/fir,6,0,0
1675771313963,7,FIr Creation Request,201,Created,Firs Test single user 1-1,text,true,,463,10422,1,1,http://localhost:3002/fir,7,0,0
1675771313972,6,FIr Creation Request,201,Created,Firs Test single user 1-1,text,true,,463,10422,1,1,http://localhost:3002/fir,6,0,0
1675771313980,9,FIr Creation Request,201,Created,Firs Test single user 1-1,text,true,,463,10422,1,1,http://localhost:3002/fir,9,0,0
1675771313990,6,FIr Creation Request,201,Created,Firs Test single user 1-1,text,true,,463,10422,1,1,http://localhost:3002/fir,6,0,0
1675771313997,7,FIr Creation Request,201,Created,Firs Test single user 1-1,text,true,,463,10422,1,1,http://localhost:3002/fir,7,0,1
1675771314005,7,FIr Creation Request,201,Created,Firs Test single user 1-1,text,true,,463,10422,1,1,http://localhost:3002/fir,7,0,0
1675771314013,7,FIr Creation Request,201,Created,Firs Test single user 1-1,text,true,,463,10422,1,1,http://localhost:3002/fir,7,0,1
1675771314021,8,FIr Creation Request,201,Created,Firs Test single user 1-1,text,true,,463,10422,1,1,http://localhost:3002/fir,8,0,1
1675771314030,12,FIr Creation Request,201,Created,Firs Test single user 1-1,text,true,,463,10422,1,1,http://localhost:3002/fir,12,0,0
1675771314043,7,FIr Creation Request,201,Created,Firs Test single user 1-1,text,true,,463,10422,1,1,http://localhost:3002/fir,7,0,0
1675771314052,7,FIr Creation Request,201,Created,Firs Test single user 1-1,text,true,,463,10422,1,1,http://localhost:3002/fir,7,0,0
1675771314060,7,FIr Creation Request,201,Created,Firs Test single user 1-1,text,true,,463,10422,1,1,http://localhost:3002/fir,7,0,0
1675771314068,8,FIr Creation Request,201,Created,Firs Test single user 1-1,text,true,,463,10422,1,1,http://localhost:3002/fir,8,0,0
1675771314077,7,FIr Creation Request,201,Created,Firs Test single user 1-1,text,true,,463,10422,1,1,http://localhost:3002/fir,7,0,0
1675771314085,7,FIr Creation Request,201,Created,Firs Test single user 1-1,text,true,,463,10422,1,1,http://localhost:3002/fir,7,0,0
1675771314093,7,FIr Creation Request,201,Created,Firs Test single user 1-1,text,true,,463,10422,1,1,http://localhost:3002/fir,7,0,0
1675771314101,6,FIr Creation Request,201,Created,Firs Test single user 1-1,text,true,,463,10422,1,1,http://localhost:3002/fir,6,0,0
1675771314109,9,FIr Creation Request,201,Created,Firs Test single user 1-1,text,true,,463,10422,1,1,http://localhost:3002/fir,9,0,0
1675771314120,7,FIr Creation Request,201,Created,Firs Test single user 1-1,text,true,,463,10422,1,1,http://localhost:3002/fir,7,0,0
1675771314128,11,FIr Creation Request,201,Created,Firs Test single user 1-1,text,true,,463,10422,1,1,http://localhost:3002/fir,11,0,0
1675771314140,10,FIr Creation Request,201,Created,Firs Test single user 1-1,text,true,,463,10422,1,1,http://localhost:3002/fir,10,0,0
1675771314151,12,FIr Creation Request,201,Created,Firs Test single user 1-1,text,true,,463,10422,1,1,http://localhost:3002/fir,12,0,1
1675771314165,6,FIr Creation Request,201,Created,Firs Test single user 1-1,text,true,,463,10422,1,1,http://localhost:3002/fir,6,0,0
1675771314172,7,FIr Creation Request,201,Created,Firs Test single user 1-1,text,true,,463,10422,1,1,http://localhost:3002/fir,7,0,0
1675771314180,7,FIr Creation Request,201,Created,Firs Test single user 1-1,text,true,,463,10422,1,1,http://localhost:3002/fir,7,0,0
1675771314188,8,FIr Creation Request,201,Created,Firs Test single user 1-1,text,true,,463,10422,1,1,http://localhost:3002/fir,8,0,1
1675771314197,7,FIr Creation Request,201,Created,Firs Test single user 1-1,text,true,,463,10422,1,1,http://localhost:3002/fir,7,0,0
1675771314280,7,FIr Creation Request,201,Created,Firs Test single user 1-1,text,true,,463,10422,1,1,http://localhost:3002/fir,7,0,1
1675771314288,8,FIr Creation Request,201,Created,Firs Test single user 1-1,text,true,,463,10422,1,1,http://localhost:3002/fir,8,0,1
1675771314297,7,FIr Creation Request,201,Created,Firs Test single user 1-1,text,true,,463,10422,1,1,http://localhost:3002/fir,7,0,1
1675771314305,7,FIr Creation Request,201,Created,Firs Test single user 1-1,text,true,,463,10422,1,1,http://localhost:3002/fir,7,0,0
1675771314314,6,FIr Creation Request,201,Created,Firs Test single user 1-1,text,true,,463,10422,1,1,http://localhost:3002/fir,6,0,0
1675771314322,7,FIr Creation Request,201,Created,Firs Test single user 1-1,text,true,,463,10422,1,1,http://localhost:3002/fir,7,0,0
1675771314331,6,FIr Creation Request,201,Created,Firs Test single user 1-1,text,true,,463,10422,1,1,http://localhost:3002/fir,6,0,0
1675771314339,6,FIr Creation Request,201,Created,Firs Test single user 1-1,text,true,,463,10422,1,1,http://localhost:3002/fir,6,0,0
1675771314347,7,FIr Creation Request,201,Created,Firs Test single user 1-1,text,true,,463,10422,1,1,http://localhost:3002/fir,7,0,0
1675771314355,7,FIr Creation Request,201,Created,Firs Test single user 1-1,text,true,,463,10422,1,1,http://localhost:3002/fir,7,0,0
1675771314364,7,FIr Creation Request,201,Created,Firs Test single user 1-1,text,true,,463,10422,1,1,http://localhost:3002/fir,7,0,0
1675771314372,7,FIr Creation Request,201,Created,Firs Test single user 1-1,text,true,,463,10422,1,1,http://localhost:3002/fir,7,0,0
1675771314381,6,FIr Creation Request,201,Created,Firs Test single user 1-1,text,true,,463,10422,1,1,http://localhost:3002/fir,6,0,0
1675771314388,9,FIr Creation Request,201,Created,Firs Test single user 1-1,text,true,,463,10422,1,1,http://localhost:3002/fir,9,0,1
1675771314398,6,FIr Creation Request,201,Created,Firs Test single user 1-1,text,true,,463,10422,1,1,http://localhost:3002/fir,6,0,0
1675771314405,8,FIr Creation Request,201,Created,Firs Test single user 1-1,text,true,,463,10422,1,1,http://localhost:3002/fir,8,0,0
1675771314415,6,FIr Creation Request,201,Created,Firs Test single user 1-1,text,true,,463,10422,1,1,http://localhost:3002/fir,6,0,0
1675771314423,6,FIr Creation Request,201,Created,Firs Test single user 1-1,text,true,,463,10422,1,1,http://localhost:3002/fir,6,0,0
1675771314430,8,FIr Creation Request,201,Created,Firs Test single user 1-1,text,true,,463,10422,1,1,http://localhost:3002/fir,8,0,0
1675771314439,7,FIr Creation Request,201,Created,Firs Test single user 1-1,text,true,,463,10422,1,1,http://localhost:3002/fir,7,0,0
1675771314447,7,FIr Creation Request,201,Created,Firs Test single user 1-1,text,true,,463,10422,1,1,http://localhost:3002/fir,7,0,0
1675771314455,7,FIr Creation Request,201,Created,Firs Test single user 1-1,text,true,,463,10422,1,1,http://localhost:3002/fir,7,0,1
1675771314464,6,FIr Creation Request,201,Created,Firs Test single user 1-1,text,true,,463,10422,1,1,http://localhost:3002/fir,6,0,0
1675771314472,7,FIr Creation Request,201,Created,Firs Test single user 1-1,text,true,,463,10422,1,1,http://localhost:3002/fir,7,0,0
1675771314481,6,FIr Creation Request,201,Created,Firs Test single user 1-1,text,true,,463,10422,1,1,http://localhost:3002/fir,6,0,0
1675771314494,11,FIr Creation Request,201,Created,Firs Test single user 1-1,text,true,,463,10422,1,1,http://localhost:3002/fir,11,0,0
1675771314506,6,FIr Creation Request,201,Created,Firs Test single user 1-1,text,true,,463,10422,1,1,http://localhost:3002/fir,6,0,0
1675771314514,7,FIr Creation Request,201,Created,Firs Test single user 1-1,text,true,,463,10422,1,1,http://localhost:3002/fir,7,0,0
1675771314522,29,FIr Creation Request,201,Created,Firs Test single user 1-1,text,true,,463,10422,1,1,http://localhost:3002/fir,29,0,1
1675771314553,10,FIr Creation Request,201,Created,Firs Test single user 1-1,text,true,,463,10422,1,1,http://localhost:3002/fir,10,0,0
1675771314564,10,FIr Creation Request,201,Created,Firs Test single user 1-1,text,true,,463,10422,1,1,http://localhost:3002/fir,10,0,1
1675771314575,10,FIr Creation Request,201,Created,Firs Test single user 1-1,text,true,,463,10422,1,1,http://localhost:3002/fir,10,0,0
1675771314586,6,FIr Creation Request,201,Created,Firs Test single user 1-1,text,true,,463,10422,1,1,http://localhost:3002/fir,6,0,0
1675771314593,7,FIr Creation Request,201,Created,Firs Test single user 1-1,text,true,,463,10422,1,1,http://localhost:3002/fir,7,0,1
1675771314602,7,FIr Creation Request,201,Created,Firs Test single user 1-1,text,true,,463,10422,1,1,http://localhost:3002/fir,7,0,0
1675771314610,7,FIr Creation Request,201,Created,Firs Test single user 1-1,text,true,,463,10422,1,1,http://localhost:3002/fir,7,0,1
1675771314619,7,FIr Creation Request,201,Created,Firs Test single user 1-1,text,true,,463,10422,1,1,http://localhost:3002/fir,7,0,0
1675771314627,7,FIr Creation Request,201,Created,Firs Test single user 1-1,text,true,,463,10422,1,1,http://localhost:3002/fir,7,0,0
1675771314635,7,FIr Creation Request,201,Created,Firs Test single user 1-1,text,true,,463,10422,1,1,http://localhost:3002/fir,7,0,0
1675771314643,7,FIr Creation Request,201,Created,Firs Test single user 1-1,text,true,,463,10422,1,1,http://localhost:3002/fir,7,0,0
1675771314652,7,FIr Creation Request,201,Created,Firs Test single user 1-1,text,true,,463,10422,1,1,http://localhost:3002/fir,7,0,0
1675771314660,8,FIr Creation Request,201,Created,Firs Test single user 1-1,text,true,,463,10422,1,1,http://localhost:3002/fir,8,0,0
1675771314669,7,FIr Creation Request,201,Created,Firs Test single user 1-1,text,true,,463,10422,1,1,http://localhost:3002/fir,7,0,1
1675771314677,8,FIr Creation Request,201,Created,Firs Test single user 1-1,text,true,,463,10422,1,1,http://localhost:3002/fir,8,0,0
1675771314686,6,FIr Creation Request,201,Created,Firs Test single user 1-1,text,true,,463,10422,1,1,http://localhost:3002/fir,6,0,0
1675771314694,7,FIr Creation Request,201,Created,Firs Test single user 1-1,text,true,,463,10422,1,1,http://localhost:3002/fir,7,0,0
1675771314702,7,FIr Creation Request,201,Created,Firs Test single user 1-1,text,true,,463,10422,1,1,http://localhost:3002/fir,7,0,0
1675771314710,7,FIr Creation Request,201,Created,Firs Test single user 1-1,text,true,,463,10422,1,1,http://localhost:3002/fir,7,0,0
1675771314718,8,FIr Creation Request,201,Created,Firs Test single user 1-1,text,true,,463,10422,1,1,http://localhost:3002/fir,8,0,1
1675771314727,8,FIr Creation Request,201,Created,Firs Test single user 1-1,text,true,,463,10422,1,1,http://localhost:3002/fir,8,0,0
1675771314736,6,FIr Creation Request,201,Created,Firs Test single user 1-1,text,true,,463,10422,1,1,http://localhost:3002/fir,6,0,0
1675771314744,8,FIr Creation Request,201,Created,Firs Test single user 1-1,text,true,,463,10422,1,1,http://localhost:3002/fir,8,0,0
1675771314753,6,FIr Creation Request,201,Created,Firs Test single user 1-1,text,true,,463,10422,1,1,http://localhost:3002/fir,6,0,0
1675771314760,7,FIr Creation Request,201,Created,Firs Test single user 1-1,text,true,,463,10422,1,1,http://localhost:3002/fir,7,0,0
1675771314769,7,FIr Creation Request,201,Created,Firs Test single user 1-1,text,true,,463,10422,1,1,http://localhost:3002/fir,7,0,0
1675771314777,8,FIr Creation Request,201,Created,Firs Test single user 1-1,text,true,,463,10422,1,1,http://localhost:3002/fir,8,0,1
1675771314786,5,FIr Creation Request,201,Created,Firs Test single user 1-1,text,true,,463,10422,1,1,http://localhost:3002/fir,5,0,0
1675771314793,10,FIr Creation Request,201,Created,Firs Test single user 1-1,text,true,,463,10422,1,1,http://localhost:3002/fir,10,0,0
1675771314804,5,FIr Creation Request,201,Created,Firs Test single user 1-1,text,true,,463,10422,1,1,http://localhost:3002/fir,5,0,0
1675771314811,7,FIr Creation Request,201,Created,Firs Test single user 1-1,text,true,,463,10422,1,1,http://localhost:3002/fir,7,0,0
1675771314819,7,FIr Creation Request,201,Created,Firs Test single user 1-1,text,true,,463,10422,1,1,http://localhost:3002/fir,7,0,1
1675771314827,7,FIr Creation Request,201,Created,Firs Test single user 1-1,text,true,,463,10422,1,1,http://localhost:3002/fir,7,0,0
1675771314835,7,FIr Creation Request,201,Created,Firs Test single user 1-1,text,true,,463,10422,1,1,http://localhost:3002/fir,7,0,0
1675771314843,8,FIr Creation Request,201,Created,Firs Test single user 1-1,text,true,,463,10422,1,1,http://localhost:3002/fir,8,0,0
1675771314854,9,FIr Creation Request,201,Created,Firs Test single user 1-1,text,true,,463,10422,1,1,http://localhost:3002/fir,9,0,0
1675771314864,7,FIr Creation Request,201,Created,Firs Test single user 1-1,text,true,,463,10422,1,1,http://localhost:3002/fir,7,0,0
1675771314872,8,FIr Creation Request,201,Created,Firs Test single user 1-1,text,true,,463,10422,1,1,http://localhost:3002/fir,8,0,0
1675771314881,6,FIr Creation Request,201,Created,Firs Test single user 1-1,text,true,,463,10422,1,1,http://localhost:3002/fir,6,0,0
1675771314889,10,FIr Creation Request,201,Created,Firs Test single user 1-1,text,true,,463,10422,1,1,http://localhost:3002/fir,10,0,0
1675771314901,7,FIr Creation Request,201,Created,Firs Test single user 1-1,text,true,,463,10422,1,1,http://localhost:3002/fir,7,0,0
1675771314909,7,FIr Creation Request,201,Created,Firs Test single user 1-1,text,true,,463,10422,1,1,http://localhost:3002/fir,7,0,0
1675771314918,6,FIr Creation Request,201,Created,Firs Test single user 1-1,text,true,,463,10422,1,1,http://localhost:3002/fir,6,0,0
1675771314925,6,FIr Creation Request,201,Created,Firs Test single user 1-1,text,true,,463,10422,1,1,http://localhost:3002/fir,6,0,0
1675771314932,6,FIr Creation Request,201,Created,Firs Test single user 1-1,text,true,,463,10422,1,1,http://localhost:3002/fir,6,0,0
1675771314939,7,FIr Creation Request,201,Created,Firs Test single user 1-1,text,true,,463,10422,1,1,http://localhost:3002/fir,7,0,1
1675771314948,6,FIr Creation Request,201,Created,Firs Test single user 1-1,text,true,,463,10422,1,1,http://localhost:3002/fir,6,0,0
1675771314955,6,FIr Creation Request,201,Created,Firs Test single user 1-1,text,true,,463,10422,1,1,http://localhost:3002/fir,6,0,0
1675771314962,7,FIr Creation Request,201,Created,Firs Test single user 1-1,text,true,,463,10422,1,1,http://localhost:3002/fir,7,0,0
1675771314970,124,FIr Creation Request,201,Created,Firs Test single user 1-1,text,true,,463,10422,1,1,http://localhost:3002/fir,124,0,0
1675771315097,11,FIr Creation Request,201,Created,Firs Test single user 1-1,text,true,,463,10422,1,1,http://localhost:3002/fir,11,0,0
1675771315110,6,FIr Creation Request,201,Created,Firs Test single user 1-1,text,true,,463,10422,1,1,http://localhost:3002/fir,6,0,0
1675771315117,6,FIr Creation Request,201,Created,Firs Test single user 1-1,text,true,,463,10422,1,1,http://localhost:3002/fir,6,0,0
1675771315125,7,FIr Creation Request,201,Created,Firs Test single user 1-1,text,true,,463,10422,1,1,http://localhost:3002/fir,7,0,0
1675771315133,10,FIr Creation Request,201,Created,Firs Test single user 1-1,text,true,,463,10422,1,1,http://localhost:3002/fir,10,0,1
1675771315145,6,FIr Creation Request,201,Created,Firs Test single user 1-1,text,true,,463,10422,1,1,http://localhost:3002/fir,6,0,0
1675771315153,6,FIr Creation Request,201,Created,Firs Test single user 1-1,text,true,,463,10422,1,1,http://localhost:3002/fir,6,0,0
1675771315160,13,FIr Creation Request,201,Created,Firs Test single user 1-1,text,true,,463,10422,1,1,http://localhost:3002/fir,13,0,1
1675771315174,6,FIr Creation Request,201,Created,Firs Test single user 1-1,text,true,,463,10422,1,1,http://localhost:3002/fir,6,0,0
1675771315181,7,FIr Creation Request,201,Created,Firs Test single user 1-1,text,true,,463,10422,1,1,http://localhost:3002/fir,7,0,0
1675771315189,8,FIr Creation Request,201,Created,Firs Test single user 1-1,text,true,,463,10422,1,1,http://localhost:3002/fir,8,0,1
1675771315198,7,FIr Creation Request,201,Created,Firs Test single user 1-1,text,true,,463,10422,1,1,http://localhost:3002/fir,7,0,0
1675771315207,5,FIr Creation Request,201,Created,Firs Test single user 1-1,text,true,,463,10422,1,1,http://localhost:3002/fir,5,0,0
1675771315214,7,FIr Creation Request,201,Created,Firs Test single user 1-1,text,true,,463,10422,1,1,http://localhost:3002/fir,7,0,0
1675771315223,7,FIr Creation Request,201,Created,Firs Test single user 1-1,text,true,,463,10422,1,1,http://localhost:3002/fir,7,0,0
1675771315231,7,FIr Creation Request,201,Created,Firs Test single user 1-1,text,true,,463,10422,1,1,http://localhost:3002/fir,7,0,0
1675771315239,7,FIr Creation Request,201,Created,Firs Test single user 1-1,text,true,,463,10422,1,1,http://localhost:3002/fir,7,0,1
1675771315247,8,FIr Creation Request,201,Created,Firs Test single user 1-1,text,true,,463,10422,1,1,http://localhost:3002/fir,8,0,0
1675771315256,7,FIr Creation Request,201,Created,Firs Test single user 1-1,text,true,,463,10422,1,1,http://localhost:3002/fir,7,0,0
1675771315265,6,FIr Creation Request,201,Created,Firs Test single user 1-1,text,true,,463,10422,1,1,http://localhost:3002/fir,6,0,0
1675771315273,6,FIr Creation Request,201,Created,Firs Test single user 1-1,text,true,,463,10422,1,1,http://localhost:3002/fir,6,0,0
1675771315281,8,FIr Creation Request,201,Created,Firs Test single user 1-1,text,true,,463,10422,1,1,http://localhost:3002/fir,8,0,0
1675771315291,6,FIr Creation Request,201,Created,Firs Test single user 1-1,text,true,,463,10422,1,1,http://localhost:3002/fir,6,0,0
1675771315298,7,FIr Creation Request,201,Created,Firs Test single user 1-1,text,true,,463,10422,1,1,http://localhost:3002/fir,7,0,1
1675771315307,8,FIr Creation Request,201,Created,Firs Test single user 1-1,text,true,,463,10422,1,1,http://localhost:3002/fir,8,0,0
1675771315316,28,FIr Creation Request,201,Created,Firs Test single user 1-1,text,true,,463,10422,1,1,http://localhost:3002/fir,28,0,0
1675771315345,7,FIr Creation Request,201,Created,Firs Test single user 1-1,text,true,,463,10422,1,1,http://localhost:3002/fir,7,0,0
1675771315353,8,FIr Creation Request,201,Created,Firs Test single user 1-1,text,true,,463,10422,1,1,http://localhost:3002/fir,8,0,1
1675771315365,7,FIr Creation Request,201,Created,Firs Test single user 1-1,text,true,,463,10422,1,1,http://localhost:3002/fir,7,0,0
1675771315374,6,FIr Creation Request,201,Created,Firs Test single user 1-1,text,true,,463,10422,1,1,http://localhost:3002/fir,6,0,0
1675771315381,7,FIr Creation Request,201,Created,Firs Test single user 1-1,text,true,,463,10422,1,1,http://localhost:3002/fir,7,0,0
1675771315389,7,FIr Creation Request,201,Created,Firs Test single user 1-1,text,true,,463,10422,1,1,http://localhost:3002/fir,7,0,1
1675771315398,8,FIr Creation Request,201,Created,Firs Test single user 1-1,text,true,,463,10422,1,1,http://localhost:3002/fir,8,0,0
1675771315407,11,FIr Creation Request,201,Created,Firs Test single user 1-1,text,true,,463,10422,1,1,http://localhost:3002/fir,11,0,0
1675771315419,7,FIr Creation Request,201,Created,Firs Test single user 1-1,text,true,,463,10422,1,1,http://localhost:3002/fir,7,0,1
1675771315428,7,FIr Creation Request,201,Created,Firs Test single user 1-1,text,true,,463,10422,1,1,http://localhost:3002/fir,7,0,0
1675771315436,7,FIr Creation Request,201,Created,Firs Test single user 1-1,text,true,,463,10422,1,1,http://localhost:3002/fir,7,0,0
1675771315444,7,FIr Creation Request,201,Created,Firs Test single user 1-1,text,true,,463,10422,1,1,http://localhost:3002/fir,7,0,1
1675771315453,7,FIr Creation Request,201,Created,Firs Test single user 1-1,text,true,,463,10422,1,1,http://localhost:3002/fir,7,0,0
1675771315461,7,FIr Creation Request,201,Created,Firs Test single user 1-1,text,true,,463,10422,1,1,http://localhost:3002/fir,7,0,0
1675771315469,7,FIr Creation Request,201,Created,Firs Test single user 1-1,text,true,,463,10422,1,1,http://localhost:3002/fir,7,0,1
1675771315478,10,FIr Creation Request,201,Created,Firs Test single user 1-1,text,true,,463,10422,1,1,http://localhost:3002/fir,10,0,0
1675771315489,10,FIr Creation Request,201,Created,Firs Test single user 1-1,text,true,,463,10422,1,1,http://localhost:3002/fir,10,0,1
1675771315500,6,FIr Creation Request,201,Created,Firs Test single user 1-1,text,true,,463,10422,1,1,http://localhost:3002/fir,6,0,0
1675771315507,6,FIr Creation Request,201,Created,Firs Test single user 1-1,text,true,,463,10422,1,1,http://localhost:3002/fir,6,0,0
1675771315520,10,FIr Creation Request,201,Created,Firs Test single user 1-1,text,true,,463,10422,1,1,http://localhost:3002/fir,10,0,0
1675771315531,7,FIr Creation Request,201,Created,Firs Test single user 1-1,text,true,,463,10422,1,1,http://localhost:3002/fir,7,0,1
1675771315539,8,FIr Creation Request,201,Created,Firs Test single user 1-1,text,true,,463,10422,1,1,http://localhost:3002/fir,8,0,1
1675771315548,7,FIr Creation Request,201,Created,Firs Test single user 1-1,text,true,,463,10422,1,1,http://localhost:3002/fir,7,0,0
1675771315557,7,FIr Creation Request,201,Created,Firs Test single user 1-1,text,true,,463,10422,1,1,http://localhost:3002/fir,7,0,0
1675771315565,7,FIr Creation Request,201,Created,Firs Test single user 1-1,text,true,,463,10422,1,1,http://localhost:3002/fir,7,0,0
1675771315574,6,FIr Creation Request,201,Created,Firs Test single user 1-1,text,true,,463,10422,1,1,http://localhost:3002/fir,6,0,0
1675771315582,7,FIr Creation Request,201,Created,Firs Test single user 1-1,text,true,,463,10422,1,1,http://localhost:3002/fir,7,0,0
1675771315590,6,FIr Creation Request,201,Created,Firs Test single user 1-1,text,true,,463,10422,1,1,http://localhost:3002/fir,6,0,0
1675771315597,7,FIr Creation Request,201,Created,Firs Test single user 1-1,text,true,,463,10422,1,1,http://localhost:3002/fir,7,0,0
1675771315605,6,FIr Creation Request,201,Created,Firs Test single user 1-1,text,true,,463,10422,1,1,http://localhost:3002/fir,6,0,0
1675771315612,5,FIr Creation Request,201,Created,Firs Test single user 1-1,text,true,,463,10422,1,1,http://localhost:3002/fir,5,0,0
1675771315619,6,FIr Creation Request,201,Created,Firs Test single user 1-1,text,true,,463,10422,1,1,http://localhost:3002/fir,6,0,0
1675771315626,6,FIr Creation Request,201,Created,Firs Test single user 1-1,text,true,,463,10422,1,1,http://localhost:3002/fir,6,0,1
1675771315633,6,FIr Creation Request,201,Created,Firs Test single user 1-1,text,true,,463,10422,1,1,http://localhost:3002/fir,6,0,1
1675771315640,7,FIr Creation Request,201,Created,Firs Test single user 1-1,text,true,,463,10422,1,1,http://localhost:3002/fir,7,0,1
1675771315648,7,FIr Creation Request,201,Created,Firs Test single user 1-1,text,true,,463,10422,1,1,http://localhost:3002/fir,7,0,0
1675771315656,8,FIr Creation Request,201,Created,Firs Test single user 1-1,text,true,,463,10422,1,1,http://localhost:3002/fir,8,0,0
1675771315665,6,FIr Creation Request,201,Created,Firs Test single user 1-1,text,true,,463,10422,1,1,http://localhost:3002/fir,6,0,0
1675771315673,7,FIr Creation Request,201,Created,Firs Test single user 1-1,text,true,,463,10422,1,1,http://localhost:3002/fir,7,0,0
1675771315682,12,FIr Creation Request,201,Created,Firs Test single user 1-1,text,true,,463,10422,1,1,http://localhost:3002/fir,12,0,0
1675771315695,7,FIr Creation Request,201,Created,Firs Test single user 1-1,text,true,,463,10422,1,1,http://localhost:3002/fir,7,0,1
1675771315703,7,FIr Creation Request,201,Created,Firs Test single user 1-1,text,true,,463,10422,1,1,http://localhost:3002/fir,7,0,0
1675771315712,6,FIr Creation Request,201,Created,Firs Test single user 1-1,text,true,,463,10422,1,1,http://localhost:3002/fir,6,0,0
1675771315719,8,FIr Creation Request,201,Created,Firs Test single user 1-1,text,true,,463,10422,1,1,http://localhost:3002/fir,8,0,1
1675771315728,7,FIr Creation Request,201,Created,Firs Test single user 1-1,text,true,,463,10422,1,1,http://localhost:3002/fir,7,0,1
1675771315736,6,FIr Creation Request,201,Created,Firs Test single user 1-1,text,true,,463,10422,1,1,http://localhost:3002/fir,6,0,0
1675771315743,6,FIr Creation Request,201,Created,Firs Test single user 1-1,text,true,,463,10422,1,1,http://localhost:3002/fir,6,0,0
1675771315750,6,FIr Creation Request,201,Created,Firs Test single user 1-1,text,true,,463,10422,1,1,http://localhost:3002/fir,6,0,1
1675771315757,9,FIr Creation Request,201,Created,Firs Test single user 1-1,text,true,,463,10422,1,1,http://localhost:3002/fir,9,0,1
1675771315767,13,FIr Creation Request,201,Created,Firs Test single user 1-1,text,true,,463,10422,1,1,http://localhost:3002/fir,13,0,0
1675771315781,7,FIr Creation Request,201,Created,Firs Test single user 1-1,text,true,,463,10422,1,1,http://localhost:3002/fir,7,0,0
1675771315789,8,FIr Creation Request,201,Created,Firs Test single user 1-1,text,true,,463,10422,1,1,http://localhost:3002/fir,8,0,0
1675771315798,12,FIr Creation Request,201,Created,Firs Test single user 1-1,text,true,,463,10422,1,1,http://localhost:3002/fir,12,0,1
1675771315811,8,FIr Creation Request,201,Created,Firs Test single user 1-1,text,true,,463,10422,1,1,http://localhost:3002/fir,8,0,1
1675771315820,7,FIr Creation Request,201,Created,Firs Test single user 1-1,text,true,,463,10422,1,1,http://localhost:3002/fir,7,0,0
1675771315828,7,FIr Creation Request,201,Created,Firs Test single user 1-1,text,true,,463,10422,1,1,http://localhost:3002/fir,7,0,1
1675771315836,8,FIr Creation Request,201,Created,Firs Test single user 1-1,text,true,,463,10422,1,1,http://localhost:3002/fir,8,0,1
1675771315845,8,FIr Creation Request,201,Created,Firs Test single user 1-1,text,true,,463,10422,1,1,http://localhost:3002/fir,8,0,0
1675771315854,6,FIr Creation Request,201,Created,Firs Test single user 1-1,text,true,,463,10422,1,1,http://localhost:3002/fir,6,0,0
1675771315862,7,FIr Creation Request,201,Created,Firs Test single user 1-1,text,true,,463,10422,1,1,http://localhost:3002/fir,7,0,0
1675771315877,10,FIr Creation Request,201,Created,Firs Test single user 1-1,text,true,,463,10422,1,1,http://localhost:3002/fir,10,0,1
1675771315888,7,FIr Creation Request,201,Created,Firs Test single user 1-1,text,true,,463,10422,1,1,http://localhost:3002/fir,7,0,1
1675771315896,6,FIr Creation Request,201,Created,Firs Test single user 1-1,text,true,,463,10422,1,1,http://localhost:3002/fir,6,0,0
1675771315903,7,FIr Creation Request,201,Created,Firs Test single user 1-1,text,true,,463,10422,1,1,http://localhost:3002/fir,7,0,0
1675771315912,7,FIr Creation Request,201,Created,Firs Test single user 1-1,text,true,,463,10422,1,1,http://localhost:3002/fir,7,0,0
1675771315920,7,FIr Creation Request,201,Created,Firs Test single user 1-1,text,true,,463,10422,1,1,http://localhost:3002/fir,7,0,0
1675771315928,7,FIr Creation Request,201,Created,Firs Test single user 1-1,text,true,,463,10422,1,1,http://localhost:3002/fir,7,0,0
1675771315937,7,FIr Creation Request,201,Created,Firs Test single user 1-1,text,true,,463,10422,1,1,http://localhost:3002/fir,7,0,0
1675771315946,6,FIr Creation Request,201,Created,Firs Test single user 1-1,text,true,,463,10422,1,1,http://localhost:3002/fir,6,0,0
1675771315953,8,FIr Creation Request,201,Created,Firs Test single user 1-1,text,true,,463,10422,1,1,http://localhost:3002/fir,8,0,1
1675771315963,6,FIr Creation Request,201,Created,Firs Test single user 1-1,text,true,,463,10422,1,1,http://localhost:3002/fir,6,0,0
1675771315970,7,FIr Creation Request,201,Created,Firs Test single user 1-1,text,true,,463,10422,1,1,http://localhost:3002/fir,7,0,1
1675771315979,7,FIr Creation Request,201,Created,Firs Test single user 1-1,text,true,,463,10422,1,1,http://localhost:3002/fir,7,0,0
1675771315987,7,FIr Creation Request,201,Created,Firs Test single user 1-1,text,true,,463,10422,1,1,http://localhost:3002/fir,7,0,0
1675771315995,8,FIr Creation Request,201,Created,Firs Test single user 1-1,text,true,,463,10422,1,1,http://localhost:3002/fir,8,0,0
1675771316004,11,FIr Creation Request,201,Created,Firs Test single user 1-1,text,true,,463,10422,1,1,http://localhost:3002/fir,11,0,0
1675771316016,9,FIr Creation Request,201,Created,Firs Test single user 1-1,text,true,,463,10422,1,1,http://localhost:3002/fir,9,0,0
1675771316032,7,FIr Creation Request,201,Created,Firs Test single user 1-1,text,true,,463,10422,1,1,http://localhost:3002/fir,7,0,0
1675771316041,6,FIr Creation Request,201,Created,Firs Test single user 1-1,text,true,,463,10422,1,1,http://localhost:3002/fir,6,0,0
1675771316048,8,FIr Creation Request,201,Created,Firs Test single user 1-1,text,true,,463,10422,1,1,http://localhost:3002/fir,8,0,0
1675771316057,6,FIr Creation Request,201,Created,Firs Test single user 1-1,text,true,,463,10422,1,1,http://localhost:3002/fir,6,0,1
1675771316065,8,FIr Creation Request,201,Created,Firs Test single user 1-1,text,true,,463,10422,1,1,http://localhost:3002/fir,8,0,0
1675771316074,7,FIr Creation Request,201,Created,Firs Test single user 1-1,text,true,,463,10422,1,1,http://localhost:3002/fir,7,0,0
1675771316083,6,FIr Creation Request,201,Created,Firs Test single user 1-1,text,true,,463,10422,1,1,http://localhost:3002/fir,6,0,0
1675771316090,7,FIr Creation Request,201,Created,Firs Test single user 1-1,text,true,,463,10422,1,1,http://localhost:3002/fir,7,0,1
1675771316099,7,FIr Creation Request,201,Created,Firs Test single user 1-1,text,true,,463,10422,1,1,http://localhost:3002/fir,7,0,0
1675771316108,6,FIr Creation Request,201,Created,Firs Test single user 1-1,text,true,,463,10422,1,1,http://localhost:3002/fir,6,0,0
1675771316116,7,FIr Creation Request,201,Created,Firs Test single user 1-1,text,true,,463,10422,1,1,http://localhost:3002/fir,7,0,0
1675771316124,7,FIr Creation Request,201,Created,Firs Test single user 1-1,text,true,,463,10422,1,1,http://localhost:3002/fir,7,0,0
1675771316133,6,FIr Creation Request,201,Created,Firs Test single user 1-1,text,true,,463,10422,1,1,http://localhost:3002/fir,6,0,0
1675771316140,7,FIr Creation Request,201,Created,Firs Test single user 1-1,text,true,,463,10422,1,1,http://localhost:3002/fir,7,0,0
1675771316149,7,FIr Creation Request,201,Created,Firs Test single user 1-1,text,true,,463,10422,1,1,http://localhost:3002/fir,7,0,0
1675771316157,7,FIr Creation Request,201,Created,Firs Test single user 1-1,text,true,,463,10422,1,1,http://localhost:3002/fir,7,0,0
1675771316165,6,FIr Creation Request,201,Created,Firs Test single user 1-1,text,true,,463,10422,1,1,http://localhost:3002/fir,6,0,0
1675771316173,6,FIr Creation Request,201,Created,Firs Test single user 1-1,text,true,,463,10422,1,1,http://localhost:3002/fir,6,0,0
1675771316180,654,FIr Creation Request,201,Created,Firs Test single user 1-1,text,true,,463,10422,1,1,http://localhost:3002/fir,654,0,0
1675771316866,137,FIr Creation Request,201,Created,Firs Test single user 1-1,text,true,,463,10422,1,1,http://localhost:3002/fir,137,0,1
1675771317004,8,FIr Creation Request,201,Created,Firs Test single user 1-1,text,true,,463,10422,1,1,http://localhost:3002/fir,8,0,1
1675771317013,6,FIr Creation Request,201,Created,Firs Test single user 1-1,text,true,,463,10422,1,1,http://localhost:3002/fir,6,0,1
1675771317021,6,FIr Creation Request,201,Created,Firs Test single user 1-1,text,true,,463,10422,1,1,http://localhost:3002/fir,6,0,0
1675771317029,27,FIr Creation Request,201,Created,Firs Test single user 1-1,text,true,,463,10422,1,1,http://localhost:3002/fir,27,0,0
1675771317057,83,FIr Creation Request,201,Created,Firs Test single user 1-1,text,true,,463,10422,1,1,http://localhost:3002/fir,83,0,0
1675771317141,49,FIr Creation Request,201,Created,Firs Test single user 1-1,text,true,,463,10422,1,1,http://localhost:3002/fir,49,0,0
1675771317192,12,FIr Creation Request,201,Created,Firs Test single user 1-1,text,true,,463,10422,1,1,http://localhost:3002/fir,12,0,1
1675771317205,6,FIr Creation Request,201,Created,Firs Test single user 1-1,text,true,,463,10422,1,1,http://localhost:3002/fir,6,0,0
1675771317212,7,FIr Creation Request,201,Created,Firs Test single user 1-1,text,true,,463,10422,1,1,http://localhost:3002/fir,7,0,1
1675771317221,6,FIr Creation Request,201,Created,Firs Test single user 1-1,text,true,,463,10422,1,1,http://localhost:3002/fir,6,0,0
1675771317228,6,FIr Creation Request,201,Created,Firs Test single user 1-1,text,true,,463,10422,1,1,http://localhost:3002/fir,6,0,0
1675771317235,5,FIr Creation Request,201,Created,Firs Test single user 1-1,text,true,,463,10422,1,1,http://localhost:3002/fir,5,0,0
1675771317242,5,FIr Creation Request,201,Created,Firs Test single user 1-1,text,true,,463,10422,1,1,http://localhost:3002/fir,5,0,0
1675771317249,6,FIr Creation Request,201,Created,Firs Test single user 1-1,text,true,,463,10422,1,1,http://localhost:3002/fir,6,0,0
1675771317256,6,FIr Creation Request,201,Created,Firs Test single user 1-1,text,true,,463,10422,1,1,http://localhost:3002/fir,6,0,0
1675771317264,6,FIr Creation Request,201,Created,Firs Test single user 1-1,text,true,,463,10422,1,1,http://localhost:3002/fir,6,0,0
1675771317271,6,FIr Creation Request,201,Created,Firs Test single user 1-1,text,true,,463,10422,1,1,http://localhost:3002/fir,6,0,0
1675771317278,6,FIr Creation Request,201,Created,Firs Test single user 1-1,text,true,,463,10422,1,1,http://localhost:3002/fir,6,0,1
1675771317285,6,FIr Creation Request,201,Created,Firs Test single user 1-1,text,true,,463,10422,1,1,http://localhost:3002/fir,6,0,1
1675771317293,6,FIr Creation Request,201,Created,Firs Test single user 1-1,text,true,,463,10422,1,1,http://localhost:3002/fir,6,0,0
1675771317300,6,FIr Creation Request,201,Created,Firs Test single user 1-1,text,true,,463,10422,1,1,http://localhost:3002/fir,6,0,0
1675771317307,9,FIr Creation Request,201,Created,Firs Test single user 1-1,text,true,,463,10422,1,1,http://localhost:3002/fir,9,0,0
1675771317318,6,FIr Creation Request,201,Created,Firs Test single user 1-1,text,true,,463,10422,1,1,http://localhost:3002/fir,6,0,0
1675771317325,5,FIr Creation Request,201,Created,Firs Test single user 1-1,text,true,,463,10422,1,1,http://localhost:3002/fir,5,0,0
1675771317332,6,FIr Creation Request,201,Created,Firs Test single user 1-1,text,true,,463,10422,1,1,http://localhost:3002/fir,6,0,0
1675771317339,6,FIr Creation Request,201,Created,Firs Test single user 1-1,text,true,,463,10422,1,1,http://localhost:3002/fir,6,0,0
1675771317346,7,FIr Creation Request,201,Created,Firs Test single user 1-1,text,true,,463,10422,1,1,http://localhost:3002/fir,7,0,0
1675771317354,8,FIr Creation Request,201,Created,Firs Test single user 1-1,text,true,,463,10422,1,1,http://localhost:3002/fir,8,0,0
1675771317363,7,FIr Creation Request,201,Created,Firs Test single user 1-1,text,true,,463,10422,1,1,http://localhost:3002/fir,7,0,0
1675771317371,7,FIr Creation Request,201,Created,Firs Test single user 1-1,text,true,,463,10422,1,1,http://localhost:3002/fir,7,0,0
1675771317380,6,FIr Creation Request,201,Created,Firs Test single user 1-1,text,true,,463,10422,1,1,http://localhost:3002/fir,6,0,0
1675771317388,10,FIr Creation Request,201,Created,Firs Test single user 1-1,text,true,,463,10422,1,1,http://localhost:3002/fir,10,0,0
1675771317400,7,FIr Creation Request,201,Created,Firs Test single user 1-1,text,true,,463,10422,1,1,http://localhost:3002/fir,7,0,0
1675771317411,13,FIr Creation Request,201,Created,Firs Test single user 1-1,text,true,,463,10422,1,1,http://localhost:3002/fir,13,0,0
1675771317425,6,FIr Creation Request,201,Created,Firs Test single user 1-1,text,true,,463,10422,1,1,http://localhost:3002/fir,6,0,0
1675771317433,7,FIr Creation Request,201,Created,Firs Test single user 1-1,text,true,,463,10422,1,1,http://localhost:3002/fir,7,0,0
1675771317441,7,FIr Creation Request,201,Created,Firs Test single user 1-1,text,true,,463,10422,1,1,http://localhost:3002/fir,7,0,0
1675771317449,7,FIr Creation Request,201,Created,Firs Test single user 1-1,text,true,,463,10422,1,1,http://localhost:3002/fir,7,0,1
1675771317457,6,FIr Creation Request,201,Created,Firs Test single user 1-1,text,true,,463,10422,1,1,http://localhost:3002/fir,6,0,0
1675771317464,6,FIr Creation Request,201,Created,Firs Test single user 1-1,text,true,,463,10422,1,1,http://localhost:3002/fir,5,0,0
1675771317471,7,FIr Creation Request,201,Created,Firs Test single user 1-1,text,true,,463,10422,1,1,http://localhost:3002/fir,7,0,0
1675771317479,6,FIr Creation Request,201,Created,Firs Test single user 1-1,text,true,,463,10422,1,1,http://localhost:3002/fir,6,0,0
1675771317486,6,FIr Creation Request,201,Created,Firs Test single user 1-1,text,true,,463,10422,1,1,http://localhost:3002/fir,6,0,0
1675771317493,6,FIr Creation Request,201,Created,Firs Test single user 1-1,text,true,,463,10422,1,1,http://localhost:3002/fir,6,0,0
1675771317500,6,FIr Creation Request,201,Created,Firs Test single user 1-1,text,true,,463,10422,1,1,http://localhost:3002/fir,6,0,1
1675771317508,5,FIr Creation Request,201,Created,Firs Test single user 1-1,text,true,,463,10422,1,1,http://localhost:3002/fir,5,0,0
1675771317515,5,FIr Creation Request,201,Created,Firs Test single user 1-1,text,true,,463,10422,1,1,http://localhost:3002/fir,5,0,0
1675771317522,6,FIr Creation Request,201,Created,Firs Test single user 1-1,text,true,,463,10422,1,1,http://localhost:3002/fir,6,0,0
1675771317529,7,FIr Creation Request,201,Created,Firs Test single user 1-1,text,true,,463,10422,1,1,http://localhost:3002/fir,7,0,0
1675771317537,8,FIr Creation Request,201,Created,Firs Test single user 1-1,text,true,,463,10422,1,1,http://localhost:3002/fir,8,0,0
1675771317547,6,FIr Creation Request,201,Created,Firs Test single user 1-1,text,true,,463,10422,1,1,http://localhost:3002/fir,6,0,0
1675771317554,7,FIr Creation Request,201,Created,Firs Test single user 1-1,text,true,,463,10422,1,1,http://localhost:3002/fir,7,0,0
1675771317565,9,FIr Creation Request,201,Created,Firs Test single user 1-1,text,true,,463,10422,1,1,http://localhost:3002/fir,9,0,1
1675771317575,7,FIr Creation Request,201,Created,Firs Test single user 1-1,text,true,,463,10422,1,1,http://localhost:3002/fir,7,0,0
1675771317583,7,FIr Creation Request,201,Created,Firs Test single user 1-1,text,true,,463,10422,1,1,http://localhost:3002/fir,7,0,0
1675771317591,7,FIr Creation Request,201,Created,Firs Test single user 1-1,text,true,,463,10422,1,1,http://localhost:3002/fir,7,0,1
1675771317599,6,FIr Creation Request,201,Created,Firs Test single user 1-1,text,true,,463,10422,1,1,http://localhost:3002/fir,6,0,0
1675771317607,217,FIr Creation Request,201,Created,Firs Test single user 1-1,text,true,,463,10422,1,1,http://localhost:3002/fir,217,0,0
1675771317825,176,FIr Creation Request,201,Created,Firs Test single user 1-1,text,true,,463,10422,1,1,http://localhost:3002/fir,176,0,0
1675771318003,8,FIr Creation Request,201,Created,Firs Test single user 1-1,text,true,,463,10422,1,1,http://localhost:3002/fir,8,0,0
1675771318012,7,FIr Creation Request,201,Created,Firs Test single user 1-1,text,true,,463,10422,1,1,http://localhost:3002/fir,7,0,0
1675771318021,6,FIr Creation Request,201,Created,Firs Test single user 1-1,text,true,,463,10422,1,1,http://localhost:3002/fir,6,0,0
1675771318028,6,FIr Creation Request,201,Created,Firs Test single user 1-1,text,true,,463,10422,1,1,http://localhost:3002/fir,6,0,0
1675771318036,6,FIr Creation Request,201,Created,Firs Test single user 1-1,text,true,,463,10422,1,1,http://localhost:3002/fir,6,0,0
1675771318043,5,FIr Creation Request,201,Created,Firs Test single user 1-1,text,true,,463,10422,1,1,http://localhost:3002/fir,5,0,0
1675771318050,6,FIr Creation Request,201,Created,Firs Test single user 1-1,text,true,,463,10422,1,1,http://localhost:3002/fir,6,0,0
1675771318057,6,FIr Creation Request,201,Created,Firs Test single user 1-1,text,true,,463,10422,1,1,http://localhost:3002/fir,6,0,1
1675771318064,6,FIr Creation Request,201,Created,Firs Test single user 1-1,text,true,,463,10422,1,1,http://localhost:3002/fir,6,0,0
1675771318077,7,FIr Creation Request,201,Created,Firs Test single user 1-1,text,true,,463,10422,1,1,http://localhost:3002/fir,7,0,0
1675771318085,10,FIr Creation Request,201,Created,Firs Test single user 1-1,text,true,,463,10422,1,1,http://localhost:3002/fir,10,0,0
1675771318096,7,FIr Creation Request,201,Created,Firs Test single user 1-1,text,true,,463,10422,1,1,http://localhost:3002/fir,7,0,1
1675771318104,8,FIr Creation Request,201,Created,Firs Test single user 1-1,text,true,,463,10422,1,1,http://localhost:3002/fir,8,0,1
1675771318113,7,FIr Creation Request,201,Created,Firs Test single user 1-1,text,true,,463,10422,1,1,http://localhost:3002/fir,7,0,0
1675771318121,8,FIr Creation Request,201,Created,Firs Test single user 1-1,text,true,,463,10422,1,1,http://localhost:3002/fir,8,0,1
1675771318130,7,FIr Creation Request,201,Created,Firs Test single user 1-1,text,true,,463,10422,1,1,http://localhost:3002/fir,7,0,1
1675771318138,7,FIr Creation Request,201,Created,Firs Test single user 1-1,text,true,,463,10422,1,1,http://localhost:3002/fir,7,0,0
1675771318147,6,FIr Creation Request,201,Created,Firs Test single user 1-1,text,true,,463,10422,1,1,http://localhost:3002/fir,6,0,0
1675771318154,5,FIr Creation Request,201,Created,Firs Test single user 1-1,text,true,,463,10422,1,1,http://localhost:3002/fir,5,0,0
1675771318161,6,FIr Creation Request,201,Created,Firs Test single user 1-1,text,true,,463,10422,1,1,http://localhost:3002/fir,6,0,0
1675771318168,5,FIr Creation Request,201,Created,Firs Test single user 1-1,text,true,,463,10422,1,1,http://localhost:3002/fir,5,0,0
1675771318175,7,FIr Creation Request,201,Created,Firs Test single user 1-1,text,true,,463,10422,1,1,http://localhost:3002/fir,7,0,0
1675771318183,8,FIr Creation Request,201,Created,Firs Test single user 1-1,text,true,,463,10422,1,1,http://localhost:3002/fir,8,0,0
1675771318192,6,FIr Creation Request,201,Created,Firs Test single user 1-1,text,true,,463,10422,1,1,http://localhost:3002/fir,6,0,0
1675771318200,7,FIr Creation Request,201,Created,Firs Test single user 1-1,text,true,,463,10422,1,1,http://localhost:3002/fir,7,0,0
1675771318208,8,FIr Creation Request,201,Created,Firs Test single user 1-1,text,true,,463,10422,1,1,http://localhost:3002/fir,8,0,0
1675771318217,7,FIr Creation Request,201,Created,Firs Test single user 1-1,text,true,,463,10422,1,1,http://localhost:3002/fir,7,0,0
1675771318225,7,FIr Creation Request,201,Created,Firs Test single user 1-1,text,true,,463,10422,1,1,http://localhost:3002/fir,7,0,0
1675771318233,7,FIr Creation Request,201,Created,Firs Test single user 1-1,text,true,,463,10422,1,1,http://localhost:3002/fir,7,0,1
1675771318242,6,FIr Creation Request,201,Created,Firs Test single user 1-1,text,true,,463,10422,1,1,http://localhost:3002/fir,6,0,0
1675771318250,7,FIr Creation Request,201,Created,Firs Test single user 1-1,text,true,,463,10422,1,1,http://localhost:3002/fir,7,0,0
1675771318258,7,FIr Creation Request,201,Created,Firs Test single user 1-1,text,true,,463,10422,1,1,http://localhost:3002/fir,7,0,0
1675771318266,8,FIr Creation Request,201,Created,Firs Test single user 1-1,text,true,,463,10422,1,1,http://localhost:3002/fir,8,0,0
1675771318275,7,FIr Creation Request,201,Created,Firs Test single user 1-1,text,true,,463,10422,1,1,http://localhost:3002/fir,7,0,0
1675771318283,7,FIr Creation Request,201,Created,Firs Test single user 1-1,text,true,,463,10422,1,1,http://localhost:3002/fir,7,0,0
1675771318291,36,FIr Creation Request,201,Created,Firs Test single user 1-1,text,true,,463,10422,1,1,http://localhost:3002/fir,36,0,0
1675771318329,7,FIr Creation Request,201,Created,Firs Test single user 1-1,text,true,,463,10422,1,1,http://localhost:3002/fir,7,0,1
1675771318337,6,FIr Creation Request,201,Created,Firs Test single user 1-1,text,true,,463,10422,1,1,http://localhost:3002/fir,6,0,0
1675771318344,7,FIr Creation Request,201,Created,Firs Test single user 1-1,text,true,,463,10422,1,1,http://localhost:3002/fir,7,0,0
1675771318352,6,FIr Creation Request,201,Created,Firs Test single user 1-1,text,true,,463,10422,1,1,http://localhost:3002/fir,6,0,0
1675771318360,6,FIr Creation Request,201,Created,Firs Test single user 1-1,text,true,,463,10422,1,1,http://localhost:3002/fir,6,0,0
1675771318367,7,FIr Creation Request,201,Created,Firs Test single user 1-1,text,true,,463,10422,1,1,http://localhost:3002/fir,7,0,0
1675771318375,7,FIr Creation Request,201,Created,Firs Test single user 1-1,text,true,,463,10422,1,1,http://localhost:3002/fir,7,0,1
1675771318383,7,FIr Creation Request,201,Created,Firs Test single user 1-1,text,true,,463,10422,1,1,http://localhost:3002/fir,7,0,0
1675771318391,8,FIr Creation Request,201,Created,Firs Test single user 1-1,text,true,,463,10422,1,1,http://localhost:3002/fir,8,0,0
1675771318400,7,FIr Creation Request,201,Created,Firs Test single user 1-1,text,true,,463,10422,1,1,http://localhost:3002/fir,7,0,0
1675771318409,6,FIr Creation Request,201,Created,Firs Test single user 1-1,text,true,,463,10422,1,1,http://localhost:3002/fir,6,0,0
1675771318416,8,FIr Creation Request,201,Created,Firs Test single user 1-1,text,true,,463,10422,1,1,http://localhost:3002/fir,8,0,0
1675771318432,7,FIr Creation Request,201,Created,Firs Test single user 1-1,text,true,,463,10422,1,1,http://localhost:3002/fir,7,0,0
1675771318440,6,FIr Creation Request,201,Created,Firs Test single user 1-1,text,true,,463,10422,1,1,http://localhost:3002/fir,6,0,0
1675771318447,7,FIr Creation Request,201,Created,Firs Test single user 1-1,text,true,,463,10422,1,1,http://localhost:3002/fir,7,0,0
1675771318455,7,FIr Creation Request,201,Created,Firs Test single user 1-1,text,true,,463,10422,1,1,http://localhost:3002/fir,7,0,0
1675771318463,7,FIr Creation Request,201,Created,Firs Test single user 1-1,text,true,,463,10422,1,1,http://localhost:3002/fir,7,0,0
1675771318472,7,FIr Creation Request,201,Created,Firs Test single user 1-1,text,true,,463,10422,1,1,http://localhost:3002/fir,7,0,0
1675771318480,7,FIr Creation Request,201,Created,Firs Test single user 1-1,text,true,,463,10422,1,1,http://localhost:3002/fir,7,0,0
1675771318488,8,FIr Creation Request,201,Created,Firs Test single user 1-1,text,true,,463,10422,1,1,http://localhost:3002/fir,8,0,0
1675771318497,7,FIr Creation Request,201,Created,Firs Test single user 1-1,text,true,,463,10422,1,1,http://localhost:3002/fir,7,0,0
1675771318505,8,FIr Creation Request,201,Created,Firs Test single user 1-1,text,true,,463,10422,1,1,http://localhost:3002/fir,8,0,0
1675771318514,7,FIr Creation Request,201,Created,Firs Test single user 1-1,text,true,,463,10422,1,1,http://localhost:3002/fir,7,0,0
1675771318522,7,FIr Creation Request,201,Created,Firs Test single user 1-1,text,true,,463,10422,1,1,http://localhost:3002/fir,7,0,0
1675771318530,8,FIr Creation Request,201,Created,Firs Test single user 1-1,text,true,,463,10422,1,1,http://localhost:3002/fir,8,0,1
1675771318539,6,FIr Creation Request,201,Created,Firs Test single user 1-1,text,true,,463,10422,1,1,http://localhost:3002/fir,6,0,0
1675771318547,7,FIr Creation Request,201,Created,Firs Test single user 1-1,text,true,,463,10422,1,1,http://localhost:3002/fir,7,0,0
1675771318555,7,FIr Creation Request,201,Created,Firs Test single user 1-1,text,true,,463,10422,1,1,http://localhost:3002/fir,7,0,0
1675771318563,7,FIr Creation Request,201,Created,Firs Test single user 1-1,text,true,,463,10422,1,1,http://localhost:3002/fir,7,0,1
1675771318572,16,FIr Creation Request,201,Created,Firs Test single user 1-1,text,true,,463,10422,1,1,http://localhost:3002/fir,16,0,0
1675771318589,6,FIr Creation Request,201,Created,Firs Test single user 1-1,text,true,,463,10422,1,1,http://localhost:3002/fir,6,0,0
1675771318597,7,FIr Creation Request,201,Created,Firs Test single user 1-1,text,true,,463,10422,1,1,http://localhost:3002/fir,7,0,0
1675771318605,7,FIr Creation Request,201,Created,Firs Test single user 1-1,text,true,,463,10422,1,1,http://localhost:3002/fir,7,0,0
1675771318613,8,FIr Creation Request,201,Created,Firs Test single user 1-1,text,true,,463,10422,1,1,http://localhost:3002/fir,8,0,0
1675771318622,9,FIr Creation Request,201,Created,Firs Test single user 1-1,text,true,,463,10422,1,1,http://localhost:3002/fir,9,0,0
1675771318632,6,FIr Creation Request,201,Created,Firs Test single user 1-1,text,true,,463,10422,1,1,http://localhost:3002/fir,6,0,0
1675771318639,8,FIr Creation Request,201,Created,Firs Test single user 1-1,text,true,,463,10422,1,1,http://localhost:3002/fir,8,0,0
1675771318648,9,FIr Creation Request,201,Created,Firs Test single user 1-1,text,true,,463,10422,1,1,http://localhost:3002/fir,9,0,0
1675771318658,8,FIr Creation Request,201,Created,Firs Test single user 1-1,text,true,,463,10422,1,1,http://localhost:3002/fir,8,0,0
1675771318667,7,FIr Creation Request,201,Created,Firs Test single user 1-1,text,true,,463,10422,1,1,http://localhost:3002/fir,7,0,0
1675771318676,6,FIr Creation Request,201,Created,Firs Test single user 1-1,text,true,,463,10422,1,1,http://localhost:3002/fir,6,0,0
1675771318684,6,FIr Creation Request,201,Created,Firs Test single user 1-1,text,true,,463,10422,1,1,http://localhost:3002/fir,6,0,0
1675771318692,7,FIr Creation Request,201,Created,Firs Test single user 1-1,text,true,,463,10422,1,1,http://localhost:3002/fir,7,0,0
1675771318701,6,FIr Creation Request,201,Created,Firs Test single user 1-1,text,true,,463,10422,1,1,http://localhost:3002/fir,6,0,0
1675771318708,7,FIr Creation Request,201,Created,Firs Test single user 1-1,text,true,,463,10422,1,1,http://localhost:3002/fir,7,0,1
1675771318717,6,FIr Creation Request,201,Created,Firs Test single user 1-1,text,true,,463,10422,1,1,http://localhost:3002/fir,6,0,1
1675771318725,5,FIr Creation Request,201,Created,Firs Test single user 1-1,text,true,,463,10422,1,1,http://localhost:3002/fir,5,0,0
1675771318732,5,FIr Creation Request,201,Created,Firs Test single user 1-1,text,true,,463,10422,1,1,http://localhost:3002/fir,5,0,0
1675771318739,7,FIr Creation Request,201,Created,Firs Test single user 1-1,text,true,,463,10422,1,1,http://localhost:3002/fir,7,0,0
1675771318747,7,FIr Creation Request,201,Created,Firs Test single user 1-1,text,true,,463,10422,1,1,http://localhost:3002/fir,7,0,0
1675771318755,6,FIr Creation Request,201,Created,Firs Test single user 1-1,text,true,,463,10422,1,1,http://localhost:3002/fir,6,0,0
1675771318763,6,FIr Creation Request,201,Created,Firs Test single user 1-1,text,true,,463,10422,1,1,http://localhost:3002/fir,6,0,0
1675771318770,6,FIr Creation Request,201,Created,Firs Test single user 1-1,text,true,,463,10422,1,1,http://localhost:3002/fir,6,0,0
1675771318777,6,FIr Creation Request,201,Created,Firs Test single user 1-1,text,true,,463,10422,1,1,http://localhost:3002/fir,6,0,0
1675771318784,6,FIr Creation Request,201,Created,Firs Test single user 1-1,text,true,,463,10422,1,1,http://localhost:3002/fir,6,0,0
1675771318791,6,FIr Creation Request,201,Created,Firs Test single user 1-1,text,true,,463,10422,1,1,http://localhost:3002/fir,6,0,1
1675771318798,8,FIr Creation Request,201,Created,Firs Test single user 1-1,text,true,,463,10422,1,1,http://localhost:3002/fir,8,0,1
1675771318807,7,FIr Creation Request,201,Created,Firs Test single user 1-1,text,true,,463,10422,1,1,http://localhost:3002/fir,7,0,1
1675771318815,5,FIr Creation Request,201,Created,Firs Test single user 1-1,text,true,,463,10422,1,1,http://localhost:3002/fir,5,0,0
1675771318822,7,FIr Creation Request,201,Created,Firs Test single user 1-1,text,true,,463,10422,1,1,http://localhost:3002/fir,7,0,0
1675771318830,7,FIr Creation Request,201,Created,Firs Test single user 1-1,text,true,,463,10422,1,1,http://localhost:3002/fir,7,0,0
1675771318838,10,FIr Creation Request,201,Created,Firs Test single user 1-1,text,true,,463,10422,1,1,http://localhost:3002/fir,10,0,1
1675771318849,6,FIr Creation Request,201,Created,Firs Test single user 1-1,text,true,,463,10422,1,1,http://localhost:3002/fir,6,0,0
1675771318856,6,FIr Creation Request,201,Created,Firs Test single user 1-1,text,true,,463,10422,1,1,http://localhost:3002/fir,6,0,0
1675771318863,8,FIr Creation Request,201,Created,Firs Test single user 1-1,text,true,,463,10422,1,1,http://localhost:3002/fir,8,0,1
1675771318872,7,FIr Creation Request,201,Created,Firs Test single user 1-1,text,true,,463,10422,1,1,http://localhost:3002/fir,7,0,0
1675771318880,7,FIr Creation Request,201,Created,Firs Test single user 1-1,text,true,,463,10422,1,1,http://localhost:3002/fir,7,0,0
1675771318889,7,FIr Creation Request,201,Created,Firs Test single user 1-1,text,true,,463,10422,1,1,http://localhost:3002/fir,7,0,0
1675771318897,10,FIr Creation Request,201,Created,Firs Test single user 1-1,text,true,,463,10422,1,1,http://localhost:3002/fir,10,0,0
1675771318908,7,FIr Creation Request,201,Created,Firs Test single user 1-1,text,true,,463,10422,1,1,http://localhost:3002/fir,7,0,1
1675771318916,6,FIr Creation Request,201,Created,Firs Test single user 1-1,text,true,,463,10422,1,1,http://localhost:3002/fir,6,0,0
1675771318923,6,FIr Creation Request,201,Created,Firs Test single user 1-1,text,true,,463,10422,1,1,http://localhost:3002/fir,6,0,0
1675771318930,7,FIr Creation Request,201,Created,Firs Test single user 1-1,text,true,,463,10422,1,1,http://localhost:3002/fir,7,0,0
1675771318942,9,FIr Creation Request,201,Created,Firs Test single user 1-1,text,true,,463,10422,1,1,http://localhost:3002/fir,9,0,0
1675771318952,6,FIr Creation Request,201,Created,Firs Test single user 1-1,text,true,,463,10422,1,1,http://localhost:3002/fir,6,0,0
1675771318959,6,FIr Creation Request,201,Created,Firs Test single user 1-1,text,true,,463,10422,1,1,http://localhost:3002/fir,6,0,0
1675771318966,6,FIr Creation Request,201,Created,Firs Test single user 1-1,text,true,,463,10422,1,1,http://localhost:3002/fir,6,0,1
1675771318973,10,FIr Creation Request,201,Created,Firs Test single user 1-1,text,true,,463,10422,1,1,http://localhost:3002/fir,10,0,1
1675771318984,262,FIr Creation Request,201,Created,Firs Test single user 1-1,text,true,,463,10422,1,1,http://localhost:3002/fir,262,0,0
1675771319248,8,FIr Creation Request,201,Created,Firs Test single user 1-1,text,true,,463,10422,1,1,http://localhost:3002/fir,8,0,0
1675771319257,7,FIr Creation Request,201,Created,Firs Test single user 1-1,text,true,,463,10422,1,1,http://localhost:3002/fir,7,0,1
1675771319265,8,FIr Creation Request,201,Created,Firs Test single user 1-1,text,true,,463,10422,1,1,http://localhost:3002/fir,8,0,0
1675771319274,6,FIr Creation Request,201,Created,Firs Test single user 1-1,text,true,,463,10422,1,1,http://localhost:3002/fir,6,0,0
1675771319281,8,FIr Creation Request,201,Created,Firs Test single user 1-1,text,true,,463,10422,1,1,http://localhost:3002/fir,8,0,0
1675771319290,6,FIr Creation Request,201,Created,Firs Test single user 1-1,text,true,,463,10422,1,1,http://localhost:3002/fir,6,0,0
1675771319298,5,FIr Creation Request,201,Created,Firs Test single user 1-1,text,true,,463,10422,1,1,http://localhost:3002/fir,5,0,0
1675771319305,6,FIr Creation Request,201,Created,Firs Test single user 1-1,text,true,,463,10422,1,1,http://localhost:3002/fir,6,0,0
1675771319312,10,FIr Creation Request,201,Created,Firs Test single user 1-1,text,true,,463,10422,1,1,http://localhost:3002/fir,10,0,0
1675771319323,6,FIr Creation Request,201,Created,Firs Test single user 1-1,text,true,,463,10422,1,1,http://localhost:3002/fir,6,0,1
1675771319331,6,FIr Creation Request,201,Created,Firs Test single user 1-1,text,true,,463,10422,1,1,http://localhost:3002/fir,6,0,0
1675771319338,6,FIr Creation Request,201,Created,Firs Test single user 1-1,text,true,,463,10422,1,1,http://localhost:3002/fir,6,0,0
1675771319345,6,FIr Creation Request,201,Created,Firs Test single user 1-1,text,true,,463,10422,1,1,http://localhost:3002/fir,6,0,0
1675771319352,6,FIr Creation Request,201,Created,Firs Test single user 1-1,text,true,,463,10422,1,1,http://localhost:3002/fir,6,0,0
1675771319360,6,FIr Creation Request,201,Created,Firs Test single user 1-1,text,true,,463,10422,1,1,http://localhost:3002/fir,5,0,0
1675771319367,5,FIr Creation Request,201,Created,Firs Test single user 1-1,text,true,,463,10422,1,1,http://localhost:3002/fir,5,0,0
1675771319374,5,FIr Creation Request,201,Created,Firs Test single user 1-1,text,true,,463,10422,1,1,http://localhost:3002/fir,5,0,0
1675771319381,6,FIr Creation Request,201,Created,Firs Test single user 1-1,text,true,,463,10422,1,1,http://localhost:3002/fir,6,0,0
1675771319389,7,FIr Creation Request,201,Created,Firs Test single user 1-1,text,true,,463,10422,1,1,http://localhost:3002/fir,7,0,0
1675771319398,6,FIr Creation Request,201,Created,Firs Test single user 1-1,text,true,,463,10422,1,1,http://localhost:3002/fir,6,0,0
1675771319405,8,FIr Creation Request,201,Created,Firs Test single user 1-1,text,true,,463,10422,1,1,http://localhost:3002/fir,8,0,1
1675771319414,6,FIr Creation Request,201,Created,Firs Test single user 1-1,text,true,,463,10422,1,1,http://localhost:3002/fir,6,0,1
1675771319422,7,FIr Creation Request,201,Created,Firs Test single user 1-1,text,true,,463,10422,1,1,http://localhost:3002/fir,7,0,0
1675771319430,7,FIr Creation Request,201,Created,Firs Test single user 1-1,text,true,,463,10422,1,1,http://localhost:3002/fir,7,0,0
1675771319438,7,FIr Creation Request,201,Created,Firs Test single user 1-1,text,true,,463,10422,1,1,http://localhost:3002/fir,7,0,0
1675771319452,7,FIr Creation Request,201,Created,Firs Test single user 1-1,text,true,,463,10422,1,1,http://localhost:3002/fir,7,0,0
1675771319460,8,FIr Creation Request,201,Created,Firs Test single user 1-1,text,true,,463,10422,1,1,http://localhost:3002/fir,8,0,1
1675771319469,6,FIr Creation Request,201,Created,Firs Test single user 1-1,text,true,,463,10422,1,1,http://localhost:3002/fir,6,0,0
1675771319476,9,FIr Creation Request,201,Created,Firs Test single user 1-1,text,true,,463,10422,1,1,http://localhost:3002/fir,9,0,0
1675771319486,7,FIr Creation Request,201,Created,Firs Test single user 1-1,text,true,,463,10422,1,1,http://localhost:3002/fir,7,0,0
1675771319494,8,FIr Creation Request,201,Created,Firs Test single user 1-1,text,true,,463,10422,1,1,http://localhost:3002/fir,8,0,1
1675771319503,8,FIr Creation Request,201,Created,Firs Test single user 1-1,text,true,,463,10422,1,1,http://localhost:3002/fir,8,0,1
1675771319512,7,FIr Creation Request,201,Created,Firs Test single user 1-1,text,true,,463,10422,1,1,http://localhost:3002/fir,7,0,0
1675771319520,7,FIr Creation Request,201,Created,Firs Test single user 1-1,text,true,,463,10422,1,1,http://localhost:3002/fir,7,0,0
1675771319528,7,FIr Creation Request,201,Created,Firs Test single user 1-1,text,true,,463,10422,1,1,http://localhost:3002/fir,7,0,0
1675771319536,7,FIr Creation Request,201,Created,Firs Test single user 1-1,text,true,,463,10422,1,1,http://localhost:3002/fir,7,0,1
1675771319544,6,FIr Creation Request,201,Created,Firs Test single user 1-1,text,true,,463,10422,1,1,http://localhost:3002/fir,6,0,1
1675771319551,6,FIr Creation Request,201,Created,Firs Test single user 1-1,text,true,,463,10422,1,1,http://localhost:3002/fir,6,0,0
1675771319558,6,FIr Creation Request,201,Created,Firs Test single user 1-1,text,true,,463,10422,1,1,http://localhost:3002/fir,6,0,1
1675771319565,6,FIr Creation Request,201,Created,Firs Test single user 1-1,text,true,,463,10422,1,1,http://localhost:3002/fir,6,0,0
1675771319572,10,FIr Creation Request,201,Created,Firs Test single user 1-1,text,true,,463,10422,1,1,http://localhost:3002/fir,10,0,0
1675771319583,6,FIr Creation Request,201,Created,Firs Test single user 1-1,text,true,,463,10422,1,1,http://localhost:3002/fir,6,0,0
1675771319591,5,FIr Creation Request,201,Created,Firs Test single user 1-1,text,true,,463,10422,1,1,http://localhost:3002/fir,5,0,0
1675771319597,8,FIr Creation Request,201,Created,Firs Test single user 1-1,text,true,,463,10422,1,1,http://localhost:3002/fir,8,0,1
1675771319607,6,FIr Creation Request,201,Created,Firs Test single user 1-1,text,true,,463,10422,1,1,http://localhost:3002/fir,6,0,1
1675771319615,6,FIr Creation Request,201,Created,Firs Test single user 1-1,text,true,,463,10422,1,1,http://localhost:3002/fir,6,0,0
1675771319622,6,FIr Creation Request,201,Created,Firs Test single user 1-1,text,true,,463,10422,1,1,http://localhost:3002/fir,6,0,1
1675771319630,5,FIr Creation Request,201,Created,Firs Test single user 1-1,text,true,,463,10422,1,1,http://localhost:3002/fir,5,0,0
1675771319637,6,FIr Creation Request,201,Created,Firs Test single user 1-1,text,true,,463,10422,1,1,http://localhost:3002/fir,6,0,0
1675771319644,7,FIr Creation Request,201,Created,Firs Test single user 1-1,text,true,,463,10422,1,1,http://localhost:3002/fir,7,0,0
1675771319652,6,FIr Creation Request,201,Created,Firs Test single user 1-1,text,true,,463,10422,1,1,http://localhost:3002/fir,6,0,0
1675771319659,8,FIr Creation Request,201,Created,Firs Test single user 1-1,text,true,,463,10422,1,1,http://localhost:3002/fir,8,0,1
1675771319669,7,FIr Creation Request,201,Created,Firs Test single user 1-1,text,true,,463,10422,1,1,http://localhost:3002/fir,7,0,0
1675771319677,7,FIr Creation Request,201,Created,Firs Test single user 1-1,text,true,,463,10422,1,1,http://localhost:3002/fir,7,0,0
1675771319685,7,FIr Creation Request,201,Created,Firs Test single user 1-1,text,true,,463,10422,1,1,http://localhost:3002/fir,7,0,0
1675771319693,6,FIr Creation Request,201,Created,Firs Test single user 1-1,text,true,,463,10422,1,1,http://localhost:3002/fir,6,0,0
1675771319701,5,FIr Creation Request,201,Created,Firs Test single user 1-1,text,true,,463,10422,1,1,http://localhost:3002/fir,5,0,0
1675771319707,9,FIr Creation Request,201,Created,Firs Test single user 1-1,text,true,,463,10422,1,1,http://localhost:3002/fir,9,0,1
1675771319718,7,FIr Creation Request,201,Created,Firs Test single user 1-1,text,true,,463,10422,1,1,http://localhost:3002/fir,7,0,0
1675771319727,5,FIr Creation Request,201,Created,Firs Test single user 1-1,text,true,,463,10422,1,1,http://localhost:3002/fir,5,0,0
1675771319734,5,FIr Creation Request,201,Created,Firs Test single user 1-1,text,true,,463,10422,1,1,http://localhost:3002/fir,5,0,0
1675771319741,6,FIr Creation Request,201,Created,Firs Test single user 1-1,text,true,,463,10422,1,1,http://localhost:3002/fir,6,0,0
1675771319748,7,FIr Creation Request,201,Created,Firs Test single user 1-1,text,true,,463,10422,1,1,http://localhost:3002/fir,7,0,1
1675771319757,6,FIr Creation Request,201,Created,Firs Test single user 1-1,text,true,,463,10422,1,1,http://localhost:3002/fir,6,0,0
1675771319764,8,FIr Creation Request,201,Created,Firs Test single user 1-1,text,true,,463,10422,1,1,http://localhost:3002/fir,8,0,1
1675771319773,7,FIr Creation Request,201,Created,Firs Test single user 1-1,text,true,,463,10422,1,1,http://localhost:3002/fir,7,0,0
1675771319781,7,FIr Creation Request,201,Created,Firs Test single user 1-1,text,true,,463,10422,1,1,http://localhost:3002/fir,7,0,1
1675771319789,9,FIr Creation Request,201,Created,Firs Test single user 1-1,text,true,,463,10422,1,1,http://localhost:3002/fir,9,0,1
1675771319799,6,FIr Creation Request,201,Created,Firs Test single user 1-1,text,true,,463,10422,1,1,http://localhost:3002/fir,6,0,0
1675771319806,8,FIr Creation Request,201,Created,Firs Test single user 1-1,text,true,,463,10422,1,1,http://localhost:3002/fir,8,0,0
1675771319815,7,FIr Creation Request,201,Created,Firs Test single user 1-1,text,true,,463,10422,1,1,http://localhost:3002/fir,7,0,0
1675771319823,7,FIr Creation Request,201,Created,Firs Test single user 1-1,text,true,,463,10422,1,1,http://localhost:3002/fir,7,0,0
1675771319832,7,FIr Creation Request,201,Created,Firs Test single user 1-1,text,true,,463,10422,1,1,http://localhost:3002/fir,7,0,0
1675771319840,6,FIr Creation Request,201,Created,Firs Test single user 1-1,text,true,,463,10422,1,1,http://localhost:3002/fir,6,0,0
1675771319847,6,FIr Creation Request,201,Created,Firs Test single user 1-1,text,true,,463,10422,1,1,http://localhost:3002/fir,6,0,0
1675771319854,6,FIr Creation Request,201,Created,Firs Test single user 1-1,text,true,,463,10422,1,1,http://localhost:3002/fir,6,0,1
1675771319861,37,FIr Creation Request,201,Created,Firs Test single user 1-1,text,true,,463,10422,1,1,http://localhost:3002/fir,37,0,1
1675771319899,7,FIr Creation Request,201,Created,Firs Test single user 1-1,text,true,,463,10422,1,1,http://localhost:3002/fir,7,0,1
1675771319908,8,FIr Creation Request,201,Created,Firs Test single user 1-1,text,true,,463,10422,1,1,http://localhost:3002/fir,8,0,0
1675771319917,6,FIr Creation Request,201,Created,Firs Test single user 1-1,text,true,,463,10422,1,1,http://localhost:3002/fir,6,0,0
1675771319924,6,FIr Creation Request,201,Created,Firs Test single user 1-1,text,true,,463,10422,1,1,http://localhost:3002/fir,6,0,0
1675771319932,6,FIr Creation Request,201,Created,Firs Test single user 1-1,text,true,,463,10422,1,1,http://localhost:3002/fir,6,0,0
1675771319940,7,FIr Creation Request,201,Created,Firs Test single user 1-1,text,true,,463,10422,1,1,http://localhost:3002/fir,7,0,0
1675771319948,7,FIr Creation Request,201,Created,Firs Test single user 1-1,text,true,,463,10422,1,1,http://localhost:3002/fir,7,0,0
1675771319957,6,FIr Creation Request,201,Created,Firs Test single user 1-1,text,true,,463,10422,1,1,http://localhost:3002/fir,6,0,0
1675771319965,12,FIr Creation Request,201,Created,Firs Test single user 1-1,text,true,,463,10422,1,1,http://localhost:3002/fir,12,0,1
1675771319978,6,FIr Creation Request,201,Created,Firs Test single user 1-1,text,true,,463,10422,1,1,http://localhost:3002/fir,6,0,0
1675771319985,7,FIr Creation Request,201,Created,Firs Test single user 1-1,text,true,,463,10422,1,1,http://localhost:3002/fir,7,0,0
1675771319993,11,FIr Creation Request,201,Created,Firs Test single user 1-1,text,true,,463,10422,1,1,http://localhost:3002/fir,11,0,0
1675771320006,792,FIr Creation Request,201,Created,Firs Test single user 1-1,text,true,,463,10422,1,1,http://localhost:3002/fir,792,0,1
1675771320799,110,FIr Creation Request,201,Created,Firs Test single user 1-1,text,true,,463,10422,1,1,http://localhost:3002/fir,110,0,0
1675771320912,48,FIr Creation Request,201,Created,Firs Test single user 1-1,text,true,,463,10422,1,1,http://localhost:3002/fir,48,0,0
1675771320962,5,FIr Creation Request,201,Created,Firs Test single user 1-1,text,true,,463,10422,1,1,http://localhost:3002/fir,5,0,0
1675771320969,10,FIr Creation Request,201,Created,Firs Test single user 1-1,text,true,,463,10422,1,1,http://localhost:3002/fir,10,0,0
1675771320980,7,FIr Creation Request,201,Created,Firs Test single user 1-1,text,true,,463,10422,1,1,http://localhost:3002/fir,7,0,1
1675771320990,7,FIr Creation Request,201,Created,Firs Test single user 1-1,text,true,,463,10422,1,1,http://localhost:3002/fir,7,0,1
1675771320998,171,FIr Creation Request,201,Created,Firs Test single user 1-1,text,true,,463,10422,1,1,http://localhost:3002/fir,171,0,0
1675771321172,13,FIr Creation Request,201,Created,Firs Test single user 1-1,text,true,,463,10422,1,1,http://localhost:3002/fir,13,0,0
1675771321186,7,FIr Creation Request,201,Created,Firs Test single user 1-1,text,true,,463,10422,1,1,http://localhost:3002/fir,7,0,1
1675771321194,9,FIr Creation Request,201,Created,Firs Test single user 1-1,text,true,,463,10422,1,1,http://localhost:3002/fir,9,0,0
1675771321204,7,FIr Creation Request,201,Created,Firs Test single user 1-1,text,true,,463,10422,1,1,http://localhost:3002/fir,7,0,0
1675771321212,11,FIr Creation Request,201,Created,Firs Test single user 1-1,text,true,,463,10422,1,1,http://localhost:3002/fir,11,0,0
1675771321224,7,FIr Creation Request,201,Created,Firs Test single user 1-1,text,true,,463,10422,1,1,http://localhost:3002/fir,7,0,1
1675771321233,7,FIr Creation Request,201,Created,Firs Test single user 1-1,text,true,,463,10422,1,1,http://localhost:3002/fir,7,0,0
1675771321241,7,FIr Creation Request,201,Created,Firs Test single user 1-1,text,true,,463,10422,1,1,http://localhost:3002/fir,7,0,0
1675771321249,10,FIr Creation Request,201,Created,Firs Test single user 1-1,text,true,,463,10422,1,1,http://localhost:3002/fir,10,0,1
1675771321260,6,FIr Creation Request,201,Created,Firs Test single user 1-1,text,true,,463,10422,1,1,http://localhost:3002/fir,6,0,0
1675771321267,6,FIr Creation Request,201,Created,Firs Test single user 1-1,text,true,,463,10422,1,1,http://localhost:3002/fir,6,0,0
1675771321274,7,FIr Creation Request,201,Created,Firs Test single user 1-1,text,true,,463,10422,1,1,http://localhost:3002/fir,7,0,0
1675771321282,7,FIr Creation Request,201,Created,Firs Test single user 1-1,text,true,,463,10422,1,1,http://localhost:3002/fir,7,0,0
1675771321291,7,FIr Creation Request,201,Created,Firs Test single user 1-1,text,true,,463,10422,1,1,http://localhost:3002/fir,7,0,0
1675771321299,8,FIr Creation Request,201,Created,Firs Test single user 1-1,text,true,,463,10422,1,1,http://localhost:3002/fir,8,0,0
1675771321308,6,FIr Creation Request,201,Created,Firs Test single user 1-1,text,true,,463,10422,1,1,http://localhost:3002/fir,6,0,0
1675771321315,8,FIr Creation Request,201,Created,Firs Test single user 1-1,text,true,,463,10422,1,1,http://localhost:3002/fir,8,0,1
1675771321324,7,FIr Creation Request,201,Created,Firs Test single user 1-1,text,true,,463,10422,1,1,http://localhost:3002/fir,7,0,0
1675771321332,6,FIr Creation Request,201,Created,Firs Test single user 1-1,text,true,,463,10422,1,1,http://localhost:3002/fir,6,0,0
1675771321339,6,FIr Creation Request,201,Created,Firs Test single user 1-1,text,true,,463,10422,1,1,http://localhost:3002/fir,6,0,1
1675771321346,6,FIr Creation Request,201,Created,Firs Test single user 1-1,text,true,,463,10422,1,1,http://localhost:3002/fir,6,0,0
1675771321353,7,FIr Creation Request,201,Created,Firs Test single user 1-1,text,true,,463,10422,1,1,http://localhost:3002/fir,7,0,0
1675771321361,9,FIr Creation Request,201,Created,Firs Test single user 1-1,text,true,,463,10422,1,1,http://localhost:3002/fir,9,0,0
1675771321371,6,FIr Creation Request,201,Created,Firs Test single user 1-1,text,true,,463,10422,1,1,http://localhost:3002/fir,6,0,0
1675771321379,5,FIr Creation Request,201,Created,Firs Test single user 1-1,text,true,,463,10422,1,1,http://localhost:3002/fir,5,0,0
1675771321385,8,FIr Creation Request,201,Created,Firs Test single user 1-1,text,true,,463,10422,1,1,http://localhost:3002/fir,8,0,1
1675771321394,7,FIr Creation Request,201,Created,Firs Test single user 1-1,text,true,,463,10422,1,1,http://localhost:3002/fir,7,0,0
1675771321402,8,FIr Creation Request,201,Created,Firs Test single user 1-1,text,true,,463,10422,1,1,http://localhost:3002/fir,8,0,1
1675771321411,7,FIr Creation Request,201,Created,Firs Test single user 1-1,text,true,,463,10422,1,1,http://localhost:3002/fir,7,0,0
1675771321419,7,FIr Creation Request,201,Created,Firs Test single user 1-1,text,true,,463,10422,1,1,http://localhost:3002/fir,7,0,1
1675771321428,7,FIr Creation Request,201,Created,Firs Test single user 1-1,text,true,,463,10422,1,1,http://localhost:3002/fir,7,0,0
1675771321436,7,FIr Creation Request,201,Created,Firs Test single user 1-1,text,true,,463,10422,1,1,http://localhost:3002/fir,7,0,0
1675771321445,6,FIr Creation Request,201,Created,Firs Test single user 1-1,text,true,,463,10422,1,1,http://localhost:3002/fir,6,0,0
1675771321453,8,FIr Creation Request,201,Created,Firs Test single user 1-1,text,true,,463,10422,1,1,http://localhost:3002/fir,8,0,0
1675771321462,6,FIr Creation Request,201,Created,Firs Test single user 1-1,text,true,,463,10422,1,1,http://localhost:3002/fir,6,0,0
1675771321469,8,FIr Creation Request,201,Created,Firs Test single user 1-1,text,true,,463,10422,1,1,http://localhost:3002/fir,8,0,1
1675771321478,7,FIr Creation Request,201,Created,Firs Test single user 1-1,text,true,,463,10422,1,1,http://localhost:3002/fir,7,0,0
1675771321486,7,FIr Creation Request,201,Created,Firs Test single user 1-1,text,true,,463,10422,1,1,http://localhost:3002/fir,7,0,1
1675771321500,10,FIr Creation Request,201,Created,Firs Test single user 1-1,text,true,,463,10422,1,1,http://localhost:3002/fir,10,0,0
1675771321511,13,FIr Creation Request,201,Created,Firs Test single user 1-1,text,true,,463,10422,1,1,http://localhost:3002/fir,13,0,0
1675771321525,6,FIr Creation Request,201,Created,Firs Test single user 1-1,text,true,,463,10422,1,1,http://localhost:3002/fir,6,0,0
1675771321532,8,FIr Creation Request,201,Created,Firs Test single user 1-1,text,true,,463,10422,1,1,http://localhost:3002/fir,8,0,1
1675771321541,7,FIr Creation Request,201,Created,Firs Test single user 1-1,text,true,,463,10422,1,1,http://localhost:3002/fir,7,0,0
1675771321549,7,FIr Creation Request,201,Created,Firs Test single user 1-1,text,true,,463,10422,1,1,http://localhost:3002/fir,7,0,0
1675771321557,6,FIr Creation Request,201,Created,Firs Test single user 1-1,text,true,,463,10422,1,1,http://localhost:3002/fir,6,0,0
1675771321564,6,FIr Creation Request,201,Created,Firs Test single user 1-1,text,true,,463,10422,1,1,http://localhost:3002/fir,6,0,0
1675771321572,6,FIr Creation Request,201,Created,Firs Test single user 1-1,text,true,,463,10422,1,1,http://localhost:3002/fir,6,0,0
1675771321579,6,FIr Creation Request,201,Created,Firs Test single user 1-1,text,true,,463,10422,1,1,http://localhost:3002/fir,6,0,0
1675771321586,7,FIr Creation Request,201,Created,Firs Test single user 1-1,text,true,,463,10422,1,1,http://localhost:3002/fir,7,0,0
1675771321595,6,FIr Creation Request,201,Created,Firs Test single user 1-1,text,true,,463,10422,1,1,http://localhost:3002/fir,6,0,0
1675771321602,8,FIr Creation Request,201,Created,Firs Test single user 1-1,text,true,,463,10422,1,1,http://localhost:3002/fir,8,0,1
1675771321611,7,FIr Creation Request,201,Created,Firs Test single user 1-1,text,true,,463,10422,1,1,http://localhost:3002/fir,7,0,1
1675771321619,7,FIr Creation Request,201,Created,Firs Test single user 1-1,text,true,,463,10422,1,1,http://localhost:3002/fir,7,0,0
1675771321627,7,FIr Creation Request,201,Created,Firs Test single user 1-1,text,true,,463,10422,1,1,http://localhost:3002/fir,7,0,1
1675771321635,6,FIr Creation Request,201,Created,Firs Test single user 1-1,text,true,,463,10422,1,1,http://localhost:3002/fir,6,0,0
1675771321642,6,FIr Creation Request,201,Created,Firs Test single user 1-1,text,true,,463,10422,1,1,http://localhost:3002/fir,6,0,0
1675771321656,8,FIr Creation Request,201,Created,Firs Test single user 1-1,text,true,,463,10422,1,1,http://localhost:3002/fir,8,0,0
1675771321665,5,FIr Creation Request,201,Created,Firs Test single user 1-1,text,true,,463,10422,1,1,http://localhost:3002/fir,5,0,0
1675771321671,6,FIr Creation Request,201,Created,Firs Test single user 1-1,text,true,,463,10422,1,1,http://localhost:3002/fir,6,0,1
1675771321678,7,FIr Creation Request,201,Created,Firs Test single user 1-1,text,true,,463,10422,1,1,http://localhost:3002/fir,7,0,0
1675771321686,8,FIr Creation Request,201,Created,Firs Test single user 1-1,text,true,,463,10422,1,1,http://localhost:3002/fir,8,0,0
1675771321696,238,FIr Creation Request,201,Created,Firs Test single user 1-1,text,true,,463,10422,1,1,http://localhost:3002/fir,238,0,0
1675771321937,29,FIr Creation Request,201,Created,Firs Test single user 1-1,text,true,,463,10422,1,1,http://localhost:3002/fir,29,0,0
1675771321969,9,FIr Creation Request,201,Created,Firs Test single user 1-1,text,true,,463,10422,1,1,http://localhost:3002/fir,9,0,0
1675771321979,11,FIr Creation Request,201,Created,Firs Test single user 1-1,text,true,,463,10422,1,1,http://localhost:3002/fir,11,0,0
1675771321992,6,FIr Creation Request,201,Created,Firs Test single user 1-1,text,true,,463,10422,1,1,http://localhost:3002/fir,6,0,0
1675771322000,7,FIr Creation Request,201,Created,Firs Test single user 1-1,text,true,,463,10422,1,1,http://localhost:3002/fir,7,0,0
1675771322013,5,FIr Creation Request,201,Created,Firs Test single user 1-1,text,true,,463,10422,1,1,http://localhost:3002/fir,5,0,0
1675771322020,7,FIr Creation Request,201,Created,Firs Test single user 1-1,text,true,,463,10422,1,1,http://localhost:3002/fir,7,0,0
1675771322028,6,FIr Creation Request,201,Created,Firs Test single user 1-1,text,true,,463,10422,1,1,http://localhost:3002/fir,6,0,0
1675771322035,6,FIr Creation Request,201,Created,Firs Test single user 1-1,text,true,,463,10422,1,1,http://localhost:3002/fir,6,0,0
1675771322042,6,FIr Creation Request,201,Created,Firs Test single user 1-1,text,true,,463,10422,1,1,http://localhost:3002/fir,6,0,0
1675771322049,7,FIr Creation Request,201,Created,Firs Test single user 1-1,text,true,,463,10422,1,1,http://localhost:3002/fir,7,0,0
1675771322057,6,FIr Creation Request,201,Created,Firs Test single user 1-1,text,true,,463,10422,1,1,http://localhost:3002/fir,6,0,1
1675771322065,10,FIr Creation Request,201,Created,Firs Test single user 1-1,text,true,,463,10422,1,1,http://localhost:3002/fir,10,0,0
1675771322076,7,FIr Creation Request,201,Created,Firs Test single user 1-1,text,true,,463,10422,1,1,http://localhost:3002/fir,7,0,1
1675771322084,163,FIr Creation Request,201,Created,Firs Test single user 1-1,text,true,,463,10422,1,1,http://localhost:3002/fir,163,0,0
1675771322251,22,FIr Creation Request,201,Created,Firs Test single user 1-1,text,true,,463,10422,1,1,http://localhost:3002/fir,22,0,1
1675771322274,9,FIr Creation Request,201,Created,Firs Test single user 1-1,text,true,,463,10422,1,1,http://localhost:3002/fir,9,0,1
1675771322284,6,FIr Creation Request,201,Created,Firs Test single user 1-1,text,true,,463,10422,1,1,http://localhost:3002/fir,6,0,0
1675771322292,29,FIr Creation Request,201,Created,Firs Test single user 1-1,text,true,,463,10422,1,1,http://localhost:3002/fir,29,0,0
1675771322323,6,FIr Creation Request,201,Created,Firs Test single user 1-1,text,true,,463,10422,1,1,http://localhost:3002/fir,6,0,0
1675771322330,8,FIr Creation Request,201,Created,Firs Test single user 1-1,text,true,,463,10422,1,1,http://localhost:3002/fir,8,0,0
1675771322339,6,FIr Creation Request,201,Created,Firs Test single user 1-1,text,true,,463,10422,1,1,http://localhost:3002/fir,6,0,0
1675771322346,11,FIr Creation Request,201,Created,Firs Test single user 1-1,text,true,,463,10422,1,1,http://localhost:3002/fir,11,0,1
1675771322358,7,FIr Creation Request,201,Created,Firs Test single user 1-1,text,true,,463,10422,1,1,http://localhost:3002/fir,7,0,0
1675771322366,6,FIr Creation Request,201,Created,Firs Test single user 1-1,text,true,,463,10422,1,1,http://localhost:3002/fir,6,0,0
1675771322374,6,FIr Creation Request,201,Created,Firs Test single user 1-1,text,true,,463,10422,1,1,http://localhost:3002/fir,6,0,0
1675771322381,6,FIr Creation Request,201,Created,Firs Test single user 1-1,text,true,,463,10422,1,1,http://localhost:3002/fir,6,0,0
1675771322388,7,FIr Creation Request,201,Created,Firs Test single user 1-1,text,true,,463,10422,1,1,http://localhost:3002/fir,7,0,0
1675771322396,6,FIr Creation Request,201,Created,Firs Test single user 1-1,text,true,,463,10422,1,1,http://localhost:3002/fir,6,0,0
1675771322403,273,FIr Creation Request,201,Created,Firs Test single user 1-1,text,true,,463,10422,1,1,http://localhost:3002/fir,273,0,0
1675771322689,9,FIr Creation Request,201,Created,Firs Test single user 1-1,text,true,,463,10422,1,1,http://localhost:3002/fir,9,0,0
1675771322699,8,FIr Creation Request,201,Created,Firs Test single user 1-1,text,true,,463,10422,1,1,http://localhost:3002/fir,8,0,1
1675771322708,7,FIr Creation Request,201,Created,Firs Test single user 1-1,text,true,,463,10422,1,1,http://localhost:3002/fir,7,0,0
1675771322717,7,FIr Creation Request,201,Created,Firs Test single user 1-1,text,true,,463,10422,1,1,http://localhost:3002/fir,7,0,0
1675771322725,29,FIr Creation Request,201,Created,Firs Test single user 1-1,text,true,,463,10422,1,1,http://localhost:3002/fir,29,0,0
1675771322756,10,FIr Creation Request,201,Created,Firs Test single user 1-1,text,true,,463,10422,1,1,http://localhost:3002/fir,10,0,0
1675771322768,6,FIr Creation Request,201,Created,Firs Test single user 1-1,text,true,,463,10422,1,1,http://localhost:3002/fir,6,0,0
1675771322775,8,FIr Creation Request,201,Created,Firs Test single user 1-1,text,true,,463,10422,1,1,http://localhost:3002/fir,8,0,0
1675771322784,7,FIr Creation Request,201,Created,Firs Test single user 1-1,text,true,,463,10422,1,1,http://localhost:3002/fir,7,0,0
1675771322792,7,FIr Creation Request,201,Created,Firs Test single user 1-1,text,true,,463,10422,1,1,http://localhost:3002/fir,7,0,0
1675771322801,7,FIr Creation Request,201,Created,Firs Test single user 1-1,text,true,,463,10422,1,1,http://localhost:3002/fir,7,0,0
1675771322809,7,FIr Creation Request,201,Created,Firs Test single user 1-1,text,true,,463,10422,1,1,http://localhost:3002/fir,7,0,1
1675771322818,7,FIr Creation Request,201,Created,Firs Test single user 1-1,text,true,,463,10422,1,1,http://localhost:3002/fir,7,0,0
1675771322826,7,FIr Creation Request,201,Created,Firs Test single user 1-1,text,true,,463,10422,1,1,http://localhost:3002/fir,7,0,0
1675771322834,7,FIr Creation Request,201,Created,Firs Test single user 1-1,text,true,,463,10422,1,1,http://localhost:3002/fir,7,0,1
1675771322907,6,FIr Creation Request,201,Created,Firs Test single user 1-1,text,true,,463,10422,1,1,http://localhost:3002/fir,6,0,0
1675771322914,11,FIr Creation Request,201,Created,Firs Test single user 1-1,text,true,,463,10422,1,1,http://localhost:3002/fir,11,0,0
1675771322926,8,FIr Creation Request,201,Created,Firs Test single user 1-1,text,true,,463,10422,1,1,http://localhost:3002/fir,8,0,0
1675771322935,7,FIr Creation Request,201,Created,Firs Test single user 1-1,text,true,,463,10422,1,1,http://localhost:3002/fir,7,0,0
1675771322943,8,FIr Creation Request,201,Created,Firs Test single user 1-1,text,true,,463,10422,1,1,http://localhost:3002/fir,8,0,0
1675771322952,6,FIr Creation Request,201,Created,Firs Test single user 1-1,text,true,,463,10422,1,1,http://localhost:3002/fir,6,0,0
1675771322959,9,FIr Creation Request,201,Created,Firs Test single user 1-1,text,true,,463,10422,1,1,http://localhost:3002/fir,9,0,1
1675771322969,6,FIr Creation Request,201,Created,Firs Test single user 1-1,text,true,,463,10422,1,1,http://localhost:3002/fir,6,0,0
1675771322976,7,FIr Creation Request,201,Created,Firs Test single user 1-1,text,true,,463,10422,1,1,http://localhost:3002/fir,7,0,0
1675771322985,7,FIr Creation Request,201,Created,Firs Test single user 1-1,text,true,,463,10422,1,1,http://localhost:3002/fir,7,0,0
1675771322993,7,FIr Creation Request,201,Created,Firs Test single user 1-1,text,true,,463,10422,1,1,http://localhost:3002/fir,7,0,0
1675771323001,7,FIr Creation Request,201,Created,Firs Test single user 1-1,text,true,,463,10422,1,1,http://localhost:3002/fir,7,0,1
1675771323010,7,FIr Creation Request,201,Created,Firs Test single user 1-1,text,true,,463,10422,1,1,http://localhost:3002/fir,7,0,0
1675771323018,7,FIr Creation Request,201,Created,Firs Test single user 1-1,text,true,,463,10422,1,1,http://localhost:3002/fir,7,0,0
1675771323026,7,FIr Creation Request,201,Created,Firs Test single user 1-1,text,true,,463,10422,1,1,http://localhost:3002/fir,7,0,0
1675771323038,8,FIr Creation Request,201,Created,Firs Test single user 1-1,text,true,,463,10422,1,1,http://localhost:3002/fir,8,0,0
1675771323047,7,FIr Creation Request,201,Created,Firs Test single user 1-1,text,true,,463,10422,1,1,http://localhost:3002/fir,7,0,0
1675771323055,9,FIr Creation Request,201,Created,Firs Test single user 1-1,text,true,,463,10422,1,1,http://localhost:3002/fir,9,0,0
1675771323065,6,FIr Creation Request,201,Created,Firs Test single user 1-1,text,true,,463,10422,1,1,http://localhost:3002/fir,6,0,0
1675771323072,288,FIr Creation Request,201,Created,Firs Test single user 1-1,text,true,,463,10422,1,1,http://localhost:3002/fir,288,0,0
1675771323365,11,FIr Creation Request,201,Created,Firs Test single user 1-1,text,true,,463,10422,1,1,http://localhost:3002/fir,11,0,0
1675771323378,7,FIr Creation Request,201,Created,Firs Test single user 1-1,text,true,,463,10422,1,1,http://localhost:3002/fir,7,0,0
1675771323386,10,FIr Creation Request,201,Created,Firs Test single user 1-1,text,true,,463,10422,1,1,http://localhost:3002/fir,10,0,0
1675771323397,7,FIr Creation Request,201,Created,Firs Test single user 1-1,text,true,,463,10422,1,1,http://localhost:3002/fir,7,0,0
1675771323405,8,FIr Creation Request,201,Created,Firs Test single user 1-1,text,true,,463,10422,1,1,http://localhost:3002/fir,8,0,1
1675771323414,6,FIr Creation Request,201,Created,Firs Test single user 1-1,text,true,,463,10422,1,1,http://localhost:3002/fir,6,0,0
1675771323422,8,FIr Creation Request,201,Created,Firs Test single user 1-1,text,true,,463,10422,1,1,http://localhost:3002/fir,8,0,0
1675771323431,7,FIr Creation Request,201,Created,Firs Test single user 1-1,text,true,,463,10422,1,1,http://localhost:3002/fir,7,0,0
1675771323440,6,FIr Creation Request,201,Created,Firs Test single user 1-1,text,true,,463,10422,1,1,http://localhost:3002/fir,6,0,0
1675771323447,7,FIr Creation Request,201,Created,Firs Test single user 1-1,text,true,,463,10422,1,1,http://localhost:3002/fir,7,0,0
1675771323455,7,FIr Creation Request,201,Created,Firs Test single user 1-1,text,true,,463,10422,1,1,http://localhost:3002/fir,7,0,0
1675771323463,9,FIr Creation Request,201,Created,Firs Test single user 1-1,text,true,,463,10422,1,1,http://localhost:3002/fir,9,0,0
1675771323473,7,FIr Creation Request,201,Created,Firs Test single user 1-1,text,true,,463,10422,1,1,http://localhost:3002/fir,7,0,0
1675771323481,8,FIr Creation Request,201,Created,Firs Test single user 1-1,text,true,,463,10422,1,1,http://localhost:3002/fir,8,0,0
1675771323490,10,FIr Creation Request,201,Created,Firs Test single user 1-1,text,true,,463,10422,1,1,http://localhost:3002/fir,10,0,0
1675771323501,8,FIr Creation Request,201,Created,Firs Test single user 1-1,text,true,,463,10422,1,1,http://localhost:3002/fir,8,0,0
1675771323510,7,FIr Creation Request,201,Created,Firs Test single user 1-1,text,true,,463,10422,1,1,http://localhost:3002/fir,7,0,0
1675771323518,11,FIr Creation Request,201,Created,Firs Test single user 1-1,text,true,,463,10422,1,1,http://localhost:3002/fir,11,0,0
1675771323530,7,FIr Creation Request,201,Created,Firs Test single user 1-1,text,true,,463,10422,1,1,http://localhost:3002/fir,7,0,0
1675771323539,6,FIr Creation Request,201,Created,Firs Test single user 1-1,text,true,,463,10422,1,1,http://localhost:3002/fir,6,0,0
1675771323549,9,FIr Creation Request,201,Created,Firs Test single user 1-1,text,true,,463,10422,1,1,http://localhost:3002/fir,9,0,1
1675771323559,7,FIr Creation Request,201,Created,Firs Test single user 1-1,text,true,,463,10422,1,1,http://localhost:3002/fir,7,0,0
1675771323567,8,FIr Creation Request,201,Created,Firs Test single user 1-1,text,true,,463,10422,1,1,http://localhost:3002/fir,8,0,1
1675771323576,7,FIr Creation Request,201,Created,Firs Test single user 1-1,text,true,,463,10422,1,1,http://localhost:3002/fir,7,0,1
1675771323584,8,FIr Creation Request,201,Created,Firs Test single user 1-1,text,true,,463,10422,1,1,http://localhost:3002/fir,8,0,1
1675771323593,7,FIr Creation Request,201,Created,Firs Test single user 1-1,text,true,,463,10422,1,1,http://localhost:3002/fir,7,0,0
1675771323601,8,FIr Creation Request,201,Created,Firs Test single user 1-1,text,true,,463,10422,1,1,http://localhost:3002/fir,8,0,1
1675771323610,7,FIr Creation Request,201,Created,Firs Test single user 1-1,text,true,,463,10422,1,1,http://localhost:3002/fir,7,0,1
1675771323618,17,FIr Creation Request,201,Created,Firs Test single user 1-1,text,true,,463,10422,1,1,http://localhost:3002/fir,17,0,0
1675771323636,7,FIr Creation Request,201,Created,Firs Test single user 1-1,text,true,,463,10422,1,1,http://localhost:3002/fir,7,0,0
1675771323644,8,FIr Creation Request,201,Created,Firs Test single user 1-1,text,true,,463,10422,1,1,http://localhost:3002/fir,8,0,0
1675771323653,7,FIr Creation Request,201,Created,Firs Test single user 1-1,text,true,,463,10422,1,1,http://localhost:3002/fir,7,0,0
1675771323662,5,FIr Creation Request,201,Created,Firs Test single user 1-1,text,true,,463,10422,1,1,http://localhost:3002/fir,5,0,0
1675771323669,5,FIr Creation Request,201,Created,Firs Test single user 1-1,text,true,,463,10422,1,1,http://localhost:3002/fir,5,0,0
1675771323675,6,FIr Creation Request,201,Created,Firs Test single user 1-1,text,true,,463,10422,1,1,http://localhost:3002/fir,6,0,1
1675771323682,6,FIr Creation Request,201,Created,Firs Test single user 1-1,text,true,,463,10422,1,1,http://localhost:3002/fir,6,0,1
1675771323689,7,FIr Creation Request,201,Created,Firs Test single user 1-1,text,true,,463,10422,1,1,http://localhost:3002/fir,7,0,0
1675771323703,8,FIr Creation Request,201,Created,Firs Test single user 1-1,text,true,,463,10422,1,1,http://localhost:3002/fir,8,0,0
1675771323712,6,FIr Creation Request,201,Created,Firs Test single user 1-1,text,true,,463,10422,1,1,http://localhost:3002/fir,6,0,1
1675771323720,5,FIr Creation Request,201,Created,Firs Test single user 1-1,text,true,,463,10422,1,1,http://localhost:3002/fir,5,0,0
1675771323727,6,FIr Creation Request,201,Created,Firs Test single user 1-1,text,true,,463,10422,1,1,http://localhost:3002/fir,6,0,0
1675771323734,6,FIr Creation Request,201,Created,Firs Test single user 1-1,text,true,,463,10422,1,1,http://localhost:3002/fir,6,0,1
1675771323741,6,FIr Creation Request,201,Created,Firs Test single user 1-1,text,true,,463,10422,1,1,http://localhost:3002/fir,6,0,0
1675771323748,6,FIr Creation Request,201,Created,Firs Test single user 1-1,text,true,,463,10422,1,1,http://localhost:3002/fir,6,0,0
1675771323755,7,FIr Creation Request,201,Created,Firs Test single user 1-1,text,true,,463,10422,1,1,http://localhost:3002/fir,7,0,0
1675771323763,6,FIr Creation Request,201,Created,Firs Test single user 1-1,text,true,,463,10422,1,1,http://localhost:3002/fir,6,0,0
1675771323771,8,FIr Creation Request,201,Created,Firs Test single user 1-1,text,true,,463,10422,1,1,http://localhost:3002/fir,8,0,0
1675771323781,7,FIr Creation Request,201,Created,Firs Test single user 1-1,text,true,,463,10422,1,1,http://localhost:3002/fir,7,0,0
1675771323789,6,FIr Creation Request,201,Created,Firs Test single user 1-1,text,true,,463,10422,1,1,http://localhost:3002/fir,6,0,1
1675771323797,7,FIr Creation Request,201,Created,Firs Test single user 1-1,text,true,,463,10422,1,1,http://localhost:3002/fir,7,0,0
1675771323805,8,FIr Creation Request,201,Created,Firs Test single user 1-1,text,true,,463,10422,1,1,http://localhost:3002/fir,8,0,1
1675771323814,7,FIr Creation Request,201,Created,Firs Test single user 1-1,text,true,,463,10422,1,1,http://localhost:3002/fir,7,0,0
1675771323823,11,FIr Creation Request,201,Created,Firs Test single user 1-1,text,true,,463,10422,1,1,http://localhost:3002/fir,11,0,0
1675771323835,7,FIr Creation Request,201,Created,Firs Test single user 1-1,text,true,,463,10422,1,1,http://localhost:3002/fir,7,0,1
1675771323843,8,FIr Creation Request,201,Created,Firs Test single user 1-1,text,true,,463,10422,1,1,http://localhost:3002/fir,8,0,0
1675771323852,7,FIr Creation Request,201,Created,Firs Test single user 1-1,text,true,,463,10422,1,1,http://localhost:3002/fir,7,0,0
1675771323860,8,FIr Creation Request,201,Created,Firs Test single user 1-1,text,true,,463,10422,1,1,http://localhost:3002/fir,8,0,0
1675771323869,7,FIr Creation Request,201,Created,Firs Test single user 1-1,text,true,,463,10422,1,1,http://localhost:3002/fir,7,0,0
1675771323877,7,FIr Creation Request,201,Created,Firs Test single user 1-1,text,true,,463,10422,1,1,http://localhost:3002/fir,7,0,0
1675771323885,11,FIr Creation Request,201,Created,Firs Test single user 1-1,text,true,,463,10422,1,1,http://localhost:3002/fir,11,0,0
1675771323897,6,FIr Creation Request,201,Created,Firs Test single user 1-1,text,true,,463,10422,1,1,http://localhost:3002/fir,6,0,0
1675771323904,6,FIr Creation Request,201,Created,Firs Test single user 1-1,text,true,,463,10422,1,1,http://localhost:3002/fir,6,0,0
1675771323911,10,FIr Creation Request,201,Created,Firs Test single user 1-1,text,true,,463,10422,1,1,http://localhost:3002/fir,10,0,1
1675771323923,6,FIr Creation Request,201,Created,Firs Test single user 1-1,text,true,,463,10422,1,1,http://localhost:3002/fir,6,0,0
1675771323930,6,FIr Creation Request,201,Created,Firs Test single user 1-1,text,true,,463,10422,1,1,http://localhost:3002/fir,6,0,0
1675771323937,6,FIr Creation Request,201,Created,Firs Test single user 1-1,text,true,,463,10422,1,1,http://localhost:3002/fir,6,0,0
1675771323945,5,FIr Creation Request,201,Created,Firs Test single user 1-1,text,true,,463,10422,1,1,http://localhost:3002/fir,5,0,0
1675771323952,7,FIr Creation Request,201,Created,Firs Test single user 1-1,text,true,,463,10422,1,1,http://localhost:3002/fir,7,0,0
1675771323960,7,FIr Creation Request,201,Created,Firs Test single user 1-1,text,true,,463,10422,1,1,http://localhost:3002/fir,7,0,0
1675771323968,30,FIr Creation Request,201,Created,Firs Test single user 1-1,text,true,,463,10422,1,1,http://localhost:3002/fir,30,0,1
1675771323999,7,FIr Creation Request,201,Created,Firs Test single user 1-1,text,true,,463,10422,1,1,http://localhost:3002/fir,7,0,0
1675771324007,7,FIr Creation Request,201,Created,Firs Test single user 1-1,text,true,,463,10422,1,1,http://localhost:3002/fir,7,0,0
1675771324015,6,FIr Creation Request,201,Created,Firs Test single user 1-1,text,true,,463,10422,1,1,http://localhost:3002/fir,6,0,0
1675771324022,7,FIr Creation Request,201,Created,Firs Test single user 1-1,text,true,,463,10422,1,1,http://localhost:3002/fir,7,0,1
1675771324031,7,FIr Creation Request,201,Created,Firs Test single user 1-1,text,true,,463,10422,1,1,http://localhost:3002/fir,7,0,0
1675771324039,6,FIr Creation Request,201,Created,Firs Test single user 1-1,text,true,,463,10422,1,1,http://localhost:3002/fir,6,0,1
1675771324047,6,FIr Creation Request,201,Created,Firs Test single user 1-1,text,true,,463,10422,1,1,http://localhost:3002/fir,6,0,0
1675771324060,6,FIr Creation Request,201,Created,Firs Test single user 1-1,text,true,,463,10422,1,1,http://localhost:3002/fir,6,0,0
1675771324068,6,FIr Creation Request,201,Created,Firs Test single user 1-1,text,true,,463,10422,1,1,http://localhost:3002/fir,6,0,0
1675771324075,8,FIr Creation Request,201,Created,Firs Test single user 1-1,text,true,,463,10422,1,1,http://localhost:3002/fir,8,0,0
1675771324085,7,FIr Creation Request,201,Created,Firs Test single user 1-1,text,true,,463,10422,1,1,http://localhost:3002/fir,7,0,0
1675771324093,6,FIr Creation Request,201,Created,Firs Test single user 1-1,text,true,,463,10422,1,1,http://localhost:3002/fir,6,0,0
1675771324100,6,FIr Creation Request,201,Created,Firs Test single user 1-1,text,true,,463,10422,1,1,http://localhost:3002/fir,6,0,0
1675771324108,10,FIr Creation Request,201,Created,Firs Test single user 1-1,text,true,,463,10422,1,1,http://localhost:3002/fir,10,0,0
1675771324119,7,FIr Creation Request,201,Created,Firs Test single user 1-1,text,true,,463,10422,1,1,http://localhost:3002/fir,7,0,0
1675771324127,7,FIr Creation Request,201,Created,Firs Test single user 1-1,text,true,,463,10422,1,1,http://localhost:3002/fir,7,0,0
1675771324135,8,FIr Creation Request,201,Created,Firs Test single user 1-1,text,true,,463,10422,1,1,http://localhost:3002/fir,8,0,1
1675771324145,6,FIr Creation Request,201,Created,Firs Test single user 1-1,text,true,,463,10422,1,1,http://localhost:3002/fir,6,0,0
1675771324152,8,FIr Creation Request,201,Created,Firs Test single user 1-1,text,true,,463,10422,1,1,http://localhost:3002/fir,8,0,0
1675771324161,7,FIr Creation Request,201,Created,Firs Test single user 1-1,text,true,,463,10422,1,1,http://localhost:3002/fir,7,0,0
1675771324170,6,FIr Creation Request,201,Created,Firs Test single user 1-1,text,true,,463,10422,1,1,http://localhost:3002/fir,6,0,0
1675771324178,6,FIr Creation Request,201,Created,Firs Test single user 1-1,text,true,,463,10422,1,1,http://localhost:3002/fir,6,0,0
1675771324185,8,FIr Creation Request,201,Created,Firs Test single user 1-1,text,true,,463,10422,1,1,http://localhost:3002/fir,8,0,1
1675771324194,8,FIr Creation Request,201,Created,Firs Test single user 1-1,text,true,,463,10422,1,1,http://localhost:3002/fir,8,0,1
1675771324203,10,FIr Creation Request,201,Created,Firs Test single user 1-1,text,true,,463,10422,1,1,http://localhost:3002/fir,10,0,0
1675771324216,10,FIr Creation Request,201,Created,Firs Test single user 1-1,text,true,,463,10422,1,1,http://localhost:3002/fir,10,0,0
1675771324228,7,FIr Creation Request,201,Created,Firs Test single user 1-1,text,true,,463,10422,1,1,http://localhost:3002/fir,7,0,0
1675771324236,7,FIr Creation Request,201,Created,Firs Test single user 1-1,text,true,,463,10422,1,1,http://localhost:3002/fir,7,0,0
1675771324244,7,FIr Creation Request,201,Created,Firs Test single user 1-1,text,true,,463,10422,1,1,http://localhost:3002/fir,7,0,0
1675771324253,7,FIr Creation Request,201,Created,Firs Test single user 1-1,text,true,,463,10422,1,1,http://localhost:3002/fir,7,0,0
1675771324261,7,FIr Creation Request,201,Created,Firs Test single user 1-1,text,true,,463,10422,1,1,http://localhost:3002/fir,7,0,0
1675771324270,7,FIr Creation Request,201,Created,Firs Test single user 1-1,text,true,,463,10422,1,1,http://localhost:3002/fir,7,0,0
1675771324278,7,FIr Creation Request,201,Created,Firs Test single user 1-1,text,true,,463,10422,1,1,http://localhost:3002/fir,7,0,0
1675771324286,7,FIr Creation Request,201,Created,Firs Test single user 1-1,text,true,,463,10422,1,1,http://localhost:3002/fir,7,0,1
1675771324294,7,FIr Creation Request,201,Created,Firs Test single user 1-1,text,true,,463,10422,1,1,http://localhost:3002/fir,7,0,0
1675771324303,6,FIr Creation Request,201,Created,Firs Test single user 1-1,text,true,,463,10422,1,1,http://localhost:3002/fir,6,0,0
1675771324310,8,FIr Creation Request,201,Created,Firs Test single user 1-1,text,true,,463,10422,1,1,http://localhost:3002/fir,8,0,0
1675771324319,7,FIr Creation Request,201,Created,Firs Test single user 1-1,text,true,,463,10422,1,1,http://localhost:3002/fir,7,0,0
1675771324327,7,FIr Creation Request,201,Created,Firs Test single user 1-1,text,true,,463,10422,1,1,http://localhost:3002/fir,7,0,0
1675771324336,7,FIr Creation Request,201,Created,Firs Test single user 1-1,text,true,,463,10422,1,1,http://localhost:3002/fir,7,0,0
1675771324344,7,FIr Creation Request,201,Created,Firs Test single user 1-1,text,true,,463,10422,1,1,http://localhost:3002/fir,7,0,0
1675771324352,7,FIr Creation Request,201,Created,Firs Test single user 1-1,text,true,,463,10422,1,1,http://localhost:3002/fir,7,0,0
1675771324361,7,FIr Creation Request,201,Created,Firs Test single user 1-1,text,true,,463,10422,1,1,http://localhost:3002/fir,7,0,0
1675771324370,7,FIr Creation Request,201,Created,Firs Test single user 1-1,text,true,,463,10422,1,1,http://localhost:3002/fir,7,0,0
1675771324378,7,FIr Creation Request,201,Created,Firs Test single user 1-1,text,true,,463,10422,1,1,http://localhost:3002/fir,7,0,1
1675771324386,7,FIr Creation Request,201,Created,Firs Test single user 1-1,text,true,,463,10422,1,1,http://localhost:3002/fir,7,0,0
1675771324395,6,FIr Creation Request,201,Created,Firs Test single user 1-1,text,true,,463,10422,1,1,http://localhost:3002/fir,6,0,0
1675771324402,8,FIr Creation Request,201,Created,Firs Test single user 1-1,text,true,,463,10422,1,1,http://localhost:3002/fir,8,0,1
1675771324411,7,FIr Creation Request,201,Created,Firs Test single user 1-1,text,true,,463,10422,1,1,http://localhost:3002/fir,7,0,1
1675771324419,7,FIr Creation Request,201,Created,Firs Test single user 1-1,text,true,,463,10422,1,1,http://localhost:3002/fir,7,0,0
1675771324427,261,FIr Creation Request,201,Created,Firs Test single user 1-1,text,true,,463,10422,1,1,http://localhost:3002/fir,261,0,1
1675771324693,380,FIr Creation Request,201,Created,Firs Test single user 1-1,text,true,,463,10422,1,1,http://localhost:3002/fir,380,0,1
1675771325080,15,FIr Creation Request,201,Created,Firs Test single user 1-1,text,true,,463,10422,1,1,http://localhost:3002/fir,15,0,1
1675771325096,19,FIr Creation Request,201,Created,Firs Test single user 1-1,text,true,,463,10422,1,1,http://localhost:3002/fir,19,0,0
1675771325117,5,FIr Creation Request,201,Created,Firs Test single user 1-1,text,true,,463,10422,1,1,http://localhost:3002/fir,5,0,0
1675771325124,9,FIr Creation Request,201,Created,Firs Test single user 1-1,text,true,,463,10422,1,1,http://localhost:3002/fir,9,0,0
1675771325134,7,FIr Creation Request,201,Created,Firs Test single user 1-1,text,true,,463,10422,1,1,http://localhost:3002/fir,7,0,1
1675771325142,6,FIr Creation Request,201,Created,Firs Test single user 1-1,text,true,,463,10422,1,1,http://localhost:3002/fir,6,0,0
1675771325149,10,FIr Creation Request,201,Created,Firs Test single user 1-1,text,true,,463,10422,1,1,http://localhost:3002/fir,10,0,1
1675771325160,6,FIr Creation Request,201,Created,Firs Test single user 1-1,text,true,,463,10422,1,1,http://localhost:3002/fir,6,0,0
1675771325167,6,FIr Creation Request,201,Created,Firs Test single user 1-1,text,true,,463,10422,1,1,http://localhost:3002/fir,6,0,0
1675771325174,6,FIr Creation Request,201,Created,Firs Test single user 1-1,text,true,,463,10422,1,1,http://localhost:3002/fir,6,0,0
1675771325181,7,FIr Creation Request,201,Created,Firs Test single user 1-1,text,true,,463,10422,1,1,http://localhost:3002/fir,7,0,1
1675771325189,8,FIr Creation Request,201,Created,Firs Test single user 1-1,text,true,,463,10422,1,1,http://localhost:3002/fir,8,0,0
1675771325198,8,FIr Creation Request,201,Created,Firs Test single user 1-1,text,true,,463,10422,1,1,http://localhost:3002/fir,8,0,0
1675771325207,6,FIr Creation Request,201,Created,Firs Test single user 1-1,text,true,,463,10422,1,1,http://localhost:3002/fir,6,0,0
1675771325214,8,FIr Creation Request,201,Created,Firs Test single user 1-1,text,true,,463,10422,1,1,http://localhost:3002/fir,8,0,0
1675771325223,6,FIr Creation Request,201,Created,Firs Test single user 1-1,text,true,,463,10422,1,1,http://localhost:3002/fir,6,0,0
1675771325231,8,FIr Creation Request,201,Created,Firs Test single user 1-1,text,true,,463,10422,1,1,http://localhost:3002/fir,8,0,0
1675771325244,9,FIr Creation Request,201,Created,Firs Test single user 1-1,text,true,,463,10422,1,1,http://localhost:3002/fir,9,0,1
1675771325254,7,FIr Creation Request,201,Created,Firs Test single user 1-1,text,true,,463,10422,1,1,http://localhost:3002/fir,7,0,0
1675771325262,6,FIr Creation Request,201,Created,Firs Test single user 1-1,text,true,,463,10422,1,1,http://localhost:3002/fir,6,0,0
1675771325270,8,FIr Creation Request,201,Created,Firs Test single user 1-1,text,true,,463,10422,1,1,http://localhost:3002/fir,8,0,0
1675771325279,7,FIr Creation Request,201,Created,Firs Test single user 1-1,text,true,,463,10422,1,1,http://localhost:3002/fir,7,0,0
1675771325287,6,FIr Creation Request,201,Created,Firs Test single user 1-1,text,true,,463,10422,1,1,http://localhost:3002/fir,6,0,0
1675771325294,9,FIr Creation Request,201,Created,Firs Test single user 1-1,text,true,,463,10422,1,1,http://localhost:3002/fir,9,0,1
1675771325304,7,FIr Creation Request,201,Created,Firs Test single user 1-1,text,true,,463,10422,1,1,http://localhost:3002/fir,7,0,0
1675771325312,7,FIr Creation Request,201,Created,Firs Test single user 1-1,text,true,,463,10422,1,1,http://localhost:3002/fir,7,0,0
1675771325320,7,FIr Creation Request,201,Created,Firs Test single user 1-1,text,true,,463,10422,1,1,http://localhost:3002/fir,7,0,1
1675771325328,7,FIr Creation Request,201,Created,Firs Test single user 1-1,text,true,,463,10422,1,1,http://localhost:3002/fir,7,0,1
1675771325336,7,FIr Creation Request,201,Created,Firs Test single user 1-1,text,true,,463,10422,1,1,http://localhost:3002/fir,7,0,0
1675771325344,7,FIr Creation Request,201,Created,Firs Test single user 1-1,text,true,,463,10422,1,1,http://localhost:3002/fir,7,0,0
1675771325352,6,FIr Creation Request,201,Created,Firs Test single user 1-1,text,true,,463,10422,1,1,http://localhost:3002/fir,6,0,0
1675771325359,6,FIr Creation Request,201,Created,Firs Test single user 1-1,text,true,,463,10422,1,1,http://localhost:3002/fir,6,0,0
1675771325366,7,FIr Creation Request,201,Created,Firs Test single user 1-1,text,true,,463,10422,1,1,http://localhost:3002/fir,7,0,1
1675771325374,7,FIr Creation Request,201,Created,Firs Test single user 1-1,text,true,,463,10422,1,1,http://localhost:3002/fir,7,0,0
1675771325383,7,FIr Creation Request,201,Created,Firs Test single user 1-1,text,true,,463,10422,1,1,http://localhost:3002/fir,7,0,0
1675771325391,8,FIr Creation Request,201,Created,Firs Test single user 1-1,text,true,,463,10422,1,1,http://localhost:3002/fir,8,0,1
1675771325400,7,FIr Creation Request,201,Created,Firs Test single user 1-1,text,true,,463,10422,1,1,http://localhost:3002/fir,7,0,0
1675771325408,7,FIr Creation Request,201,Created,Firs Test single user 1-1,text,true,,463,10422,1,1,http://localhost:3002/fir,7,0,1
1675771325416,7,FIr Creation Request,201,Created,Firs Test single user 1-1,text,true,,463,10422,1,1,http://localhost:3002/fir,7,0,0
1675771325425,6,FIr Creation Request,201,Created,Firs Test single user 1-1,text,true,,463,10422,1,1,http://localhost:3002/fir,6,0,0
1675771325432,7,FIr Creation Request,201,Created,Firs Test single user 1-1,text,true,,463,10422,1,1,http://localhost:3002/fir,7,0,0
1675771325440,8,FIr Creation Request,201,Created,Firs Test single user 1-1,text,true,,463,10422,1,1,http://localhost:3002/fir,8,0,0
1675771325450,5,FIr Creation Request,201,Created,Firs Test single user 1-1,text,true,,463,10422,1,1,http://localhost:3002/fir,5,0,0
1675771325456,6,FIr Creation Request,201,Created,Firs Test single user 1-1,text,true,,463,10422,1,1,http://localhost:3002/fir,6,0,1
1675771325463,5,FIr Creation Request,201,Created,Firs Test single user 1-1,text,true,,463,10422,1,1,http://localhost:3002/fir,5,0,0
1675771325470,6,FIr Creation Request,201,Created,Firs Test single user 1-1,text,true,,463,10422,1,1,http://localhost:3002/fir,6,0,0
1675771325477,6,FIr Creation Request,201,Created,Firs Test single user 1-1,text,true,,463,10422,1,1,http://localhost:3002/fir,6,0,0
1675771325484,6,FIr Creation Request,201,Created,Firs Test single user 1-1,text,true,,463,10422,1,1,http://localhost:3002/fir,6,0,0
1675771325491,6,FIr Creation Request,201,Created,Firs Test single user 1-1,text,true,,463,10422,1,1,http://localhost:3002/fir,6,0,0
1675771325498,8,FIr Creation Request,201,Created,Firs Test single user 1-1,text,true,,463,10422,1,1,http://localhost:3002/fir,8,0,1
1675771325508,6,FIr Creation Request,201,Created,Firs Test single user 1-1,text,true,,463,10422,1,1,http://localhost:3002/fir,6,0,0
1675771325515,6,FIr Creation Request,201,Created,Firs Test single user 1-1,text,true,,463,10422,1,1,http://localhost:3002/fir,6,0,0
1675771325522,6,FIr Creation Request,201,Created,Firs Test single user 1-1,text,true,,463,10422,1,1,http://localhost:3002/fir,6,0,0
1675771325529,7,FIr Creation Request,201,Created,Firs Test single user 1-1,text,true,,463,10422,1,1,http://localhost:3002/fir,7,0,0
1675771325537,6,FIr Creation Request,201,Created,Firs Test single user 1-1,text,true,,463,10422,1,1,http://localhost:3002/fir,6,0,0
1675771325545,8,FIr Creation Request,201,Created,Firs Test single user 1-1,text,true,,463,10422,1,1,http://localhost:3002/fir,8,0,0
1675771325554,7,FIr Creation Request,201,Created,Firs Test single user 1-1,text,true,,463,10422,1,1,http://localhost:3002/fir,7,0,0
1675771325562,8,FIr Creation Request,201,Created,Firs Test single user 1-1,text,true,,463,10422,1,1,http://localhost:3002/fir,8,0,0
1675771325571,7,FIr Creation Request,201,Created,Firs Test single user 1-1,text,true,,463,10422,1,1,http://localhost:3002/fir,7,0,0
1675771325584,10,FIr Creation Request,201,Created,Firs Test single user 1-1,text,true,,463,10422,1,1,http://localhost:3002/fir,10,0,0
1675771325595,8,FIr Creation Request,201,Created,Firs Test single user 1-1,text,true,,463,10422,1,1,http://localhost:3002/fir,8,0,0
1675771325604,7,FIr Creation Request,201,Created,Firs Test single user 1-1,text,true,,463,10422,1,1,http://localhost:3002/fir,7,0,0
1675771325613,7,FIr Creation Request,201,Created,Firs Test single user 1-1,text,true,,463,10422,1,1,http://localhost:3002/fir,7,0,0
1675771325621,7,FIr Creation Request,201,Created,Firs Test single user 1-1,text,true,,463,10422,1,1,http://localhost:3002/fir,7,0,1
1675771325629,7,FIr Creation Request,201,Created,Firs Test single user 1-1,text,true,,463,10422,1,1,http://localhost:3002/fir,7,0,0
1675771325637,7,FIr Creation Request,201,Created,Firs Test single user 1-1,text,true,,463,10422,1,1,http://localhost:3002/fir,7,0,0
1675771325646,7,FIr Creation Request,201,Created,Firs Test single user 1-1,text,true,,463,10422,1,1,http://localhost:3002/fir,7,0,0
1675771325654,7,FIr Creation Request,201,Created,Firs Test single user 1-1,text,true,,463,10422,1,1,http://localhost:3002/fir,7,0,1
1675771325662,7,FIr Creation Request,201,Created,Firs Test single user 1-1,text,true,,463,10422,1,1,http://localhost:3002/fir,7,0,0
1675771325671,7,FIr Creation Request,201,Created,Firs Test single user 1-1,text,true,,463,10422,1,1,http://localhost:3002/fir,7,0,0
1675771325679,7,FIr Creation Request,201,Created,Firs Test single user 1-1,text,true,,463,10422,1,1,http://localhost:3002/fir,7,0,0
1675771325687,7,FIr Creation Request,201,Created,Firs Test single user 1-1,text,true,,463,10422,1,1,http://localhost:3002/fir,7,0,1
1675771325696,7,FIr Creation Request,201,Created,Firs Test single user 1-1,text,true,,463,10422,1,1,http://localhost:3002/fir,7,0,0
1675771325704,8,FIr Creation Request,201,Created,Firs Test single user 1-1,text,true,,463,10422,1,1,http://localhost:3002/fir,8,0,0
1675771325713,7,FIr Creation Request,201,Created,Firs Test single user 1-1,text,true,,463,10422,1,1,http://localhost:3002/fir,7,0,0
1675771325721,6,FIr Creation Request,201,Created,Firs Test single user 1-1,text,true,,463,10422,1,1,http://localhost:3002/fir,6,0,0
1675771325728,11,FIr Creation Request,201,Created,Firs Test single user 1-1,text,true,,463,10422,1,1,http://localhost:3002/fir,11,0,1
1675771325740,6,FIr Creation Request,201,Created,Firs Test single user 1-1,text,true,,463,10422,1,1,http://localhost:3002/fir,6,0,0
1675771325748,6,FIr Creation Request,201,Created,Firs Test single user 1-1,text,true,,463,10422,1,1,http://localhost:3002/fir,6,0,0
1675771325757,7,FIr Creation Request,201,Created,Firs Test single user 1-1,text,true,,463,10422,1,1,http://localhost:3002/fir,7,0,0
1675771325765,7,FIr Creation Request,201,Created,Firs Test single user 1-1,text,true,,463,10422,1,1,http://localhost:3002/fir,7,0,0
1675771325773,8,FIr Creation Request,201,Created,Firs Test single user 1-1,text,true,,463,10422,1,1,http://localhost:3002/fir,8,0,1
1675771325782,7,FIr Creation Request,201,Created,Firs Test single user 1-1,text,true,,463,10422,1,1,http://localhost:3002/fir,7,0,0
1675771325790,581,FIr Creation Request,201,Created,Firs Test single user 1-1,text,true,,463,10422,1,1,http://localhost:3002/fir,581,0,0
1675771326375,46,FIr Creation Request,201,Created,Firs Test single user 1-1,text,true,,463,10422,1,1,http://localhost:3002/fir,46,0,0
1675771326424,8,FIr Creation Request,201,Created,Firs Test single user 1-1,text,true,,463,10422,1,1,http://localhost:3002/fir,8,0,0
1675771326434,6,FIr Creation Request,201,Created,Firs Test single user 1-1,text,true,,463,10422,1,1,http://localhost:3002/fir,6,0,0
1675771326441,7,FIr Creation Request,201,Created,Firs Test single user 1-1,text,true,,463,10422,1,1,http://localhost:3002/fir,7,0,0
1675771326450,6,FIr Creation Request,201,Created,Firs Test single user 1-1,text,true,,463,10422,1,1,http://localhost:3002/fir,6,0,0
1675771326457,8,FIr Creation Request,201,Created,Firs Test single user 1-1,text,true,,463,10422,1,1,http://localhost:3002/fir,8,0,0
1675771326466,7,FIr Creation Request,201,Created,Firs Test single user 1-1,text,true,,463,10422,1,1,http://localhost:3002/fir,7,0,0
1675771326475,6,FIr Creation Request,201,Created,Firs Test single user 1-1,text,true,,463,10422,1,1,http://localhost:3002/fir,6,0,0
1675771326483,7,FIr Creation Request,201,Created,Firs Test single user 1-1,text,true,,463,10422,1,1,http://localhost:3002/fir,7,0,0
1675771326491,8,FIr Creation Request,201,Created,Firs Test single user 1-1,text,true,,463,10422,1,1,http://localhost:3002/fir,8,0,0
1675771326500,7,FIr Creation Request,201,Created,Firs Test single user 1-1,text,true,,463,10422,1,1,http://localhost:3002/fir,7,0,1
1675771326508,8,FIr Creation Request,201,Created,Firs Test single user 1-1,text,true,,463,10422,1,1,http://localhost:3002/fir,8,0,0
1675771326517,6,FIr Creation Request,201,Created,Firs Test single user 1-1,text,true,,463,10422,1,1,http://localhost:3002/fir,6,0,0
1675771326524,8,FIr Creation Request,201,Created,Firs Test single user 1-1,text,true,,463,10422,1,1,http://localhost:3002/fir,8,0,1
1675771326534,6,FIr Creation Request,201,Created,Firs Test single user 1-1,text,true,,463,10422,1,1,http://localhost:3002/fir,6,0,0
1675771326542,6,FIr Creation Request,201,Created,Firs Test single user 1-1,text,true,,463,10422,1,1,http://localhost:3002/fir,6,0,0
1675771326549,9,FIr Creation Request,201,Created,Firs Test single user 1-1,text,true,,463,10422,1,1,http://localhost:3002/fir,9,0,1
1675771326559,7,FIr Creation Request,201,Created,Firs Test single user 1-1,text,true,,463,10422,1,1,http://localhost:3002/fir,7,0,0
1675771326567,6,FIr Creation Request,201,Created,Firs Test single user 1-1,text,true,,463,10422,1,1,http://localhost:3002/fir,6,0,0
1675771326575,7,FIr Creation Request,201,Created,Firs Test single user 1-1,text,true,,463,10422,1,1,http://localhost:3002/fir,7,0,0
1675771326583,7,FIr Creation Request,201,Created,Firs Test single user 1-1,text,true,,463,10422,1,1,http://localhost:3002/fir,7,0,0
1675771326592,6,FIr Creation Request,201,Created,Firs Test single user 1-1,text,true,,463,10422,1,1,http://localhost:3002/fir,6,0,0
1675771326607,17,FIr Creation Request,201,Created,Firs Test single user 1-1,text,true,,463,10422,1,1,http://localhost:3002/fir,17,0,0
1675771326625,234,FIr Creation Request,201,Created,Firs Test single user 1-1,text,true,,463,10422,1,1,http://localhost:3002/fir,234,0,0
1675771326865,15,FIr Creation Request,201,Created,Firs Test single user 1-1,text,true,,463,10422,1,1,http://localhost:3002/fir,15,0,0
1675771326882,122,FIr Creation Request,201,Created,Firs Test single user 1-1,text,true,,463,10422,1,1,http://localhost:3002/fir,122,0,0
1675771327006,7,FIr Creation Request,201,Created,Firs Test single user 1-1,text,true,,463,10422,1,1,http://localhost:3002/fir,7,0,0
1675771327014,7,FIr Creation Request,201,Created,Firs Test single user 1-1,text,true,,463,10422,1,1,http://localhost:3002/fir,7,0,0
1675771327022,6,FIr Creation Request,201,Created,Firs Test single user 1-1,text,true,,463,10422,1,1,http://localhost:3002/fir,6,0,0
1675771327030,6,FIr Creation Request,201,Created,Firs Test single user 1-1,text,true,,463,10422,1,1,http://localhost:3002/fir,6,0,0
1675771327038,24,FIr Creation Request,201,Created,Firs Test single user 1-1,text,true,,463,10422,1,1,http://localhost:3002/fir,24,0,0
1675771327064,7,FIr Creation Request,201,Created,Firs Test single user 1-1,text,true,,463,10422,1,1,http://localhost:3002/fir,7,0,0
1675771327072,7,FIr Creation Request,201,Created,Firs Test single user 1-1,text,true,,463,10422,1,1,http://localhost:3002/fir,7,0,1
1675771327081,6,FIr Creation Request,201,Created,Firs Test single user 1-1,text,true,,463,10422,1,1,http://localhost:3002/fir,6,0,0
1675771327088,7,FIr Creation Request,201,Created,Firs Test single user 1-1,text,true,,463,10422,1,1,http://localhost:3002/fir,7,0,0
1675771327096,8,FIr Creation Request,201,Created,Firs Test single user 1-1,text,true,,463,10422,1,1,http://localhost:3002/fir,8,0,0
1675771327105,7,FIr Creation Request,201,Created,Firs Test single user 1-1,text,true,,463,10422,1,1,http://localhost:3002/fir,7,0,0
1675771327117,7,FIr Creation Request,201,Created,Firs Test single user 1-1,text,true,,463,10422,1,1,http://localhost:3002/fir,7,0,0
1675771327125,7,FIr Creation Request,201,Created,Firs Test single user 1-1,text,true,,463,10422,1,1,http://localhost:3002/fir,7,0,1
1675771327133,8,FIr Creation Request,201,Created,Firs Test single user 1-1,text,true,,463,10422,1,1,http://localhost:3002/fir,8,0,0
1675771327142,6,FIr Creation Request,201,Created,Firs Test single user 1-1,text,true,,463,10422,1,1,http://localhost:3002/fir,6,0,0
1675771327150,217,FIr Creation Request,201,Created,Firs Test single user 1-1,text,true,,463,10422,1,1,http://localhost:3002/fir,217,0,0
1675771327372,251,FIr Creation Request,201,Created,Firs Test single user 1-1,text,true,,463,10422,1,1,http://localhost:3002/fir,251,0,0
1675771327631,10,FIr Creation Request,201,Created,Firs Test single user 1-1,text,true,,463,10422,1,1,http://localhost:3002/fir,10,0,0
1675771327643,6,FIr Creation Request,201,Created,Firs Test single user 1-1,text,true,,463,10422,1,1,http://localhost:3002/fir,6,0,0
1675771327650,7,FIr Creation Request,201,Created,Firs Test single user 1-1,text,true,,463,10422,1,1,http://localhost:3002/fir,7,0,0
1675771327658,11,FIr Creation Request,201,Created,Firs Test single user 1-1,text,true,,463,10422,1,1,http://localhost:3002/fir,11,0,0
1675771327670,6,FIr Creation Request,201,Created,Firs Test single user 1-1,text,true,,463,10422,1,1,http://localhost:3002/fir,6,0,0
1675771327677,10,FIr Creation Request,201,Created,Firs Test single user 1-1,text,true,,463,10422,1,1,http://localhost:3002/fir,10,0,1
1675771327688,11,FIr Creation Request,201,Created,Firs Test single user 1-1,text,true,,463,10422,1,1,http://localhost:3002/fir,11,0,1
1675771327700,9,FIr Creation Request,201,Created,Firs Test single user 1-1,text,true,,463,10422,1,1,http://localhost:3002/fir,9,0,1
1675771327710,8,FIr Creation Request,201,Created,Firs Test single user 1-1,text,true,,463,10422,1,1,http://localhost:3002/fir,8,0,1
1675771327719,6,FIr Creation Request,201,Created,Firs Test single user 1-1,text,true,,463,10422,1,1,http://localhost:3002/fir,6,0,0
1675771327726,6,FIr Creation Request,201,Created,Firs Test single user 1-1,text,true,,463,10422,1,1,http://localhost:3002/fir,6,0,0
1675771327733,7,FIr Creation Request,201,Created,Firs Test single user 1-1,text,true,,463,10422,1,1,http://localhost:3002/fir,7,0,0
1675771327741,6,FIr Creation Request,201,Created,Firs Test single user 1-1,text,true,,463,10422,1,1,http://localhost:3002/fir,6,0,0
1675771327748,7,FIr Creation Request,201,Created,Firs Test single user 1-1,text,true,,463,10422,1,1,http://localhost:3002/fir,7,0,0
1675771327756,6,FIr Creation Request,201,Created,Firs Test single user 1-1,text,true,,463,10422,1,1,http://localhost:3002/fir,6,0,0
1675771327763,7,FIr Creation Request,201,Created,Firs Test single user 1-1,text,true,,463,10422,1,1,http://localhost:3002/fir,7,0,0
1675771327772,7,FIr Creation Request,201,Created,Firs Test single user 1-1,text,true,,463,10422,1,1,http://localhost:3002/fir,7,0,0
1675771327780,7,FIr Creation Request,201,Created,Firs Test single user 1-1,text,true,,463,10422,1,1,http://localhost:3002/fir,7,0,0
1675771327795,10,FIr Creation Request,201,Created,Firs Test single user 1-1,text,true,,463,10422,1,1,http://localhost:3002/fir,10,0,0
1675771327805,7,FIr Creation Request,201,Created,Firs Test single user 1-1,text,true,,463,10422,1,1,http://localhost:3002/fir,7,0,0
1675771327813,24,FIr Creation Request,201,Created,Firs Test single user 1-1,text,true,,463,10422,1,1,http://localhost:3002/fir,24,0,0
1675771327838,11,FIr Creation Request,201,Created,Firs Test single user 1-1,text,true,,463,10422,1,1,http://localhost:3002/fir,11,0,0
1675771327850,8,FIr Creation Request,201,Created,Firs Test single user 1-1,text,true,,463,10422,1,1,http://localhost:3002/fir,8,0,0
1675771327859,6,FIr Creation Request,201,Created,Firs Test single user 1-1,text,true,,463,10422,1,1,http://localhost:3002/fir,6,0,0
1675771327867,6,FIr Creation Request,201,Created,Firs Test single user 1-1,text,true,,463,10422,1,1,http://localhost:3002/fir,6,0,0
1675771327874,9,FIr Creation Request,201,Created,Firs Test single user 1-1,text,true,,463,10422,1,1,http://localhost:3002/fir,9,0,1
1675771327884,6,FIr Creation Request,201,Created,Firs Test single user 1-1,text,true,,463,10422,1,1,http://localhost:3002/fir,6,0,0
1675771327891,6,FIr Creation Request,201,Created,Firs Test single user 1-1,text,true,,463,10422,1,1,http://localhost:3002/fir,6,0,0
1675771327899,5,FIr Creation Request,201,Created,Firs Test single user 1-1,text,true,,463,10422,1,1,http://localhost:3002/fir,5,0,0
1675771327905,6,FIr Creation Request,201,Created,Firs Test single user 1-1,text,true,,463,10422,1,1,http://localhost:3002/fir,6,0,0
1675771327912,8,FIr Creation Request,201,Created,Firs Test single user 1-1,text,true,,463,10422,1,1,http://localhost:3002/fir,8,0,0
1675771327921,5,FIr Creation Request,201,Created,Firs Test single user 1-1,text,true,,463,10422,1,1,http://localhost:3002/fir,5,0,0
1675771327928,4,FIr Creation Request,201,Created,Firs Test single user 1-1,text,true,,463,10422,1,1,http://localhost:3002/fir,4,0,0
1675771327934,5,FIr Creation Request,201,Created,Firs Test single user 1-1,text,true,,463,10422,1,1,http://localhost:3002/fir,5,0,0
1675771327940,6,FIr Creation Request,201,Created,Firs Test single user 1-1,text,true,,463,10422,1,1,http://localhost:3002/fir,6,0,0
1675771327947,5,FIr Creation Request,201,Created,Firs Test single user 1-1,text,true,,463,10422,1,1,http://localhost:3002/fir,5,0,0
1675771327954,4,FIr Creation Request,201,Created,Firs Test single user 1-1,text,true,,463,10422,1,1,http://localhost:3002/fir,4,0,0
1675771327960,5,FIr Creation Request,201,Created,Firs Test single user 1-1,text,true,,463,10422,1,1,http://localhost:3002/fir,5,0,0
1675771327967,5,FIr Creation Request,201,Created,Firs Test single user 1-1,text,true,,463,10422,1,1,http://localhost:3002/fir,5,0,0
1675771327974,5,FIr Creation Request,201,Created,Firs Test single user 1-1,text,true,,463,10422,1,1,http://localhost:3002/fir,5,0,0
1675771327980,6,FIr Creation Request,201,Created,Firs Test single user 1-1,text,true,,463,10422,1,1,http://localhost:3002/fir,6,0,1
1675771327987,5,FIr Creation Request,201,Created,Firs Test single user 1-1,text,true,,463,10422,1,1,http://localhost:3002/fir,5,0,0
1675771327993,6,FIr Creation Request,201,Created,Firs Test single user 1-1,text,true,,463,10422,1,1,http://localhost:3002/fir,6,0,1
1675771328000,6,FIr Creation Request,201,Created,Firs Test single user 1-1,text,true,,463,10422,1,1,http://localhost:3002/fir,6,0,0
1675771328007,7,FIr Creation Request,201,Created,Firs Test single user 1-1,text,true,,463,10422,1,1,http://localhost:3002/fir,7,0,0
1675771328015,7,FIr Creation Request,201,Created,Firs Test single user 1-1,text,true,,463,10422,1,1,http://localhost:3002/fir,7,0,1
1675771328023,6,FIr Creation Request,201,Created,Firs Test single user 1-1,text,true,,463,10422,1,1,http://localhost:3002/fir,6,0,0
1675771328030,6,FIr Creation Request,201,Created,Firs Test single user 1-1,text,true,,463,10422,1,1,http://localhost:3002/fir,6,0,0
1675771328038,7,FIr Creation Request,201,Created,Firs Test single user 1-1,text,true,,463,10422,1,1,http://localhost:3002/fir,7,0,0
1675771328046,7,FIr Creation Request,201,Created,Firs Test single user 1-1,text,true,,463,10422,1,1,http://localhost:3002/fir,7,0,1
1675771328054,8,FIr Creation Request,201,Created,Firs Test single user 1-1,text,true,,463,10422,1,1,http://localhost:3002/fir,8,0,0
1675771328063,6,FIr Creation Request,201,Created,Firs Test single user 1-1,text,true,,463,10422,1,1,http://localhost:3002/fir,6,0,0
1675771328070,6,FIr Creation Request,201,Created,Firs Test single user 1-1,text,true,,463,10422,1,1,http://localhost:3002/fir,6,0,1
1675771328077,6,FIr Creation Request,201,Created,Firs Test single user 1-1,text,true,,463,10422,1,1,http://localhost:3002/fir,6,0,0
1675771328085,6,FIr Creation Request,201,Created,Firs Test single user 1-1,text,true,,463,10422,1,1,http://localhost:3002/fir,6,0,0
1675771328092,9,FIr Creation Request,201,Created,Firs Test single user 1-1,text,true,,463,10422,1,1,http://localhost:3002/fir,9,0,0
1675771328102,6,FIr Creation Request,201,Created,Firs Test single user 1-1,text,true,,463,10422,1,1,http://localhost:3002/fir,6,0,0
1675771328110,6,FIr Creation Request,201,Created,Firs Test single user 1-1,text,true,,463,10422,1,1,http://localhost:3002/fir,6,0,0
1675771328117,6,FIr Creation Request,201,Created,Firs Test single user 1-1,text,true,,463,10422,1,1,http://localhost:3002/fir,6,0,0
1675771328124,7,FIr Creation Request,201,Created,Firs Test single user 1-1,text,true,,463,10422,1,1,http://localhost:3002/fir,7,0,1
1675771328134,11,FIr Creation Request,201,Created,Firs Test single user 1-1,text,true,,463,10422,1,1,http://localhost:3002/fir,11,0,0
1675771328146,7,FIr Creation Request,201,Created,Firs Test single user 1-1,text,true,,463,10422,1,1,http://localhost:3002/fir,7,0,0
1675771328154,7,FIr Creation Request,201,Created,Firs Test single user 1-1,text,true,,463,10422,1,1,http://localhost:3002/fir,7,0,1
1675771328162,8,FIr Creation Request,201,Created,Firs Test single user 1-1,text,true,,463,10422,1,1,http://localhost:3002/fir,8,0,1
1675771328171,7,FIr Creation Request,201,Created,Firs Test single user 1-1,text,true,,463,10422,1,1,http://localhost:3002/fir,7,0,0
1675771328179,6,FIr Creation Request,201,Created,Firs Test single user 1-1,text,true,,463,10422,1,1,http://localhost:3002/fir,6,0,0
1675771328186,9,FIr Creation Request,201,Created,Firs Test single user 1-1,text,true,,463,10422,1,1,http://localhost:3002/fir,9,0,0
1675771328196,7,FIr Creation Request,201,Created,Firs Test single user 1-1,text,true,,463,10422,1,1,http://localhost:3002/fir,7,0,0
1675771328204,7,FIr Creation Request,201,Created,Firs Test single user 1-1,text,true,,463,10422,1,1,http://localhost:3002/fir,7,0,1
1675771328212,5,FIr Creation Request,201,Created,Firs Test single user 1-1,text,true,,463,10422,1,1,http://localhost:3002/fir,5,0,0
1675771328219,5,FIr Creation Request,201,Created,Firs Test single user 1-1,text,true,,463,10422,1,1,http://localhost:3002/fir,5,0,0
1675771328225,7,FIr Creation Request,201,Created,Firs Test single user 1-1,text,true,,463,10422,1,1,http://localhost:3002/fir,7,0,0
1675771328233,468,FIr Creation Request,201,Created,Firs Test single user 1-1,text,true,,463,10422,1,1,http://localhost:3002/fir,468,0,0
1675771328703,358,FIr Creation Request,201,Created,Firs Test single user 1-1,text,true,,463,10422,1,1,http://localhost:3002/fir,358,0,0
1675771329064,33,FIr Creation Request,201,Created,Firs Test single user 1-1,text,true,,463,10422,1,1,http://localhost:3002/fir,33,0,1
1675771329099,7,FIr Creation Request,201,Created,Firs Test single user 1-1,text,true,,463,10422,1,1,http://localhost:3002/fir,7,0,0
1675771329107,7,FIr Creation Request,201,Created,Firs Test single user 1-1,text,true,,463,10422,1,1,http://localhost:3002/fir,7,0,0
1675771329115,9,FIr Creation Request,201,Created,Firs Test single user 1-1,text,true,,463,10422,1,1,http://localhost:3002/fir,9,0,1
1675771329125,6,FIr Creation Request,201,Created,Firs Test single user 1-1,text,true,,463,10422,1,1,http://localhost:3002/fir,6,0,1
1675771329132,6,FIr Creation Request,201,Created,Firs Test single user 1-1,text,true,,463,10422,1,1,http://localhost:3002/fir,6,0,1
1675771329140,5,FIr Creation Request,201,Created,Firs Test single user 1-1,text,true,,463,10422,1,1,http://localhost:3002/fir,5,0,0
1675771329149,8,FIr Creation Request,201,Created,Firs Test single user 1-1,text,true,,463,10422,1,1,http://localhost:3002/fir,8,0,0
1675771329158,8,FIr Creation Request,201,Created,Firs Test single user 1-1,text,true,,463,10422,1,1,http://localhost:3002/fir,8,0,1
1675771329167,6,FIr Creation Request,201,Created,Firs Test single user 1-1,text,true,,463,10422,1,1,http://localhost:3002/fir,6,0,1
1675771329174,8,FIr Creation Request,201,Created,Firs Test single user 1-1,text,true,,463,10422,1,1,http://localhost:3002/fir,8,0,1
1675771329183,8,FIr Creation Request,201,Created,Firs Test single user 1-1,text,true,,463,10422,1,1,http://localhost:3002/fir,8,0,1
1675771329193,9,FIr Creation Request,201,Created,Firs Test single user 1-1,text,true,,463,10422,1,1,http://localhost:3002/fir,9,0,0
1675771329203,9,FIr Creation Request,201,Created,Firs Test single user 1-1,text,true,,463,10422,1,1,http://localhost:3002/fir,9,0,1
1675771329213,8,FIr Creation Request,201,Created,Firs Test single user 1-1,text,true,,463,10422,1,1,http://localhost:3002/fir,8,0,0
1675771329223,6,FIr Creation Request,201,Created,Firs Test single user 1-1,text,true,,463,10422,1,1,http://localhost:3002/fir,6,0,0
1675771329230,11,FIr Creation Request,201,Created,Firs Test single user 1-1,text,true,,463,10422,1,1,http://localhost:3002/fir,11,0,1
1675771329242,8,FIr Creation Request,201,Created,Firs Test single user 1-1,text,true,,463,10422,1,1,http://localhost:3002/fir,8,0,0
1675771329252,6,FIr Creation Request,201,Created,Firs Test single user 1-1,text,true,,463,10422,1,1,http://localhost:3002/fir,6,0,0
1675771329259,7,FIr Creation Request,201,Created,Firs Test single user 1-1,text,true,,463,10422,1,1,http://localhost:3002/fir,7,0,0
1675771329267,7,FIr Creation Request,201,Created,Firs Test single user 1-1,text,true,,463,10422,1,1,http://localhost:3002/fir,7,0,0
1675771329275,7,FIr Creation Request,201,Created,Firs Test single user 1-1,text,true,,463,10422,1,1,http://localhost:3002/fir,7,0,1
1675771329283,7,FIr Creation Request,201,Created,Firs Test single user 1-1,text,true,,463,10422,1,1,http://localhost:3002/fir,7,0,1
1675771329291,6,FIr Creation Request,201,Created,Firs Test single user 1-1,text,true,,463,10422,1,1,http://localhost:3002/fir,6,0,0
1675771329298,10,FIr Creation Request,201,Created,Firs Test single user 1-1,text,true,,463,10422,1,1,http://localhost:3002/fir,10,0,1
1675771329309,7,FIr Creation Request,201,Created,Firs Test single user 1-1,text,true,,463,10422,1,1,http://localhost:3002/fir,7,0,1
1675771329318,28,FIr Creation Request,201,Created,Firs Test single user 1-1,text,true,,463,10422,1,1,http://localhost:3002/fir,28,0,0
1675771329348,6,FIr Creation Request,201,Created,Firs Test single user 1-1,text,true,,463,10422,1,1,http://localhost:3002/fir,6,0,0
1675771329355,7,FIr Creation Request,201,Created,Firs Test single user 1-1,text,true,,463,10422,1,1,http://localhost:3002/fir,7,0,1
1675771329363,5,FIr Creation Request,201,Created,Firs Test single user 1-1,text,true,,463,10422,1,1,http://localhost:3002/fir,5,0,0
1675771329370,6,FIr Creation Request,201,Created,Firs Test single user 1-1,text,true,,463,10422,1,1,http://localhost:3002/fir,6,0,0
1675771329377,6,FIr Creation Request,201,Created,Firs Test single user 1-1,text,true,,463,10422,1,1,http://localhost:3002/fir,6,0,0
1675771329384,7,FIr Creation Request,201,Created,Firs Test single user 1-1,text,true,,463,10422,1,1,http://localhost:3002/fir,7,0,0
1675771329392,8,FIr Creation Request,201,Created,Firs Test single user 1-1,text,true,,463,10422,1,1,http://localhost:3002/fir,8,0,1
1675771329401,7,FIr Creation Request,201,Created,Firs Test single user 1-1,text,true,,463,10422,1,1,http://localhost:3002/fir,7,0,0
1675771329409,8,FIr Creation Request,201,Created,Firs Test single user 1-1,text,true,,463,10422,1,1,http://localhost:3002/fir,8,0,0
1675771329418,7,FIr Creation Request,201,Created,Firs Test single user 1-1,text,true,,463,10422,1,1,http://localhost:3002/fir,7,0,0
1675771329426,7,FIr Creation Request,201,Created,Firs Test single user 1-1,text,true,,463,10422,1,1,http://localhost:3002/fir,7,0,0
1675771329435,6,FIr Creation Request,201,Created,Firs Test single user 1-1,text,true,,463,10422,1,1,http://localhost:3002/fir,6,0,0
1675771329442,6,FIr Creation Request,201,Created,Firs Test single user 1-1,text,true,,463,10422,1,1,http://localhost:3002/fir,6,0,0
1675771329449,6,FIr Creation Request,201,Created,Firs Test single user 1-1,text,true,,463,10422,1,1,http://localhost:3002/fir,6,0,0
1675771329456,7,FIr Creation Request,201,Created,Firs Test single user 1-1,text,true,,463,10422,1,1,http://localhost:3002/fir,7,0,0
1675771329464,7,FIr Creation Request,201,Created,Firs Test single user 1-1,text,true,,463,10422,1,1,http://localhost:3002/fir,7,0,0
1675771329472,8,FIr Creation Request,201,Created,Firs Test single user 1-1,text,true,,463,10422,1,1,http://localhost:3002/fir,8,0,0
1675771329481,8,FIr Creation Request,201,Created,Firs Test single user 1-1,text,true,,463,10422,1,1,http://localhost:3002/fir,7,0,0
1675771329490,6,FIr Creation Request,201,Created,Firs Test single user 1-1,text,true,,463,10422,1,1,http://localhost:3002/fir,6,0,0
1675771329498,6,FIr Creation Request,201,Created,Firs Test single user 1-1,text,true,,463,10422,1,1,http://localhost:3002/fir,6,0,0
1675771329506,11,FIr Creation Request,201,Created,Firs Test single user 1-1,text,true,,463,10422,1,1,http://localhost:3002/fir,11,0,0
1675771329518,8,FIr Creation Request,201,Created,Firs Test single user 1-1,text,true,,463,10422,1,1,http://localhost:3002/fir,8,0,0
1675771329527,6,FIr Creation Request,201,Created,Firs Test single user 1-1,text,true,,463,10422,1,1,http://localhost:3002/fir,6,0,0
1675771329534,7,FIr Creation Request,201,Created,Firs Test single user 1-1,text,true,,463,10422,1,1,http://localhost:3002/fir,7,0,0
1675771329543,7,FIr Creation Request,201,Created,Firs Test single user 1-1,text,true,,463,10422,1,1,http://localhost:3002/fir,7,0,0
1675771329551,7,FIr Creation Request,201,Created,Firs Test single user 1-1,text,true,,463,10422,1,1,http://localhost:3002/fir,7,0,1
1675771329560,7,FIr Creation Request,201,Created,Firs Test single user 1-1,text,true,,463,10422,1,1,http://localhost:3002/fir,7,0,0
1675771329568,7,FIr Creation Request,201,Created,Firs Test single user 1-1,text,true,,463,10422,1,1,http://localhost:3002/fir,7,0,1
1675771329576,7,FIr Creation Request,201,Created,Firs Test single user 1-1,text,true,,463,10422,1,1,http://localhost:3002/fir,7,0,0
1675771329585,7,FIr Creation Request,201,Created,Firs Test single user 1-1,text,true,,463,10422,1,1,http://localhost:3002/fir,7,0,0
1675771329593,7,FIr Creation Request,201,Created,Firs Test single user 1-1,text,true,,463,10422,1,1,http://localhost:3002/fir,7,0,0
1675771329601,7,FIr Creation Request,201,Created,Firs Test single user 1-1,text,true,,463,10422,1,1,http://localhost:3002/fir,7,0,1
1675771329609,7,FIr Creation Request,201,Created,Firs Test single user 1-1,text,true,,463,10422,1,1,http://localhost:3002/fir,7,0,0
1675771329617,7,FIr Creation Request,201,Created,Firs Test single user 1-1,text,true,,463,10422,1,1,http://localhost:3002/fir,7,0,1
1675771329626,7,FIr Creation Request,201,Created,Firs Test single user 1-1,text,true,,463,10422,1,1,http://localhost:3002/fir,7,0,0
1675771329634,6,FIr Creation Request,201,Created,Firs Test single user 1-1,text,true,,463,10422,1,1,http://localhost:3002/fir,6,0,1
1675771329642,5,FIr Creation Request,201,Created,Firs Test single user 1-1,text,true,,463,10422,1,1,http://localhost:3002/fir,5,0,0
1675771329657,10,FIr Creation Request,201,Created,Firs Test single user 1-1,text,true,,463,10422,1,1,http://localhost:3002/fir,10,0,0
1675771329668,6,FIr Creation Request,201,Created,Firs Test single user 1-1,text,true,,463,10422,1,1,http://localhost:3002/fir,6,0,0
1675771329676,8,FIr Creation Request,201,Created,Firs Test single user 1-1,text,true,,463,10422,1,1,http://localhost:3002/fir,8,0,0
1675771329685,7,FIr Creation Request,201,Created,Firs Test single user 1-1,text,true,,463,10422,1,1,http://localhost:3002/fir,7,0,0
1675771329693,7,FIr Creation Request,201,Created,Firs Test single user 1-1,text,true,,463,10422,1,1,http://localhost:3002/fir,7,0,0
1675771329701,8,FIr Creation Request,201,Created,Firs Test single user 1-1,text,true,,463,10422,1,1,http://localhost:3002/fir,8,0,0
1675771329710,7,FIr Creation Request,201,Created,Firs Test single user 1-1,text,true,,463,10422,1,1,http://localhost:3002/fir,7,0,1
1675771329718,7,FIr Creation Request,201,Created,Firs Test single user 1-1,text,true,,463,10422,1,1,http://localhost:3002/fir,7,0,0
1675771329726,7,FIr Creation Request,201,Created,Firs Test single user 1-1,text,true,,463,10422,1,1,http://localhost:3002/fir,7,0,0
1675771329735,7,FIr Creation Request,201,Created,Firs Test single user 1-1,text,true,,463,10422,1,1,http://localhost:3002/fir,7,0,0
1675771329743,7,FIr Creation Request,201,Created,Firs Test single user 1-1,text,true,,463,10422,1,1,http://localhost:3002/fir,7,0,1
1675771329751,7,FIr Creation Request,201,Created,Firs Test single user 1-1,text,true,,463,10422,1,1,http://localhost:3002/fir,7,0,0
1675771329759,8,FIr Creation Request,201,Created,Firs Test single user 1-1,text,true,,463,10422,1,1,http://localhost:3002/fir,8,0,1
1675771329768,7,FIr Creation Request,201,Created,Firs Test single user 1-1,text,true,,463,10422,1,1,http://localhost:3002/fir,7,0,0
1675771329776,7,FIr Creation Request,201,Created,Firs Test single user 1-1,text,true,,463,10422,1,1,http://localhost:3002/fir,7,0,1
1675771329785,7,FIr Creation Request,201,Created,Firs Test single user 1-1,text,true,,463,10422,1,1,http://localhost:3002/fir,7,0,0
1675771329793,7,FIr Creation Request,201,Created,Firs Test single user 1-1,text,true,,463,10422,1,1,http://localhost:3002/fir,7,0,1
1675771329801,7,FIr Creation Request,201,Created,Firs Test single user 1-1,text,true,,463,10422,1,1,http://localhost:3002/fir,7,0,0
1675771329809,8,FIr Creation Request,201,Created,Firs Test single user 1-1,text,true,,463,10422,1,1,http://localhost:3002/fir,8,0,1
1675771329818,6,FIr Creation Request,201,Created,Firs Test single user 1-1,text,true,,463,10422,1,1,http://localhost:3002/fir,6,0,0
1675771329826,5,FIr Creation Request,201,Created,Firs Test single user 1-1,text,true,,463,10422,1,1,http://localhost:3002/fir,5,0,0
1675771329832,6,FIr Creation Request,201,Created,Firs Test single user 1-1,text,true,,463,10422,1,1,http://localhost:3002/fir,6,0,1
1675771329842,8,FIr Creation Request,201,Created,Firs Test single user 1-1,text,true,,463,10422,1,1,http://localhost:3002/fir,8,0,0
1675771329851,8,FIr Creation Request,201,Created,Firs Test single user 1-1,text,true,,463,10422,1,1,http://localhost:3002/fir,8,0,0
1675771329860,7,FIr Creation Request,201,Created,Firs Test single user 1-1,text,true,,463,10422,1,1,http://localhost:3002/fir,7,0,1
1675771329868,7,FIr Creation Request,201,Created,Firs Test single user 1-1,text,true,,463,10422,1,1,http://localhost:3002/fir,7,0,1
1675771329876,8,FIr Creation Request,201,Created,Firs Test single user 1-1,text,true,,463,10422,1,1,http://localhost:3002/fir,8,0,0
1675771329885,7,FIr Creation Request,201,Created,Firs Test single user 1-1,text,true,,463,10422,1,1,http://localhost:3002/fir,7,0,0
1675771329893,7,FIr Creation Request,201,Created,Firs Test single user 1-1,text,true,,463,10422,1,1,http://localhost:3002/fir,7,0,1
1675771329901,7,FIr Creation Request,201,Created,Firs Test single user 1-1,text,true,,463,10422,1,1,http://localhost:3002/fir,7,0,0
1675771329909,8,FIr Creation Request,201,Created,Firs Test single user 1-1,text,true,,463,10422,1,1,http://localhost:3002/fir,8,0,0
1675771329918,6,FIr Creation Request,201,Created,Firs Test single user 1-1,text,true,,463,10422,1,1,http://localhost:3002/fir,6,0,0
1675771329926,229,FIr Creation Request,201,Created,Firs Test single user 1-1,text,true,,463,10422,1,1,http://localhost:3002/fir,229,0,0
1675771330160,11,FIr Creation Request,201,Created,Firs Test single user 1-1,text,true,,463,10422,1,1,http://localhost:3002/fir,11,0,1
1675771330172,7,FIr Creation Request,201,Created,Firs Test single user 1-1,text,true,,463,10422,1,1,http://localhost:3002/fir,7,0,1
1675771330180,9,FIr Creation Request,201,Created,Firs Test single user 1-1,text,true,,463,10422,1,1,http://localhost:3002/fir,9,0,0
1675771330190,8,FIr Creation Request,201,Created,Firs Test single user 1-1,text,true,,463,10422,1,1,http://localhost:3002/fir,8,0,0
1675771330200,7,FIr Creation Request,201,Created,Firs Test single user 1-1,text,true,,463,10422,1,1,http://localhost:3002/fir,7,0,0
1675771330209,6,FIr Creation Request,201,Created,Firs Test single user 1-1,text,true,,463,10422,1,1,http://localhost:3002/fir,6,0,0
1675771330216,7,FIr Creation Request,201,Created,Firs Test single user 1-1,text,true,,463,10422,1,1,http://localhost:3002/fir,7,0,1
1675771330225,6,FIr Creation Request,201,Created,Firs Test single user 1-1,text,true,,463,10422,1,1,http://localhost:3002/fir,6,0,0
1675771330232,6,FIr Creation Request,201,Created,Firs Test single user 1-1,text,true,,463,10422,1,1,http://localhost:3002/fir,6,0,0
1675771330240,6,FIr Creation Request,201,Created,Firs Test single user 1-1,text,true,,463,10422,1,1,http://localhost:3002/fir,6,0,0
1675771330248,8,FIr Creation Request,201,Created,Firs Test single user 1-1,text,true,,463,10422,1,1,http://localhost:3002/fir,8,0,0
1675771330257,7,FIr Creation Request,201,Created,Firs Test single user 1-1,text,true,,463,10422,1,1,http://localhost:3002/fir,7,0,1
1675771330265,7,FIr Creation Request,201,Created,Firs Test single user 1-1,text,true,,463,10422,1,1,http://localhost:3002/fir,7,0,0
1675771330273,7,FIr Creation Request,201,Created,Firs Test single user 1-1,text,true,,463,10422,1,1,http://localhost:3002/fir,7,0,0
1675771330281,8,FIr Creation Request,201,Created,Firs Test single user 1-1,text,true,,463,10422,1,1,http://localhost:3002/fir,8,0,0
1675771330290,7,FIr Creation Request,201,Created,Firs Test single user 1-1,text,true,,463,10422,1,1,http://localhost:3002/fir,7,0,0
1675771330298,7,FIr Creation Request,201,Created,Firs Test single user 1-1,text,true,,463,10422,1,1,http://localhost:3002/fir,7,0,0
1675771330307,6,FIr Creation Request,201,Created,Firs Test single user 1-1,text,true,,463,10422,1,1,http://localhost:3002/fir,6,0,0
1675771330314,8,FIr Creation Request,201,Created,Firs Test single user 1-1,text,true,,463,10422,1,1,http://localhost:3002/fir,8,0,1
1675771330324,7,FIr Creation Request,201,Created,Firs Test single user 1-1,text,true,,463,10422,1,1,http://localhost:3002/fir,7,0,0
1675771330332,6,FIr Creation Request,201,Created,Firs Test single user 1-1,text,true,,463,10422,1,1,http://localhost:3002/fir,6,0,0
1675771330340,11,FIr Creation Request,201,Created,Firs Test single user 1-1,text,true,,463,10422,1,1,http://localhost:3002/fir,11,0,0
1675771330356,50,FIr Creation Request,201,Created,Firs Test single user 1-1,text,true,,463,10422,1,1,http://localhost:3002/fir,50,0,1
1675771330408,7,FIr Creation Request,201,Created,Firs Test single user 1-1,text,true,,463,10422,1,1,http://localhost:3002/fir,7,0,1
1675771330416,8,FIr Creation Request,201,Created,Firs Test single user 1-1,text,true,,463,10422,1,1,http://localhost:3002/fir,8,0,1
1675771330425,7,FIr Creation Request,201,Created,Firs Test single user 1-1,text,true,,463,10422,1,1,http://localhost:3002/fir,7,0,0
1675771330433,6,FIr Creation Request,201,Created,Firs Test single user 1-1,text,true,,463,10422,1,1,http://localhost:3002/fir,6,0,0
1675771330440,7,FIr Creation Request,201,Created,Firs Test single user 1-1,text,true,,463,10422,1,1,http://localhost:3002/fir,7,0,1
1675771330448,8,FIr Creation Request,201,Created,Firs Test single user 1-1,text,true,,463,10422,1,1,http://localhost:3002/fir,8,0,0
1675771330457,7,FIr Creation Request,201,Created,Firs Test single user 1-1,text,true,,463,10422,1,1,http://localhost:3002/fir,7,0,0
1675771330465,8,FIr Creation Request,201,Created,Firs Test single user 1-1,text,true,,463,10422,1,1,http://localhost:3002/fir,8,0,0
1675771330474,7,FIr Creation Request,201,Created,Firs Test single user 1-1,text,true,,463,10422,1,1,http://localhost:3002/fir,7,0,0
1675771330482,7,FIr Creation Request,201,Created,Firs Test single user 1-1,text,true,,463,10422,1,1,http://localhost:3002/fir,7,0,0
1675771330490,7,FIr Creation Request,201,Created,Firs Test single user 1-1,text,true,,463,10422,1,1,http://localhost:3002/fir,7,0,0
1675771330498,8,FIr Creation Request,201,Created,Firs Test single user 1-1,text,true,,463,10422,1,1,http://localhost:3002/fir,8,0,0
1675771330507,7,FIr Creation Request,201,Created,Firs Test single user 1-1,text,true,,463,10422,1,1,http://localhost:3002/fir,7,0,0
1675771330515,7,FIr Creation Request,201,Created,Firs Test single user 1-1,text,true,,463,10422,1,1,http://localhost:3002/fir,7,0,0
1675771330523,8,FIr Creation Request,201,Created,Firs Test single user 1-1,text,true,,463,10422,1,1,http://localhost:3002/fir,8,0,0
1675771330532,7,FIr Creation Request,201,Created,Firs Test single user 1-1,text,true,,463,10422,1,1,http://localhost:3002/fir,7,0,0
1675771330540,7,FIr Creation Request,201,Created,Firs Test single user 1-1,text,true,,463,10422,1,1,http://localhost:3002/fir,7,0,0
1675771330548,7,FIr Creation Request,201,Created,Firs Test single user 1-1,text,true,,463,10422,1,1,http://localhost:3002/fir,7,0,1
1675771330557,8,FIr Creation Request,201,Created,Firs Test single user 1-1,text,true,,463,10422,1,1,http://localhost:3002/fir,8,0,0
1675771330566,6,FIr Creation Request,201,Created,Firs Test single user 1-1,text,true,,463,10422,1,1,http://localhost:3002/fir,6,0,0
1675771330574,11,FIr Creation Request,201,Created,Firs Test single user 1-1,text,true,,463,10422,1,1,http://localhost:3002/fir,11,0,0
1675771330586,6,FIr Creation Request,201,Created,Firs Test single user 1-1,text,true,,463,10422,1,1,http://localhost:3002/fir,6,0,1
1675771330593,8,FIr Creation Request,201,Created,Firs Test single user 1-1,text,true,,463,10422,1,1,http://localhost:3002/fir,8,0,1
1675771330602,7,FIr Creation Request,201,Created,Firs Test single user 1-1,text,true,,463,10422,1,1,http://localhost:3002/fir,7,0,0
1675771330610,8,FIr Creation Request,201,Created,Firs Test single user 1-1,text,true,,463,10422,1,1,http://localhost:3002/fir,8,0,0
1675771330619,7,FIr Creation Request,201,Created,Firs Test single user 1-1,text,true,,463,10422,1,1,http://localhost:3002/fir,7,0,0
1675771330628,6,FIr Creation Request,201,Created,Firs Test single user 1-1,text,true,,463,10422,1,1,http://localhost:3002/fir,6,0,0
1675771330635,7,FIr Creation Request,201,Created,Firs Test single user 1-1,text,true,,463,10422,1,1,http://localhost:3002/fir,7,0,0
1675771330644,6,FIr Creation Request,201,Created,Firs Test single user 1-1,text,true,,463,10422,1,1,http://localhost:3002/fir,6,0,0
1675771330651,6,FIr Creation Request,201,Created,Firs Test single user 1-1,text,true,,463,10422,1,1,http://localhost:3002/fir,6,0,0
1675771330659,7,FIr Creation Request,201,Created,Firs Test single user 1-1,text,true,,463,10422,1,1,http://localhost:3002/fir,7,0,0
1675771330667,7,FIr Creation Request,201,Created,Firs Test single user 1-1,text,true,,463,10422,1,1,http://localhost:3002/fir,7,0,1
1675771330682,11,FIr Creation Request,201,Created,Firs Test single user 1-1,text,true,,463,10422,1,1,http://localhost:3002/fir,11,0,0
1675771330694,7,FIr Creation Request,201,Created,Firs Test single user 1-1,text,true,,463,10422,1,1,http://localhost:3002/fir,7,0,0
1675771330703,6,FIr Creation Request,201,Created,Firs Test single user 1-1,text,true,,463,10422,1,1,http://localhost:3002/fir,6,0,0
1675771330711,11,FIr Creation Request,201,Created,Firs Test single user 1-1,text,true,,463,10422,1,1,http://localhost:3002/fir,11,0,0
1675771330724,7,FIr Creation Request,201,Created,Firs Test single user 1-1,text,true,,463,10422,1,1,http://localhost:3002/fir,7,0,0
1675771330732,7,FIr Creation Request,201,Created,Firs Test single user 1-1,text,true,,463,10422,1,1,http://localhost:3002/fir,7,0,1
1675771330741,11,FIr Creation Request,201,Created,Firs Test single user 1-1,text,true,,463,10422,1,1,http://localhost:3002/fir,11,0,0
1675771330753,7,FIr Creation Request,201,Created,Firs Test single user 1-1,text,true,,463,10422,1,1,http://localhost:3002/fir,7,0,1
1675771330761,7,FIr Creation Request,201,Created,Firs Test single user 1-1,text,true,,463,10422,1,1,http://localhost:3002/fir,7,0,1
1675771330769,6,FIr Creation Request,201,Created,Firs Test single user 1-1,text,true,,463,10422,1,1,http://localhost:3002/fir,6,0,0
1675771330777,6,FIr Creation Request,201,Created,Firs Test single user 1-1,text,true,,463,10422,1,1,http://localhost:3002/fir,6,0,0
1675771330784,6,FIr Creation Request,201,Created,Firs Test single user 1-1,text,true,,463,10422,1,1,http://localhost:3002/fir,6,0,0
1675771330791,5,FIr Creation Request,201,Created,Firs Test single user 1-1,text,true,,463,10422,1,1,http://localhost:3002/fir,5,0,0
1675771330798,6,FIr Creation Request,201,Created,Firs Test single user 1-1,text,true,,463,10422,1,1,http://localhost:3002/fir,6,0,0
1675771330805,6,FIr Creation Request,201,Created,Firs Test single user 1-1,text,true,,463,10422,1,1,http://localhost:3002/fir,6,0,0
1675771330812,7,FIr Creation Request,201,Created,Firs Test single user 1-1,text,true,,463,10422,1,1,http://localhost:3002/fir,7,0,1
1675771330821,6,FIr Creation Request,201,Created,Firs Test single user 1-1,text,true,,463,10422,1,1,http://localhost:3002/fir,6,0,0
1675771330828,7,FIr Creation Request,201,Created,Firs Test single user 1-1,text,true,,463,10422,1,1,http://localhost:3002/fir,7,0,1
1675771330836,7,FIr Creation Request,201,Created,Firs Test single user 1-1,text,true,,463,10422,1,1,http://localhost:3002/fir,7,0,1
1675771330844,7,FIr Creation Request,201,Created,Firs Test single user 1-1,text,true,,463,10422,1,1,http://localhost:3002/fir,7,0,0
1675771330852,8,FIr Creation Request,201,Created,Firs Test single user 1-1,text,true,,463,10422,1,1,http://localhost:3002/fir,8,0,1
1675771330868,6,FIr Creation Request,201,Created,Firs Test single user 1-1,text,true,,463,10422,1,1,http://localhost:3002/fir,6,0,0
1675771330876,6,FIr Creation Request,201,Created,Firs Test single user 1-1,text,true,,463,10422,1,1,http://localhost:3002/fir,6,0,0
1675771330883,7,FIr Creation Request,201,Created,Firs Test single user 1-1,text,true,,463,10422,1,1,http://localhost:3002/fir,7,0,0
1675771330891,7,FIr Creation Request,201,Created,Firs Test single user 1-1,text,true,,463,10422,1,1,http://localhost:3002/fir,7,0,0
1675771330899,8,FIr Creation Request,201,Created,Firs Test single user 1-1,text,true,,463,10422,1,1,http://localhost:3002/fir,8,0,0
1675771330908,6,FIr Creation Request,201,Created,Firs Test single user 1-1,text,true,,463,10422,1,1,http://localhost:3002/fir,6,0,0
1675771330915,8,FIr Creation Request,201,Created,Firs Test single user 1-1,text,true,,463,10422,1,1,http://localhost:3002/fir,8,0,0
1675771330924,7,FIr Creation Request,201,Created,Firs Test single user 1-1,text,true,,463,10422,1,1,http://localhost:3002/fir,7,0,1
1675771330932,14,FIr Creation Request,201,Created,Firs Test single user 1-1,text,true,,463,10422,1,1,http://localhost:3002/fir,14,0,0
1675771330947,6,FIr Creation Request,201,Created,Firs Test single user 1-1,text,true,,463,10422,1,1,http://localhost:3002/fir,6,0,1
1675771330955,5,FIr Creation Request,201,Created,Firs Test single user 1-1,text,true,,463,10422,1,1,http://localhost:3002/fir,5,0,0
1675771330962,6,FIr Creation Request,201,Created,Firs Test single user 1-1,text,true,,463,10422,1,1,http://localhost:3002/fir,6,0,0
1675771330969,7,FIr Creation Request,201,Created,Firs Test single user 1-1,text,true,,463,10422,1,1,http://localhost:3002/fir,7,0,0
1675771330978,6,FIr Creation Request,201,Created,Firs Test single user 1-1,text,true,,463,10422,1,1,http://localhost:3002/fir,6,0,0
1675771330986,29,FIr Creation Request,201,Created,Firs Test single user 1-1,text,true,,463,10422,1,1,http://localhost:3002/fir,29,0,0
1675771331016,10,FIr Creation Request,201,Created,Firs Test single user 1-1,text,true,,463,10422,1,1,http://localhost:3002/fir,10,0,0
1675771331027,7,FIr Creation Request,201,Created,Firs Test single user 1-1,text,true,,463,10422,1,1,http://localhost:3002/fir,7,0,0
1675771331035,7,FIr Creation Request,201,Created,Firs Test single user 1-1,text,true,,463,10422,1,1,http://localhost:3002/fir,7,0,0
1675771331043,6,FIr Creation Request,201,Created,Firs Test single user 1-1,text,true,,463,10422,1,1,http://localhost:3002/fir,6,0,0
1675771331050,6,FIr Creation Request,201,Created,Firs Test single user 1-1,text,true,,463,10422,1,1,http://localhost:3002/fir,6,0,0
1675771331057,7,FIr Creation Request,201,Created,Firs Test single user 1-1,text,true,,463,10422,1,1,http://localhost:3002/fir,7,0,0
1675771331066,7,FIr Creation Request,201,Created,Firs Test single user 1-1,text,true,,463,10422,1,1,http://localhost:3002/fir,7,0,0
1675771331074,10,FIr Creation Request,201,Created,Firs Test single user 1-1,text,true,,463,10422,1,1,http://localhost:3002/fir,10,0,0
1675771331086,8,FIr Creation Request,201,Created,Firs Test single user 1-1,text,true,,463,10422,1,1,http://localhost:3002/fir,8,0,0
1675771331095,6,FIr Creation Request,201,Created,Firs Test single user 1-1,text,true,,463,10422,1,1,http://localhost:3002/fir,6,0,0
1675771331102,7,FIr Creation Request,201,Created,Firs Test single user 1-1,text,true,,463,10422,1,1,http://localhost:3002/fir,7,0,1
1675771331111,6,FIr Creation Request,201,Created,Firs Test single user 1-1,text,true,,463,10422,1,1,http://localhost:3002/fir,6,0,0
1675771331118,6,FIr Creation Request,201,Created,Firs Test single user 1-1,text,true,,463,10422,1,1,http://localhost:3002/fir,6,0,0
1675771331126,6,FIr Creation Request,201,Created,Firs Test single user 1-1,text,true,,463,10422,1,1,http://localhost:3002/fir,6,0,0
1675771331133,7,FIr Creation Request,201,Created,Firs Test single user 1-1,text,true,,463,10422,1,1,http://localhost:3002/fir,7,0,0
1675771331141,7,FIr Creation Request,201,Created,Firs Test single user 1-1,text,true,,463,10422,1,1,http://localhost:3002/fir,7,0,0
1675771331149,7,FIr Creation Request,201,Created,Firs Test single user 1-1,text,true,,463,10422,1,1,http://localhost:3002/fir,7,0,0
1675771331157,8,FIr Creation Request,201,Created,Firs Test single user 1-1,text,true,,463,10422,1,1,http://localhost:3002/fir,8,0,0
1675771331166,7,FIr Creation Request,201,Created,Firs Test single user 1-1,text,true,,463,10422,1,1,http://localhost:3002/fir,7,0,0
1675771331174,7,FIr Creation Request,201,Created,Firs Test single user 1-1,text,true,,463,10422,1,1,http://localhost:3002/fir,7,0,0
1675771331182,7,FIr Creation Request,201,Created,Firs Test single user 1-1,text,true,,463,10422,1,1,http://localhost:3002/fir,7,0,0
1675771331192,10,FIr Creation Request,201,Created,Firs Test single user 1-1,text,true,,463,10422,1,1,http://localhost:3002/fir,10,0,1
1675771331204,5,FIr Creation Request,201,Created,Firs Test single user 1-1,text,true,,463,10422,1,1,http://localhost:3002/fir,5,0,0
1675771331211,7,FIr Creation Request,201,Created,Firs Test single user 1-1,text,true,,463,10422,1,1,http://localhost:3002/fir,7,0,0
1675771331219,7,FIr Creation Request,201,Created,Firs Test single user 1-1,text,true,,463,10422,1,1,http://localhost:3002/fir,7,0,0
1675771331228,6,FIr Creation Request,201,Created,Firs Test single user 1-1,text,true,,463,10422,1,1,http://localhost:3002/fir,6,0,0
1675771331236,6,FIr Creation Request,201,Created,Firs Test single user 1-1,text,true,,463,10422,1,1,http://localhost:3002/fir,6,0,0
1675771331243,222,FIr Creation Request,201,Created,Firs Test single user 1-1,text,true,,463,10422,1,1,http://localhost:3002/fir,222,0,0
1675771331469,202,FIr Creation Request,201,Created,Firs Test single user 1-1,text,true,,463,10422,1,1,http://localhost:3002/fir,202,0,0
1675771331675,9,FIr Creation Request,201,Created,Firs Test single user 1-1,text,true,,463,10422,1,1,http://localhost:3002/fir,9,0,0
1675771331685,7,FIr Creation Request,201,Created,Firs Test single user 1-1,text,true,,463,10422,1,1,http://localhost:3002/fir,7,0,0
1675771331693,7,FIr Creation Request,201,Created,Firs Test single user 1-1,text,true,,463,10422,1,1,http://localhost:3002/fir,7,0,0
1675771331702,9,FIr Creation Request,201,Created,Firs Test single user 1-1,text,true,,463,10422,1,1,http://localhost:3002/fir,9,0,0
1675771331713,6,FIr Creation Request,201,Created,Firs Test single user 1-1,text,true,,463,10422,1,1,http://localhost:3002/fir,6,0,0
1675771331721,6,FIr Creation Request,201,Created,Firs Test single user 1-1,text,true,,463,10422,1,1,http://localhost:3002/fir,6,0,0
1675771331728,6,FIr Creation Request,201,Created,Firs Test single user 1-1,text,true,,463,10422,1,1,http://localhost:3002/fir,6,0,0
1675771331735,6,FIr Creation Request,201,Created,Firs Test single user 1-1,text,true,,463,10422,1,1,http://localhost:3002/fir,6,0,0
1675771331742,6,FIr Creation Request,201,Created,Firs Test single user 1-1,text,true,,463,10422,1,1,http://localhost:3002/fir,6,0,0
1675771331749,7,FIr Creation Request,201,Created,Firs Test single user 1-1,text,true,,463,10422,1,1,http://localhost:3002/fir,7,0,0
1675771331758,7,FIr Creation Request,201,Created,Firs Test single user 1-1,text,true,,463,10422,1,1,http://localhost:3002/fir,7,0,0
1675771331766,7,FIr Creation Request,201,Created,Firs Test single user 1-1,text,true,,463,10422,1,1,http://localhost:3002/fir,7,0,0
1675771331774,6,FIr Creation Request,201,Created,Firs Test single user 1-1,text,true,,463,10422,1,1,http://localhost:3002/fir,6,0,0
1675771331781,6,FIr Creation Request,201,Created,Firs Test single user 1-1,text,true,,463,10422,1,1,http://localhost:3002/fir,6,0,0
1675771331788,6,FIr Creation Request,201,Created,Firs Test single user 1-1,text,true,,463,10422,1,1,http://localhost:3002/fir,6,0,0
1675771331795,6,FIr Creation Request,201,Created,Firs Test single user 1-1,text,true,,463,10422,1,1,http://localhost:3002/fir,6,0,0
1675771331803,7,FIr Creation Request,201,Created,Firs Test single user 1-1,text,true,,463,10422,1,1,http://localhost:3002/fir,7,0,0
1675771331811,8,FIr Creation Request,201,Created,Firs Test single user 1-1,text,true,,463,10422,1,1,http://localhost:3002/fir,8,0,0
1675771331820,7,FIr Creation Request,201,Created,Firs Test single user 1-1,text,true,,463,10422,1,1,http://localhost:3002/fir,7,0,0
1675771331828,7,FIr Creation Request,201,Created,Firs Test single user 1-1,text,true,,463,10422,1,1,http://localhost:3002/fir,7,0,0
1675771331888,8,FIr Creation Request,201,Created,Firs Test single user 1-1,text,true,,463,10422,1,1,http://localhost:3002/fir,8,0,0
1675771331897,6,FIr Creation Request,201,Created,Firs Test single user 1-1,text,true,,463,10422,1,1,http://localhost:3002/fir,6,0,0
1675771331904,6,FIr Creation Request,201,Created,Firs Test single user 1-1,text,true,,463,10422,1,1,http://localhost:3002/fir,6,0,0
1675771331912,6,FIr Creation Request,201,Created,Firs Test single user 1-1,text,true,,463,10422,1,1,http://localhost:3002/fir,6,0,0
1675771331919,8,FIr Creation Request,201,Created,Firs Test single user 1-1,text,true,,463,10422,1,1,http://localhost:3002/fir,8,0,1
1675771331928,9,FIr Creation Request,201,Created,Firs Test single user 1-1,text,true,,463,10422,1,1,http://localhost:3002/fir,9,0,0
1675771331938,6,FIr Creation Request,201,Created,Firs Test single user 1-1,text,true,,463,10422,1,1,http://localhost:3002/fir,6,0,0
1675771331945,6,FIr Creation Request,201,Created,Firs Test single user 1-1,text,true,,463,10422,1,1,http://localhost:3002/fir,6,0,1
1675771331952,8,FIr Creation Request,201,Created,Firs Test single user 1-1,text,true,,463,10422,1,1,http://localhost:3002/fir,8,0,1
1675771331961,7,FIr Creation Request,201,Created,Firs Test single user 1-1,text,true,,463,10422,1,1,http://localhost:3002/fir,7,0,0
1675771331969,6,FIr Creation Request,201,Created,Firs Test single user 1-1,text,true,,463,10422,1,1,http://localhost:3002/fir,6,0,0
1675771331976,6,FIr Creation Request,201,Created,Firs Test single user 1-1,text,true,,463,10422,1,1,http://localhost:3002/fir,6,0,1
1675771331983,6,FIr Creation Request,201,Created,Firs Test single user 1-1,text,true,,463,10422,1,1,http://localhost:3002/fir,6,0,1
1675771331990,6,FIr Creation Request,201,Created,Firs Test single user 1-1,text,true,,463,10422,1,1,http://localhost:3002/fir,6,0,1
1675771331997,6,FIr Creation Request,201,Created,Firs Test single user 1-1,text,true,,463,10422,1,1,http://localhost:3002/fir,6,0,0
1675771332005,5,FIr Creation Request,201,Created,Firs Test single user 1-1,text,true,,463,10422,1,1,http://localhost:3002/fir,5,0,0
1675771332012,5,FIr Creation Request,201,Created,Firs Test single user 1-1,text,true,,463,10422,1,1,http://localhost:3002/fir,5,0,0
1675771332018,8,FIr Creation Request,201,Created,Firs Test single user 1-1,text,true,,463,10422,1,1,http://localhost:3002/fir,8,0,1
1675771332027,6,FIr Creation Request,201,Created,Firs Test single user 1-1,text,true,,463,10422,1,1,http://localhost:3002/fir,6,0,0
1675771332034,6,FIr Creation Request,201,Created,Firs Test single user 1-1,text,true,,463,10422,1,1,http://localhost:3002/fir,6,0,0
1675771332041,7,FIr Creation Request,201,Created,Firs Test single user 1-1,text,true,,463,10422,1,1,http://localhost:3002/fir,7,0,0
1675771332049,8,FIr Creation Request,201,Created,Firs Test single user 1-1,text,true,,463,10422,1,1,http://localhost:3002/fir,8,0,1
1675771332058,7,FIr Creation Request,201,Created,Firs Test single user 1-1,text,true,,463,10422,1,1,http://localhost:3002/fir,7,0,0
1675771332066,8,FIr Creation Request,201,Created,Firs Test single user 1-1,text,true,,463,10422,1,1,http://localhost:3002/fir,8,0,0
1675771332075,7,FIr Creation Request,201,Created,Firs Test single user 1-1,text,true,,463,10422,1,1,http://localhost:3002/fir,7,0,0
1675771332083,7,FIr Creation Request,201,Created,Firs Test single user 1-1,text,true,,463,10422,1,1,http://localhost:3002/fir,7,0,0
1675771332091,7,FIr Creation Request,201,Created,Firs Test single user 1-1,text,true,,463,10422,1,1,http://localhost:3002/fir,7,0,1
1675771332100,7,FIr Creation Request,201,Created,Firs Test single user 1-1,text,true,,463,10422,1,1,http://localhost:3002/fir,7,0,0
1675771332108,7,FIr Creation Request,201,Created,Firs Test single user 1-1,text,true,,463,10422,1,1,http://localhost:3002/fir,7,0,0
1675771332116,7,FIr Creation Request,201,Created,Firs Test single user 1-1,text,true,,463,10422,1,1,http://localhost:3002/fir,7,0,0
1675771332125,7,FIr Creation Request,201,Created,Firs Test single user 1-1,text,true,,463,10422,1,1,http://localhost:3002/fir,7,0,0
1675771332133,6,FIr Creation Request,201,Created,Firs Test single user 1-1,text,true,,463,10422,1,1,http://localhost:3002/fir,6,0,0
1675771332140,6,FIr Creation Request,201,Created,Firs Test single user 1-1,text,true,,463,10422,1,1,http://localhost:3002/fir,6,0,1
1675771332147,6,FIr Creation Request,201,Created,Firs Test single user 1-1,text,true,,463,10422,1,1,http://localhost:3002/fir,6,0,1
1675771332154,7,FIr Creation Request,201,Created,Firs Test single user 1-1,text,true,,463,10422,1,1,http://localhost:3002/fir,7,0,1
1675771332162,7,FIr Creation Request,201,Created,Firs Test single user 1-1,text,true,,463,10422,1,1,http://localhost:3002/fir,7,0,1
1675771332170,7,FIr Creation Request,201,Created,Firs Test single user 1-1,text,true,,463,10422,1,1,http://localhost:3002/fir,7,0,0
1675771332178,7,FIr Creation Request,201,Created,Firs Test single user 1-1,text,true,,463,10422,1,1,http://localhost:3002/fir,7,0,1
1675771332187,6,FIr Creation Request,201,Created,Firs Test single user 1-1,text,true,,463,10422,1,1,http://localhost:3002/fir,6,0,0
1675771332194,6,FIr Creation Request,201,Created,Firs Test single user 1-1,text,true,,463,10422,1,1,http://localhost:3002/fir,6,0,0
1675771332201,36,FIr Creation Request,201,Created,Firs Test single user 1-1,text,true,,463,10422,1,1,http://localhost:3002/fir,36,0,0
1675771332239,6,FIr Creation Request,201,Created,Firs Test single user 1-1,text,true,,463,10422,1,1,http://localhost:3002/fir,6,0,0
1675771332246,7,FIr Creation Request,201,Created,Firs Test single user 1-1,text,true,,463,10422,1,1,http://localhost:3002/fir,7,0,1
1675771332254,7,FIr Creation Request,201,Created,Firs Test single user 1-1,text,true,,463,10422,1,1,http://localhost:3002/fir,7,0,0
1675771332262,7,FIr Creation Request,201,Created,Firs Test single user 1-1,text,true,,463,10422,1,1,http://localhost:3002/fir,7,0,0
1675771332270,7,FIr Creation Request,201,Created,Firs Test single user 1-1,text,true,,463,10422,1,1,http://localhost:3002/fir,7,0,1
1675771332278,8,FIr Creation Request,201,Created,Firs Test single user 1-1,text,true,,463,10422,1,1,http://localhost:3002/fir,8,0,1
1675771332287,6,FIr Creation Request,201,Created,Firs Test single user 1-1,text,true,,463,10422,1,1,http://localhost:3002/fir,6,0,0
1675771332294,7,FIr Creation Request,201,Created,Firs Test single user 1-1,text,true,,463,10422,1,1,http://localhost:3002/fir,7,0,0
1675771332302,6,FIr Creation Request,201,Created,Firs Test single user 1-1,text,true,,463,10422,1,1,http://localhost:3002/fir,6,0,0
1675771332309,6,FIr Creation Request,201,Created,Firs Test single user 1-1,text,true,,463,10422,1,1,http://localhost:3002/fir,6,0,1
1675771332317,5,FIr Creation Request,201,Created,Firs Test single user 1-1,text,true,,463,10422,1,1,http://localhost:3002/fir,5,0,0
1675771332324,6,FIr Creation Request,201,Created,Firs Test single user 1-1,text,true,,463,10422,1,1,http://localhost:3002/fir,6,0,0
1675771332331,6,FIr Creation Request,201,Created,Firs Test single user 1-1,text,true,,463,10422,1,1,http://localhost:3002/fir,6,0,0
1675771332338,6,FIr Creation Request,201,Created,Firs Test single user 1-1,text,true,,463,10422,1,1,http://localhost:3002/fir,6,0,0
1675771332345,9,FIr Creation Request,201,Created,Firs Test single user 1-1,text,true,,463,10422,1,1,http://localhost:3002/fir,9,0,0
1675771332356,7,FIr Creation Request,201,Created,Firs Test single user 1-1,text,true,,463,10422,1,1,http://localhost:3002/fir,7,0,0
1675771332364,6,FIr Creation Request,201,Created,Firs Test single user 1-1,text,true,,463,10422,1,1,http://localhost:3002/fir,6,0,0
1675771332371,6,FIr Creation Request,201,Created,Firs Test single user 1-1,text,true,,463,10422,1,1,http://localhost:3002/fir,6,0,0
1675771332378,10,FIr Creation Request,201,Created,Firs Test single user 1-1,text,true,,463,10422,1,1,http://localhost:3002/fir,10,0,0
1675771332397,11,FIr Creation Request,201,Created,Firs Test single user 1-1,text,true,,463,10422,1,1,http://localhost:3002/fir,11,0,0
1675771332409,6,FIr Creation Request,201,Created,Firs Test single user 1-1,text,true,,463,10422,1,1,http://localhost:3002/fir,6,0,0
1675771332417,7,FIr Creation Request,201,Created,Firs Test single user 1-1,text,true,,463,10422,1,1,http://localhost:3002/fir,7,0,0
1675771332425,7,FIr Creation Request,201,Created,Firs Test single user 1-1,text,true,,463,10422,1,1,http://localhost:3002/fir,7,0,0
1675771332433,8,FIr Creation Request,201,Created,Firs Test single user 1-1,text,true,,463,10422,1,1,http://localhost:3002/fir,8,0,0
1675771332442,7,FIr Creation Request,201,Created,Firs Test single user 1-1,text,true,,463,10422,1,1,http://localhost:3002/fir,7,0,0
1675771332450,7,FIr Creation Request,201,Created,Firs Test single user 1-1,text,true,,463,10422,1,1,http://localhost:3002/fir,7,0,1
1675771332458,8,FIr Creation Request,201,Created,Firs Test single user 1-1,text,true,,463,10422,1,1,http://localhost:3002/fir,8,0,1
1675771332467,7,FIr Creation Request,201,Created,Firs Test single user 1-1,text,true,,463,10422,1,1,http://localhost:3002/fir,7,0,0
1675771332475,7,FIr Creation Request,201,Created,Firs Test single user 1-1,text,true,,463,10422,1,1,http://localhost:3002/fir,7,0,0
1675771332483,8,FIr Creation Request,201,Created,Firs Test single user 1-1,text,true,,463,10422,1,1,http://localhost:3002/fir,8,0,1
1675771332492,7,FIr Creation Request,201,Created,Firs Test single user 1-1,text,true,,463,10422,1,1,http://localhost:3002/fir,7,0,1
1675771332500,7,FIr Creation Request,201,Created,Firs Test single user 1-1,text,true,,463,10422,1,1,http://localhost:3002/fir,7,0,0
1675771332508,8,FIr Creation Request,201,Created,Firs Test single user 1-1,text,true,,463,10422,1,1,http://localhost:3002/fir,8,0,1
1675771332517,7,FIr Creation Request,201,Created,Firs Test single user 1-1,text,true,,463,10422,1,1,http://localhost:3002/fir,7,0,0
1675771332525,7,FIr Creation Request,201,Created,Firs Test single user 1-1,text,true,,463,10422,1,1,http://localhost:3002/fir,7,0,0
1675771332533,8,FIr Creation Request,201,Created,Firs Test single user 1-1,text,true,,463,10422,1,1,http://localhost:3002/fir,8,0,0
1675771332542,7,FIr Creation Request,201,Created,Firs Test single user 1-1,text,true,,463,10422,1,1,http://localhost:3002/fir,7,0,0
1675771332550,8,FIr Creation Request,201,Created,Firs Test single user 1-1,text,true,,463,10422,1,1,http://localhost:3002/fir,8,0,0
1675771332559,7,FIr Creation Request,201,Created,Firs Test single user 1-1,text,true,,463,10422,1,1,http://localhost:3002/fir,7,0,0
1675771332567,7,FIr Creation Request,201,Created,Firs Test single user 1-1,text,true,,463,10422,1,1,http://localhost:3002/fir,7,0,0
1675771332575,7,FIr Creation Request,201,Created,Firs Test single user 1-1,text,true,,463,10422,1,1,http://localhost:3002/fir,7,0,0
1675771332583,7,FIr Creation Request,201,Created,Firs Test single user 1-1,text,true,,463,10422,1,1,http://localhost:3002/fir,7,0,1
1675771332592,7,FIr Creation Request,201,Created,Firs Test single user 1-1,text,true,,463,10422,1,1,http://localhost:3002/fir,7,0,0
1675771332600,7,FIr Creation Request,201,Created,Firs Test single user 1-1,text,true,,463,10422,1,1,http://localhost:3002/fir,7,0,0
1675771332608,6,FIr Creation Request,201,Created,Firs Test single user 1-1,text,true,,463,10422,1,1,http://localhost:3002/fir,6,0,0
1675771332615,6,FIr Creation Request,201,Created,Firs Test single user 1-1,text,true,,463,10422,1,1,http://localhost:3002/fir,6,0,0
1675771332622,573,FIr Creation Request,201,Created,Firs Test single user 1-1,text,true,,463,10422,1,1,http://localhost:3002/fir,573,0,0
1675771333200,11,FIr Creation Request,201,Created,Firs Test single user 1-1,text,true,,463,10422,1,1,http://localhost:3002/fir,11,0,1
1675771333212,8,FIr Creation Request,201,Created,Firs Test single user 1-1,text,true,,463,10422,1,1,http://localhost:3002/fir,8,0,0
1675771333221,8,FIr Creation Request,201,Created,Firs Test single user 1-1,text,true,,463,10422,1,1,http://localhost:3002/fir,8,0,0
1675771333234,8,FIr Creation Request,201,Created,Firs Test single user 1-1,text,true,,463,10422,1,1,http://localhost:3002/fir,8,0,0
1675771333244,9,FIr Creation Request,201,Created,Firs Test single user 1-1,text,true,,463,10422,1,1,http://localhost:3002/fir,9,0,0
1675771333255,7,FIr Creation Request,201,Created,Firs Test single user 1-1,text,true,,463,10422,1,1,http://localhost:3002/fir,7,0,0
1675771333263,7,FIr Creation Request,201,Created,Firs Test single user 1-1,text,true,,463,10422,1,1,http://localhost:3002/fir,7,0,0
1675771333271,7,FIr Creation Request,201,Created,Firs Test single user 1-1,text,true,,463,10422,1,1,http://localhost:3002/fir,7,0,1
1675771333279,9,FIr Creation Request,201,Created,Firs Test single user 1-1,text,true,,463,10422,1,1,http://localhost:3002/fir,9,0,0
1675771333289,6,FIr Creation Request,201,Created,Firs Test single user 1-1,text,true,,463,10422,1,1,http://localhost:3002/fir,6,0,0
1675771333297,7,FIr Creation Request,201,Created,Firs Test single user 1-1,text,true,,463,10422,1,1,http://localhost:3002/fir,7,0,0
1675771333306,6,FIr Creation Request,201,Created,Firs Test single user 1-1,text,true,,463,10422,1,1,http://localhost:3002/fir,6,0,0
1675771333313,8,FIr Creation Request,201,Created,Firs Test single user 1-1,text,true,,463,10422,1,1,http://localhost:3002/fir,8,0,1
1675771333322,7,FIr Creation Request,201,Created,Firs Test single user 1-1,text,true,,463,10422,1,1,http://localhost:3002/fir,7,0,0
1675771333330,8,FIr Creation Request,201,Created,Firs Test single user 1-1,text,true,,463,10422,1,1,http://localhost:3002/fir,8,0,0
1675771333339,7,FIr Creation Request,201,Created,Firs Test single user 1-1,text,true,,463,10422,1,1,http://localhost:3002/fir,7,0,0
1675771333347,6,FIr Creation Request,201,Created,Firs Test single user 1-1,text,true,,463,10422,1,1,http://localhost:3002/fir,6,0,0
1675771333355,6,FIr Creation Request,201,Created,Firs Test single user 1-1,text,true,,463,10422,1,1,http://localhost:3002/fir,6,0,0
1675771333362,8,FIr Creation Request,201,Created,Firs Test single user 1-1,text,true,,463,10422,1,1,http://localhost:3002/fir,8,0,0
1675771333372,7,FIr Creation Request,201,Created,Firs Test single user 1-1,text,true,,463,10422,1,1,http://localhost:3002/fir,7,0,0
1675771333380,7,FIr Creation Request,201,Created,Firs Test single user 1-1,text,true,,463,10422,1,1,http://localhost:3002/fir,7,0,0
1675771333388,8,FIr Creation Request,201,Created,Firs Test single user 1-1,text,true,,463,10422,1,1,http://localhost:3002/fir,8,0,0
1675771333397,7,FIr Creation Request,201,Created,Firs Test single user 1-1,text,true,,463,10422,1,1,http://localhost:3002/fir,7,0,0
1675771333405,7,FIr Creation Request,201,Created,Firs Test single user 1-1,text,true,,463,10422,1,1,http://localhost:3002/fir,7,0,1
1675771333418,7,FIr Creation Request,201,Created,Firs Test single user 1-1,text,true,,463,10422,1,1,http://localhost:3002/fir,7,0,0
1675771333426,7,FIr Creation Request,201,Created,Firs Test single user 1-1,text,true,,463,10422,1,1,http://localhost:3002/fir,7,0,1
1675771333434,6,FIr Creation Request,201,Created,Firs Test single user 1-1,text,true,,463,10422,1,1,http://localhost:3002/fir,6,0,0
1675771333441,6,FIr Creation Request,201,Created,Firs Test single user 1-1,text,true,,463,10422,1,1,http://localhost:3002/fir,6,0,1
1675771333449,5,FIr Creation Request,201,Created,Firs Test single user 1-1,text,true,,463,10422,1,1,http://localhost:3002/fir,5,0,0
1675771333456,9,FIr Creation Request,201,Created,Firs Test single user 1-1,text,true,,463,10422,1,1,http://localhost:3002/fir,9,0,0
1675771333466,10,FIr Creation Request,201,Created,Firs Test single user 1-1,text,true,,463,10422,1,1,http://localhost:3002/fir,10,0,1
1675771333477,18,FIr Creation Request,201,Created,Firs Test single user 1-1,text,true,,463,10422,1,1,http://localhost:3002/fir,18,0,0
1675771333496,7,FIr Creation Request,201,Created,Firs Test single user 1-1,text,true,,463,10422,1,1,http://localhost:3002/fir,7,0,1
1675771333504,8,FIr Creation Request,201,Created,Firs Test single user 1-1,text,true,,463,10422,1,1,http://localhost:3002/fir,8,0,1
1675771333513,11,FIr Creation Request,201,Created,Firs Test single user 1-1,text,true,,463,10422,1,1,http://localhost:3002/fir,11,0,0
1675771333525,9,FIr Creation Request,201,Created,Firs Test single user 1-1,text,true,,463,10422,1,1,http://localhost:3002/fir,9,0,0
1675771333535,10,FIr Creation Request,201,Created,Firs Test single user 1-1,text,true,,463,10422,1,1,http://localhost:3002/fir,10,0,0
1675771333547,7,FIr Creation Request,201,Created,Firs Test single user 1-1,text,true,,463,10422,1,1,http://localhost:3002/fir,7,0,0
1675771333555,8,FIr Creation Request,201,Created,Firs Test single user 1-1,text,true,,463,10422,1,1,http://localhost:3002/fir,8,0,1
1675771333564,6,FIr Creation Request,201,Created,Firs Test single user 1-1,text,true,,463,10422,1,1,http://localhost:3002/fir,6,0,0
1675771333571,8,FIr Creation Request,201,Created,Firs Test single user 1-1,text,true,,463,10422,1,1,http://localhost:3002/fir,8,0,0
1675771333580,7,FIr Creation Request,201,Created,Firs Test single user 1-1,text,true,,463,10422,1,1,http://localhost:3002/fir,7,0,0
1675771333588,7,FIr Creation Request,201,Created,Firs Test single user 1-1,text,true,,463,10422,1,1,http://localhost:3002/fir,7,0,0
1675771333597,7,FIr Creation Request,201,Created,Firs Test single user 1-1,text,true,,463,10422,1,1,http://localhost:3002/fir,7,0,0
1675771333605,8,FIr Creation Request,201,Created,Firs Test single user 1-1,text,true,,463,10422,1,1,http://localhost:3002/fir,8,0,0
1675771333614,7,FIr Creation Request,201,Created,Firs Test single user 1-1,text,true,,463,10422,1,1,http://localhost:3002/fir,7,0,0
1675771333622,6,FIr Creation Request,201,Created,Firs Test single user 1-1,text,true,,463,10422,1,1,http://localhost:3002/fir,6,0,0
1675771333630,7,FIr Creation Request,201,Created,Firs Test single user 1-1,text,true,,463,10422,1,1,http://localhost:3002/fir,7,0,0
1675771333638,8,FIr Creation Request,201,Created,Firs Test single user 1-1,text,true,,463,10422,1,1,http://localhost:3002/fir,8,0,0
1675771333647,7,FIr Creation Request,201,Created,Firs Test single user 1-1,text,true,,463,10422,1,1,http://localhost:3002/fir,7,0,1
1675771333655,7,FIr Creation Request,201,Created,Firs Test single user 1-1,text,true,,463,10422,1,1,http://localhost:3002/fir,7,0,0
1675771333663,8,FIr Creation Request,201,Created,Firs Test single user 1-1,text,true,,463,10422,1,1,http://localhost:3002/fir,8,0,1
1675771333672,6,FIr Creation Request,201,Created,Firs Test single user 1-1,text,true,,463,10422,1,1,http://localhost:3002/fir,6,0,0
1675771333680,7,FIr Creation Request,201,Created,Firs Test single user 1-1,text,true,,463,10422,1,1,http://localhost:3002/fir,7,0,0
1675771333688,7,FIr Creation Request,201,Created,Firs Test single user 1-1,text,true,,463,10422,1,1,http://localhost:3002/fir,7,0,1
1675771333696,10,FIr Creation Request,201,Created,Firs Test single user 1-1,text,true,,463,10422,1,1,http://localhost:3002/fir,10,0,0
1675771333707,6,FIr Creation Request,201,Created,Firs Test single user 1-1,text,true,,463,10422,1,1,http://localhost:3002/fir,6,0,0
1675771333715,6,FIr Creation Request,201,Created,Firs Test single user 1-1,text,true,,463,10422,1,1,http://localhost:3002/fir,6,0,0
1675771333722,7,FIr Creation Request,201,Created,Firs Test single user 1-1,text,true,,463,10422,1,1,http://localhost:3002/fir,7,0,1
1675771333730,8,FIr Creation Request,201,Created,Firs Test single user 1-1,text,true,,463,10422,1,1,http://localhost:3002/fir,8,0,0
1675771333743,7,FIr Creation Request,201,Created,Firs Test single user 1-1,text,true,,463,10422,1,1,http://localhost:3002/fir,7,0,0
1675771333752,6,FIr Creation Request,201,Created,Firs Test single user 1-1,text,true,,463,10422,1,1,http://localhost:3002/fir,6,0,0
1675771333759,11,FIr Creation Request,201,Created,Firs Test single user 1-1,text,true,,463,10422,1,1,http://localhost:3002/fir,11,0,0
1675771333771,8,FIr Creation Request,201,Created,Firs Test single user 1-1,text,true,,463,10422,1,1,http://localhost:3002/fir,8,0,1
1675771333780,32,FIr Creation Request,201,Created,Firs Test single user 1-1,text,true,,463,10422,1,1,http://localhost:3002/fir,32,0,0
1675771333814,6,FIr Creation Request,201,Created,Firs Test single user 1-1,text,true,,463,10422,1,1,http://localhost:3002/fir,6,0,0
1675771333821,29,FIr Creation Request,201,Created,Firs Test single user 1-1,text,true,,463,10422,1,1,http://localhost:3002/fir,29,0,1
1675771333852,1395,FIr Creation Request,201,Created,Firs Test single user 1-1,text,true,,463,10422,1,1,http://localhost:3002/fir,1395,0,0
1675771335253,22,FIr Creation Request,201,Created,Firs Test single user 1-1,text,true,,463,10422,1,1,http://localhost:3002/fir,22,0,0
1675771335276,43,FIr Creation Request,201,Created,Firs Test single user 1-1,text,true,,463,10422,1,1,http://localhost:3002/fir,43,0,1
1675771335322,10,FIr Creation Request,201,Created,Firs Test single user 1-1,text,true,,463,10422,1,1,http://localhost:3002/fir,10,0,0
1675771335334,308,FIr Creation Request,201,Created,Firs Test single user 1-1,text,true,,463,10422,1,1,http://localhost:3002/fir,308,0,0
1675771335643,14,FIr Creation Request,201,Created,Firs Test single user 1-1,text,true,,463,10422,1,1,http://localhost:3002/fir,14,0,0
1675771335658,10,FIr Creation Request,201,Created,Firs Test single user 1-1,text,true,,463,10422,1,1,http://localhost:3002/fir,10,0,0
1675771335670,7,FIr Creation Request,201,Created,Firs Test single user 1-1,text,true,,463,10422,1,1,http://localhost:3002/fir,7,0,0
1675771335678,6,FIr Creation Request,201,Created,Firs Test single user 1-1,text,true,,463,10422,1,1,http://localhost:3002/fir,6,0,0
1675771335686,7,FIr Creation Request,201,Created,Firs Test single user 1-1,text,true,,463,10422,1,1,http://localhost:3002/fir,7,0,0
1675771335694,7,FIr Creation Request,201,Created,Firs Test single user 1-1,text,true,,463,10422,1,1,http://localhost:3002/fir,7,0,0
1675771335702,7,FIr Creation Request,201,Created,Firs Test single user 1-1,text,true,,463,10422,1,1,http://localhost:3002/fir,7,0,0
1675771335710,8,FIr Creation Request,201,Created,Firs Test single user 1-1,text,true,,463,10422,1,1,http://localhost:3002/fir,8,0,0
1675771335719,8,FIr Creation Request,201,Created,Firs Test single user 1-1,text,true,,463,10422,1,1,http://localhost:3002/fir,8,0,0
1675771335728,7,FIr Creation Request,201,Created,Firs Test single user 1-1,text,true,,463,10422,1,1,http://localhost:3002/fir,7,0,0
1675771335736,7,FIr Creation Request,201,Created,Firs Test single user 1-1,text,true,,463,10422,1,1,http://localhost:3002/fir,7,0,0
1675771335744,8,FIr Creation Request,201,Created,Firs Test single user 1-1,text,true,,463,10422,1,1,http://localhost:3002/fir,8,0,0
1675771335753,6,FIr Creation Request,201,Created,Firs Test single user 1-1,text,true,,463,10422,1,1,http://localhost:3002/fir,6,0,0
1675771335760,6,FIr Creation Request,201,Created,Firs Test single user 1-1,text,true,,463,10422,1,1,http://localhost:3002/fir,6,0,1
1675771335768,5,FIr Creation Request,201,Created,Firs Test single user 1-1,text,true,,463,10422,1,1,http://localhost:3002/fir,5,0,0
1675771335775,5,FIr Creation Request,201,Created,Firs Test single user 1-1,text,true,,463,10422,1,1,http://localhost:3002/fir,5,0,0
1675771335785,11,FIr Creation Request,201,Created,Firs Test single user 1-1,text,true,,463,10422,1,1,http://localhost:3002/fir,11,0,1
1675771335797,7,FIr Creation Request,201,Created,Firs Test single user 1-1,text,true,,463,10422,1,1,http://localhost:3002/fir,7,0,0
1675771335805,8,FIr Creation Request,201,Created,Firs Test single user 1-1,text,true,,463,10422,1,1,http://localhost:3002/fir,8,0,1
1675771335814,5,FIr Creation Request,201,Created,Firs Test single user 1-1,text,true,,463,10422,1,1,http://localhost:3002/fir,5,0,0
1675771335821,6,FIr Creation Request,201,Created,Firs Test single user 1-1,text,true,,463,10422,1,1,http://localhost:3002/fir,6,0,0
1675771335829,6,FIr Creation Request,201,Created,Firs Test single user 1-1,text,true,,463,10422,1,1,http://localhost:3002/fir,6,0,0
1675771335836,7,FIr Creation Request,201,Created,Firs Test single user 1-1,text,true,,463,10422,1,1,http://localhost:3002/fir,7,0,0
1675771335844,10,FIr Creation Request,201,Created,Firs Test single user 1-1,text,true,,463,10422,1,1,http://localhost:3002/fir,10,0,0
1675771335855,6,FIr Creation Request,201,Created,Firs Test single user 1-1,text,true,,463,10422,1,1,http://localhost:3002/fir,6,0,1
1675771335862,9,FIr Creation Request,201,Created,Firs Test single user 1-1,text,true,,463,10422,1,1,http://localhost:3002/fir,9,0,1
1675771335873,9,FIr Creation Request,201,Created,Firs Test single user 1-1,text,true,,463,10422,1,1,http://localhost:3002/fir,9,0,0
1675771335883,6,FIr Creation Request,201,Created,Firs Test single user 1-1,text,true,,463,10422,1,1,http://localhost:3002/fir,6,0,0
1675771335891,6,FIr Creation Request,201,Created,Firs Test single user 1-1,text,true,,463,10422,1,1,http://localhost:3002/fir,6,0,0
1675771335898,7,FIr Creation Request,201,Created,Firs Test single user 1-1,text,true,,463,10422,1,1,http://localhost:3002/fir,7,0,0
1675771335907,6,FIr Creation Request,201,Created,Firs Test single user 1-1,text,true,,463,10422,1,1,http://localhost:3002/fir,6,0,0
1675771335914,8,FIr Creation Request,201,Created,Firs Test single user 1-1,text,true,,463,10422,1,1,http://localhost:3002/fir,8,0,0
1675771335923,6,FIr Creation Request,201,Created,Firs Test single user 1-1,text,true,,463,10422,1,1,http://localhost:3002/fir,6,0,0
1675771335930,6,FIr Creation Request,201,Created,Firs Test single user 1-1,text,true,,463,10422,1,1,http://localhost:3002/fir,6,0,0
1675771335937,8,FIr Creation Request,201,Created,Firs Test single user 1-1,text,true,,463,10422,1,1,http://localhost:3002/fir,8,0,1
1675771335946,6,FIr Creation Request,201,Created,Firs Test single user 1-1,text,true,,463,10422,1,1,http://localhost:3002/fir,6,0,1
1675771335953,9,FIr Creation Request,201,Created,Firs Test single user 1-1,text,true,,463,10422,1,1,http://localhost:3002/fir,9,0,0
1675771335964,10,FIr Creation Request,201,Created,Firs Test single user 1-1,text,true,,463,10422,1,1,http://localhost:3002/fir,10,0,0
1675771335975,6,FIr Creation Request,201,Created,Firs Test single user 1-1,text,true,,463,10422,1,1,http://localhost:3002/fir,6,0,0
1675771335982,6,FIr Creation Request,201,Created,Firs Test single user 1-1,text,true,,463,10422,1,1,http://localhost:3002/fir,6,0,1
1675771335989,7,FIr Creation Request,201,Created,Firs Test single user 1-1,text,true,,463,10422,1,1,http://localhost:3002/fir,7,0,0
1675771335998,7,FIr Creation Request,201,Created,Firs Test single user 1-1,text,true,,463,10422,1,1,http://localhost:3002/fir,7,0,0
1675771336006,7,FIr Creation Request,201,Created,Firs Test single user 1-1,text,true,,463,10422,1,1,http://localhost:3002/fir,7,0,0
1675771336014,7,FIr Creation Request,201,Created,Firs Test single user 1-1,text,true,,463,10422,1,1,http://localhost:3002/fir,7,0,0
1675771336023,6,FIr Creation Request,201,Created,Firs Test single user 1-1,text,true,,463,10422,1,1,http://localhost:3002/fir,6,0,0
1675771336030,5,FIr Creation Request,201,Created,Firs Test single user 1-1,text,true,,463,10422,1,1,http://localhost:3002/fir,5,0,0
1675771336037,6,FIr Creation Request,201,Created,Firs Test single user 1-1,text,true,,463,10422,1,1,http://localhost:3002/fir,6,0,0
1675771336044,6,FIr Creation Request,201,Created,Firs Test single user 1-1,text,true,,463,10422,1,1,http://localhost:3002/fir,6,0,0
1675771336051,5,FIr Creation Request,201,Created,Firs Test single user 1-1,text,true,,463,10422,1,1,http://localhost:3002/fir,5,0,0
1675771336058,6,FIr Creation Request,201,Created,Firs Test single user 1-1,text,true,,463,10422,1,1,http://localhost:3002/fir,6,0,0
1675771336065,6,FIr Creation Request,201,Created,Firs Test single user 1-1,text,true,,463,10422,1,1,http://localhost:3002/fir,6,0,0
1675771336072,7,FIr Creation Request,201,Created,Firs Test single user 1-1,text,true,,463,10422,1,1,http://localhost:3002/fir,7,0,1
1675771336080,6,FIr Creation Request,201,Created,Firs Test single user 1-1,text,true,,463,10422,1,1,http://localhost:3002/fir,6,0,0
1675771336087,6,FIr Creation Request,201,Created,Firs Test single user 1-1,text,true,,463,10422,1,1,http://localhost:3002/fir,6,0,1
1675771336095,6,FIr Creation Request,201,Created,Firs Test single user 1-1,text,true,,463,10422,1,1,http://localhost:3002/fir,6,0,0
1675771336103,7,FIr Creation Request,201,Created,Firs Test single user 1-1,text,true,,463,10422,1,1,http://localhost:3002/fir,7,0,0
1675771336111,7,FIr Creation Request,201,Created,Firs Test single user 1-1,text,true,,463,10422,1,1,http://localhost:3002/fir,7,0,1
1675771336120,6,FIr Creation Request,201,Created,Firs Test single user 1-1,text,true,,463,10422,1,1,http://localhost:3002/fir,6,0,0
1675771336127,8,FIr Creation Request,201,Created,Firs Test single user 1-1,text,true,,463,10422,1,1,http://localhost:3002/fir,8,0,1
1675771336136,7,FIr Creation Request,201,Created,Firs Test single user 1-1,text,true,,463,10422,1,1,http://localhost:3002/fir,7,0,1
1675771336145,6,FIr Creation Request,201,Created,Firs Test single user 1-1,text,true,,463,10422,1,1,http://localhost:3002/fir,6,0,0
1675771336152,7,FIr Creation Request,201,Created,Firs Test single user 1-1,text,true,,463,10422,1,1,http://localhost:3002/fir,7,0,1
1675771336161,8,FIr Creation Request,201,Created,Firs Test single user 1-1,text,true,,463,10422,1,1,http://localhost:3002/fir,8,0,0
1675771336170,7,FIr Creation Request,201,Created,Firs Test single user 1-1,text,true,,463,10422,1,1,http://localhost:3002/fir,7,0,0
1675771336178,7,FIr Creation Request,201,Created,Firs Test single user 1-1,text,true,,463,10422,1,1,http://localhost:3002/fir,7,0,0
1675771336186,6,FIr Creation Request,201,Created,Firs Test single user 1-1,text,true,,463,10422,1,1,http://localhost:3002/fir,6,0,0
1675771336194,6,FIr Creation Request,201,Created,Firs Test single user 1-1,text,true,,463,10422,1,1,http://localhost:3002/fir,6,0,0
1675771336201,8,FIr Creation Request,201,Created,Firs Test single user 1-1,text,true,,463,10422,1,1,http://localhost:3002/fir,8,0,0
1675771336211,7,FIr Creation Request,201,Created,Firs Test single user 1-1,text,true,,463,10422,1,1,http://localhost:3002/fir,7,0,0
1675771336219,7,FIr Creation Request,201,Created,Firs Test single user 1-1,text,true,,463,10422,1,1,http://localhost:3002/fir,7,0,0
1675771336228,7,FIr Creation Request,201,Created,Firs Test single user 1-1,text,true,,463,10422,1,1,http://localhost:3002/fir,7,0,0
1675771336236,7,FIr Creation Request,201,Created,Firs Test single user 1-1,text,true,,463,10422,1,1,http://localhost:3002/fir,7,0,0
1675771336245,29,FIr Creation Request,201,Created,Firs Test single user 1-1,text,true,,463,10422,1,1,http://localhost:3002/fir,29,0,0
1675771336275,6,FIr Creation Request,201,Created,Firs Test single user 1-1,text,true,,463,10422,1,1,http://localhost:3002/fir,6,0,0
1675771336282,7,FIr Creation Request,201,Created,Firs Test single user 1-1,text,true,,463,10422,1,1,http://localhost:3002/fir,7,0,1
1675771336290,10,FIr Creation Request,201,Created,Firs Test single user 1-1,text,true,,463,10422,1,1,http://localhost:3002/fir,10,0,0
1675771336301,7,FIr Creation Request,201,Created,Firs Test single user 1-1,text,true,,463,10422,1,1,http://localhost:3002/fir,7,0,1
1675771336309,6,FIr Creation Request,201,Created,Firs Test single user 1-1,text,true,,463,10422,1,1,http://localhost:3002/fir,6,0,0
1675771336316,6,FIr Creation Request,201,Created,Firs Test single user 1-1,text,true,,463,10422,1,1,http://localhost:3002/fir,6,0,0
1675771336323,6,FIr Creation Request,201,Created,Firs Test single user 1-1,text,true,,463,10422,1,1,http://localhost:3002/fir,6,0,0
1675771336330,8,FIr Creation Request,201,Created,Firs Test single user 1-1,text,true,,463,10422,1,1,http://localhost:3002/fir,8,0,1
1675771336339,7,FIr Creation Request,201,Created,Firs Test single user 1-1,text,true,,463,10422,1,1,http://localhost:3002/fir,7,0,1
1675771336347,7,FIr Creation Request,201,Created,Firs Test single user 1-1,text,true,,463,10422,1,1,http://localhost:3002/fir,7,0,1
1675771336355,6,FIr Creation Request,201,Created,Firs Test single user 1-1,text,true,,463,10422,1,1,http://localhost:3002/fir,6,0,0
1675771336362,10,FIr Creation Request,201,Created,Firs Test single user 1-1,text,true,,463,10422,1,1,http://localhost:3002/fir,10,0,0
1675771336373,7,FIr Creation Request,201,Created,Firs Test single user 1-1,text,true,,463,10422,1,1,http://localhost:3002/fir,7,0,0
1675771336381,8,FIr Creation Request,201,Created,Firs Test single user 1-1,text,true,,463,10422,1,1,http://localhost:3002/fir,8,0,0
1675771336390,7,FIr Creation Request,201,Created,Firs Test single user 1-1,text,true,,463,10422,1,1,http://localhost:3002/fir,7,0,1
1675771336398,7,FIr Creation Request,201,Created,Firs Test single user 1-1,text,true,,463,10422,1,1,http://localhost:3002/fir,7,0,0
1675771336406,479,FIr Creation Request,201,Created,Firs Test single user 1-1,text,true,,463,10422,1,1,http://localhost:3002/fir,479,0,0
1675771336922,113,FIr Creation Request,201,Created,Firs Test single user 1-1,text,true,,463,10422,1,1,http://localhost:3002/fir,113,0,0
1675771337038,100,FIr Creation Request,201,Created,Firs Test single user 1-1,text,true,,463,10422,1,1,http://localhost:3002/fir,100,0,0
1675771337142,9,FIr Creation Request,201,Created,Firs Test single user 1-1,text,true,,463,10422,1,1,http://localhost:3002/fir,9,0,0
1675771337153,35,FIr Creation Request,201,Created,Firs Test single user 1-1,text,true,,463,10422,1,1,http://localhost:3002/fir,35,0,0
1675771337191,8,FIr Creation Request,201,Created,Firs Test single user 1-1,text,true,,463,10422,1,1,http://localhost:3002/fir,8,0,0
1675771337200,28,FIr Creation Request,201,Created,Firs Test single user 1-1,text,true,,463,10422,1,1,http://localhost:3002/fir,28,0,1
1675771337230,7,FIr Creation Request,201,Created,Firs Test single user 1-1,text,true,,463,10422,1,1,http://localhost:3002/fir,7,0,0
1675771337238,6,FIr Creation Request,201,Created,Firs Test single user 1-1,text,true,,463,10422,1,1,http://localhost:3002/fir,6,0,0
1675771337245,8,FIr Creation Request,201,Created,Firs Test single user 1-1,text,true,,463,10422,1,1,http://localhost:3002/fir,8,0,1
1675771337254,143,FIr Creation Request,201,Created,Firs Test single user 1-1,text,true,,463,10422,1,1,http://localhost:3002/fir,143,0,0
1675771337399,8,FIr Creation Request,201,Created,Firs Test single user 1-1,text,true,,463,10422,1,1,http://localhost:3002/fir,8,0,0
1675771337409,7,FIr Creation Request,201,Created,Firs Test single user 1-1,text,true,,463,10422,1,1,http://localhost:3002/fir,7,0,0
1675771337418,6,FIr Creation Request,201,Created,Firs Test single user 1-1,text,true,,463,10422,1,1,http://localhost:3002/fir,6,0,0
1675771337425,6,FIr Creation Request,201,Created,Firs Test single user 1-1,text,true,,463,10422,1,1,http://localhost:3002/fir,6,0,1
1675771337432,8,FIr Creation Request,201,Created,Firs Test single user 1-1,text,true,,463,10422,1,1,http://localhost:3002/fir,8,0,1
1675771337441,11,FIr Creation Request,201,Created,Firs Test single user 1-1,text,true,,463,10422,1,1,http://localhost:3002/fir,11,0,0
1675771337454,6,FIr Creation Request,201,Created,Firs Test single user 1-1,text,true,,463,10422,1,1,http://localhost:3002/fir,6,0,0
1675771337462,7,FIr Creation Request,201,Created,Firs Test single user 1-1,text,true,,463,10422,1,1,http://localhost:3002/fir,7,0,0
1675771337470,10,FIr Creation Request,201,Created,Firs Test single user 1-1,text,true,,463,10422,1,1,http://localhost:3002/fir,10,0,0
1675771337482,6,FIr Creation Request,201,Created,Firs Test single user 1-1,text,true,,463,10422,1,1,http://localhost:3002/fir,6,0,0
1675771337489,5,FIr Creation Request,201,Created,Firs Test single user 1-1,text,true,,463,10422,1,1,http://localhost:3002/fir,5,0,0
1675771337496,11,FIr Creation Request,201,Created,Firs Test single user 1-1,text,true,,463,10422,1,1,http://localhost:3002/fir,11,0,0
1675771337512,7,FIr Creation Request,201,Created,Firs Test single user 1-1,text,true,,463,10422,1,1,http://localhost:3002/fir,7,0,0
1675771337520,8,FIr Creation Request,201,Created,Firs Test single user 1-1,text,true,,463,10422,1,1,http://localhost:3002/fir,8,0,1
1675771337529,7,FIr Creation Request,201,Created,Firs Test single user 1-1,text,true,,463,10422,1,1,http://localhost:3002/fir,7,0,0
1675771337537,7,FIr Creation Request,201,Created,Firs Test single user 1-1,text,true,,463,10422,1,1,http://localhost:3002/fir,7,0,0
1675771337545,8,FIr Creation Request,201,Created,Firs Test single user 1-1,text,true,,463,10422,1,1,http://localhost:3002/fir,8,0,0
1675771337554,7,FIr Creation Request,201,Created,Firs Test single user 1-1,text,true,,463,10422,1,1,http://localhost:3002/fir,7,0,0
1675771337562,7,FIr Creation Request,201,Created,Firs Test single user 1-1,text,true,,463,10422,1,1,http://localhost:3002/fir,7,0,0
1675771337571,10,FIr Creation Request,201,Created,Firs Test single user 1-1,text,true,,463,10422,1,1,http://localhost:3002/fir,10,0,0
1675771337582,7,FIr Creation Request,201,Created,Firs Test single user 1-1,text,true,,463,10422,1,1,http://localhost:3002/fir,7,0,1
1675771337590,8,FIr Creation Request,201,Created,Firs Test single user 1-1,text,true,,463,10422,1,1,http://localhost:3002/fir,8,0,0
1675771337600,6,FIr Creation Request,201,Created,Firs Test single user 1-1,text,true,,463,10422,1,1,http://localhost:3002/fir,6,0,0
1675771337607,8,FIr Creation Request,201,Created,Firs Test single user 1-1,text,true,,463,10422,1,1,http://localhost:3002/fir,8,0,1
1675771337616,11,FIr Creation Request,201,Created,Firs Test single user 1-1,text,true,,463,10422,1,1,http://localhost:3002/fir,11,0,0
1675771337629,7,FIr Creation Request,201,Created,Firs Test single user 1-1,text,true,,463,10422,1,1,http://localhost:3002/fir,7,0,0
1675771337638,6,FIr Creation Request,201,Created,Firs Test single user 1-1,text,true,,463,10422,1,1,http://localhost:3002/fir,6,0,0
1675771337645,8,FIr Creation Request,201,Created,Firs Test single user 1-1,text,true,,463,10422,1,1,http://localhost:3002/fir,8,0,0
1675771337654,7,FIr Creation Request,201,Created,Firs Test single user 1-1,text,true,,463,10422,1,1,http://localhost:3002/fir,7,0,0
1675771337663,6,FIr Creation Request,201,Created,Firs Test single user 1-1,text,true,,463,10422,1,1,http://localhost:3002/fir,6,0,0
1675771337671,6,FIr Creation Request,201,Created,Firs Test single user 1-1,text,true,,463,10422,1,1,http://localhost:3002/fir,6,0,0
1675771337679,7,FIr Creation Request,201,Created,Firs Test single user 1-1,text,true,,463,10422,1,1,http://localhost:3002/fir,7,0,0
1675771337687,7,FIr Creation Request,201,Created,Firs Test single user 1-1,text,true,,463,10422,1,1,http://localhost:3002/fir,7,0,0
1675771337695,7,FIr Creation Request,201,Created,Firs Test single user 1-1,text,true,,463,10422,1,1,http://localhost:3002/fir,7,0,1
1675771337704,7,FIr Creation Request,201,Created,Firs Test single user 1-1,text,true,,463,10422,1,1,http://localhost:3002/fir,7,0,0
1675771337712,7,FIr Creation Request,201,Created,Firs Test single user 1-1,text,true,,463,10422,1,1,http://localhost:3002/fir,7,0,0
1675771337721,7,FIr Creation Request,201,Created,Firs Test single user 1-1,text,true,,463,10422,1,1,http://localhost:3002/fir,7,0,0
1675771337729,8,FIr Creation Request,201,Created,Firs Test single user 1-1,text,true,,463,10422,1,1,http://localhost:3002/fir,8,0,0
1675771337738,7,FIr Creation Request,201,Created,Firs Test single user 1-1,text,true,,463,10422,1,1,http://localhost:3002/fir,7,0,0
1675771337746,7,FIr Creation Request,201,Created,Firs Test single user 1-1,text,true,,463,10422,1,1,http://localhost:3002/fir,7,0,0
1675771337754,7,FIr Creation Request,201,Created,Firs Test single user 1-1,text,true,,463,10422,1,1,http://localhost:3002/fir,7,0,0
1675771337762,8,FIr Creation Request,201,Created,Firs Test single user 1-1,text,true,,463,10422,1,1,http://localhost:3002/fir,8,0,0
1675771337771,7,FIr Creation Request,201,Created,Firs Test single user 1-1,text,true,,463,10422,1,1,http://localhost:3002/fir,7,0,0
1675771337779,7,FIr Creation Request,201,Created,Firs Test single user 1-1,text,true,,463,10422,1,1,http://localhost:3002/fir,7,0,0
1675771337787,7,FIr Creation Request,201,Created,Firs Test single user 1-1,text,true,,463,10422,1,1,http://localhost:3002/fir,7,0,0
1675771337795,7,FIr Creation Request,201,Created,Firs Test single user 1-1,text,true,,463,10422,1,1,http://localhost:3002/fir,7,0,1
1675771337804,7,FIr Creation Request,201,Created,Firs Test single user 1-1,text,true,,463,10422,1,1,http://localhost:3002/fir,7,0,0
1675771337812,8,FIr Creation Request,201,Created,Firs Test single user 1-1,text,true,,463,10422,1,1,http://localhost:3002/fir,8,0,0
1675771337821,7,FIr Creation Request,201,Created,Firs Test single user 1-1,text,true,,463,10422,1,1,http://localhost:3002/fir,7,0,0
1675771337829,11,FIr Creation Request,201,Created,Firs Test single user 1-1,text,true,,463,10422,1,1,http://localhost:3002/fir,11,0,0
1675771337841,8,FIr Creation Request,201,Created,Firs Test single user 1-1,text,true,,463,10422,1,1,http://localhost:3002/fir,8,0,0
1675771337850,6,FIr Creation Request,201,Created,Firs Test single user 1-1,text,true,,463,10422,1,1,http://localhost:3002/fir,6,0,0
1675771337858,6,FIr Creation Request,201,Created,Firs Test single user 1-1,text,true,,463,10422,1,1,http://localhost:3002/fir,6,0,0
1675771337866,7,FIr Creation Request,201,Created,Firs Test single user 1-1,text,true,,463,10422,1,1,http://localhost:3002/fir,7,0,0
1675771337875,34,FIr Creation Request,201,Created,Firs Test single user 1-1,text,true,,463,10422,1,1,http://localhost:3002/fir,34,0,0
1675771337911,6,FIr Creation Request,201,Created,Firs Test single user 1-1,text,true,,463,10422,1,1,http://localhost:3002/fir,6,0,0
1675771337918,10,FIr Creation Request,201,Created,Firs Test single user 1-1,text,true,,463,10422,1,1,http://localhost:3002/fir,10,0,0
1675771337929,8,FIr Creation Request,201,Created,Firs Test single user 1-1,text,true,,463,10422,1,1,http://localhost:3002/fir,8,0,0
1675771337938,7,FIr Creation Request,201,Created,Firs Test single user 1-1,text,true,,463,10422,1,1,http://localhost:3002/fir,7,0,0
1675771337946,9,FIr Creation Request,201,Created,Firs Test single user 1-1,text,true,,463,10422,1,1,http://localhost:3002/fir,9,0,0
1675771337956,8,FIr Creation Request,201,Created,Firs Test single user 1-1,text,true,,463,10422,1,1,http://localhost:3002/fir,8,0,0
1675771337965,8,FIr Creation Request,201,Created,Firs Test single user 1-1,text,true,,463,10422,1,1,http://localhost:3002/fir,8,0,1
1675771337974,11,FIr Creation Request,201,Created,Firs Test single user 1-1,text,true,,463,10422,1,1,http://localhost:3002/fir,11,0,0
1675771337986,6,FIr Creation Request,201,Created,Firs Test single user 1-1,text,true,,463,10422,1,1,http://localhost:3002/fir,6,0,0
1675771337993,6,FIr Creation Request,201,Created,Firs Test single user 1-1,text,true,,463,10422,1,1,http://localhost:3002/fir,6,0,0
1675771338000,11,FIr Creation Request,201,Created,Firs Test single user 1-1,text,true,,463,10422,1,1,http://localhost:3002/fir,11,0,1
1675771338013,6,FIr Creation Request,201,Created,Firs Test single user 1-1,text,true,,463,10422,1,1,http://localhost:3002/fir,6,0,0
1675771338024,7,FIr Creation Request,201,Created,Firs Test single user 1-1,text,true,,463,10422,1,1,http://localhost:3002/fir,7,0,0
1675771338033,7,FIr Creation Request,201,Created,Firs Test single user 1-1,text,true,,463,10422,1,1,http://localhost:3002/fir,7,0,0
1675771338041,7,FIr Creation Request,201,Created,Firs Test single user 1-1,text,true,,463,10422,1,1,http://localhost:3002/fir,7,0,1
1675771338049,8,FIr Creation Request,201,Created,Firs Test single user 1-1,text,true,,463,10422,1,1,http://localhost:3002/fir,8,0,1
1675771338058,245,FIr Creation Request,201,Created,Firs Test single user 1-1,text,true,,463,10422,1,1,http://localhost:3002/fir,245,0,0
1675771338304,11,FIr Creation Request,201,Created,Firs Test single user 1-1,text,true,,463,10422,1,1,http://localhost:3002/fir,11,0,0
1675771338316,8,FIr Creation Request,201,Created,Firs Test single user 1-1,text,true,,463,10422,1,1,http://localhost:3002/fir,8,0,1
1675771338326,7,FIr Creation Request,201,Created,Firs Test single user 1-1,text,true,,463,10422,1,1,http://localhost:3002/fir,7,0,0
1675771338334,251,FIr Creation Request,201,Created,Firs Test single user 1-1,text,true,,463,10422,1,1,http://localhost:3002/fir,251,0,0
1675771338586,11,FIr Creation Request,201,Created,Firs Test single user 1-1,text,true,,463,10422,1,1,http://localhost:3002/fir,11,0,0
1675771338599,7,FIr Creation Request,201,Created,Firs Test single user 1-1,text,true,,463,10422,1,1,http://localhost:3002/fir,7,0,0
1675771338607,8,FIr Creation Request,201,Created,Firs Test single user 1-1,text,true,,463,10422,1,1,http://localhost:3002/fir,8,0,1
1675771338616,8,FIr Creation Request,201,Created,Firs Test single user 1-1,text,true,,463,10422,1,1,http://localhost:3002/fir,8,0,1
1675771338625,7,FIr Creation Request,201,Created,Firs Test single user 1-1,text,true,,463,10422,1,1,http://localhost:3002/fir,7,0,1
1675771338634,6,FIr Creation Request,201,Created,Firs Test single user 1-1,text,true,,463,10422,1,1,http://localhost:3002/fir,6,0,1
1675771338642,7,FIr Creation Request,201,Created,Firs Test single user 1-1,text,true,,463,10422,1,1,http://localhost:3002/fir,7,0,0
1675771338650,7,FIr Creation Request,201,Created,Firs Test single user 1-1,text,true,,463,10422,1,1,http://localhost:3002/fir,7,0,0
1675771338658,7,FIr Creation Request,201,Created,Firs Test single user 1-1,text,true,,463,10422,1,1,http://localhost:3002/fir,7,0,0
1675771338666,8,FIr Creation Request,201,Created,Firs Test single user 1-1,text,true,,463,10422,1,1,http://localhost:3002/fir,8,0,0
1675771338675,6,FIr Creation Request,201,Created,Firs Test single user 1-1,text,true,,463,10422,1,1,http://localhost:3002/fir,6,0,0
1675771338683,8,FIr Creation Request,201,Created,Firs Test single user 1-1,text,true,,463,10422,1,1,http://localhost:3002/fir,8,0,0
1675771338692,7,FIr Creation Request,201,Created,Firs Test single user 1-1,text,true,,463,10422,1,1,http://localhost:3002/fir,7,0,0
1675771338700,8,FIr Creation Request,201,Created,Firs Test single user 1-1,text,true,,463,10422,1,1,http://localhost:3002/fir,8,0,0
1675771338709,7,FIr Creation Request,201,Created,Firs Test single user 1-1,text,true,,463,10422,1,1,http://localhost:3002/fir,7,0,0
1675771338717,12,FIr Creation Request,201,Created,Firs Test single user 1-1,text,true,,463,10422,1,1,http://localhost:3002/fir,12,0,0
1675771338730,7,FIr Creation Request,201,Created,Firs Test single user 1-1,text,true,,463,10422,1,1,http://localhost:3002/fir,7,0,0
1675771338738,8,FIr Creation Request,201,Created,Firs Test single user 1-1,text,true,,463,10422,1,1,http://localhost:3002/fir,8,0,1
1675771338747,7,FIr Creation Request,201,Created,Firs Test single user 1-1,text,true,,463,10422,1,1,http://localhost:3002/fir,7,0,0
1675771338755,8,FIr Creation Request,201,Created,Firs Test single user 1-1,text,true,,463,10422,1,1,http://localhost:3002/fir,8,0,0
1675771338765,11,FIr Creation Request,201,Created,Firs Test single user 1-1,text,true,,463,10422,1,1,http://localhost:3002/fir,11,0,0
1675771338777,7,FIr Creation Request,201,Created,Firs Test single user 1-1,text,true,,463,10422,1,1,http://localhost:3002/fir,7,0,0
1675771338785,10,FIr Creation Request,201,Created,Firs Test single user 1-1,text,true,,463,10422,1,1,http://localhost:3002/fir,10,0,0
1675771338797,7,FIr Creation Request,201,Created,Firs Test single user 1-1,text,true,,463,10422,1,1,http://localhost:3002/fir,7,0,0
1675771338805,7,FIr Creation Request,201,Created,Firs Test single user 1-1,text,true,,463,10422,1,1,http://localhost:3002/fir,7,0,1
1675771338814,7,FIr Creation Request,201,Created,Firs Test single user 1-1,text,true,,463,10422,1,1,http://localhost:3002/fir,7,0,0
1675771338822,9,FIr Creation Request,201,Created,Firs Test single user 1-1,text,true,,463,10422,1,1,http://localhost:3002/fir,9,0,0
1675771338832,9,FIr Creation Request,201,Created,Firs Test single user 1-1,text,true,,463,10422,1,1,http://localhost:3002/fir,9,0,1
1675771338842,7,FIr Creation Request,201,Created,Firs Test single user 1-1,text,true,,463,10422,1,1,http://localhost:3002/fir,7,0,0
1675771338853,9,FIr Creation Request,201,Created,Firs Test single user 1-1,text,true,,463,10422,1,1,http://localhost:3002/fir,9,0,0
1675771338864,7,FIr Creation Request,201,Created,Firs Test single user 1-1,text,true,,463,10422,1,1,http://localhost:3002/fir,7,0,0
1675771338872,7,FIr Creation Request,201,Created,Firs Test single user 1-1,text,true,,463,10422,1,1,http://localhost:3002/fir,7,0,0
1675771338880,8,FIr Creation Request,201,Created,Firs Test single user 1-1,text,true,,463,10422,1,1,http://localhost:3002/fir,8,0,1
1675771338889,7,FIr Creation Request,201,Created,Firs Test single user 1-1,text,true,,463,10422,1,1,http://localhost:3002/fir,7,0,0
1675771338898,7,FIr Creation Request,201,Created,Firs Test single user 1-1,text,true,,463,10422,1,1,http://localhost:3002/fir,7,0,0
1675771338906,6,FIr Creation Request,201,Created,Firs Test single user 1-1,text,true,,463,10422,1,1,http://localhost:3002/fir,6,0,0
1675771338914,7,FIr Creation Request,201,Created,Firs Test single user 1-1,text,true,,463,10422,1,1,http://localhost:3002/fir,7,0,0
1675771338922,7,FIr Creation Request,201,Created,Firs Test single user 1-1,text,true,,463,10422,1,1,http://localhost:3002/fir,7,0,0
1675771338930,9,FIr Creation Request,201,Created,Firs Test single user 1-1,text,true,,463,10422,1,1,http://localhost:3002/fir,9,0,0
1675771338940,7,FIr Creation Request,201,Created,Firs Test single user 1-1,text,true,,463,10422,1,1,http://localhost:3002/fir,7,0,0
1675771338948,7,FIr Creation Request,201,Created,Firs Test single user 1-1,text,true,,463,10422,1,1,http://localhost:3002/fir,7,0,0
1675771338956,10,FIr Creation Request,201,Created,Firs Test single user 1-1,text,true,,463,10422,1,1,http://localhost:3002/fir,10,0,0
1675771338967,32,FIr Creation Request,201,Created,Firs Test single user 1-1,text,true,,463,10422,1,1,http://localhost:3002/fir,32,0,0
1675771339000,6,FIr Creation Request,201,Created,Firs Test single user 1-1,text,true,,463,10422,1,1,http://localhost:3002/fir,6,0,0
1675771339008,8,FIr Creation Request,201,Created,Firs Test single user 1-1,text,true,,463,10422,1,1,http://localhost:3002/fir,8,0,0
1675771339017,8,FIr Creation Request,201,Created,Firs Test single user 1-1,text,true,,463,10422,1,1,http://localhost:3002/fir,8,0,1
1675771339027,6,FIr Creation Request,201,Created,Firs Test single user 1-1,text,true,,463,10422,1,1,http://localhost:3002/fir,6,0,0
1675771339039,8,FIr Creation Request,201,Created,Firs Test single user 1-1,text,true,,463,10422,1,1,http://localhost:3002/fir,8,0,0
1675771339048,7,FIr Creation Request,201,Created,Firs Test single user 1-1,text,true,,463,10422,1,1,http://localhost:3002/fir,7,0,0
1675771339056,7,FIr Creation Request,201,Created,Firs Test single user 1-1,text,true,,463,10422,1,1,http://localhost:3002/fir,7,0,1
1675771339064,8,FIr Creation Request,201,Created,Firs Test single user 1-1,text,true,,463,10422,1,1,http://localhost:3002/fir,8,0,0
1675771339073,10,FIr Creation Request,201,Created,Firs Test single user 1-1,text,true,,463,10422,1,1,http://localhost:3002/fir,10,0,0
1675771339084,7,FIr Creation Request,201,Created,Firs Test single user 1-1,text,true,,463,10422,1,1,http://localhost:3002/fir,7,0,0
1675771339092,7,FIr Creation Request,201,Created,Firs Test single user 1-1,text,true,,463,10422,1,1,http://localhost:3002/fir,7,0,0
1675771339101,8,FIr Creation Request,201,Created,Firs Test single user 1-1,text,true,,463,10422,1,1,http://localhost:3002/fir,8,0,0
1675771339110,7,FIr Creation Request,201,Created,Firs Test single user 1-1,text,true,,463,10422,1,1,http://localhost:3002/fir,7,0,0
1675771339119,5,FIr Creation Request,201,Created,Firs Test single user 1-1,text,true,,463,10422,1,1,http://localhost:3002/fir,5,0,0
1675771339126,7,FIr Creation Request,201,Created,Firs Test single user 1-1,text,true,,463,10422,1,1,http://localhost:3002/fir,7,0,0
1675771339134,6,FIr Creation Request,201,Created,Firs Test single user 1-1,text,true,,463,10422,1,1,http://localhost:3002/fir,6,0,0
1675771339141,7,FIr Creation Request,201,Created,Firs Test single user 1-1,text,true,,463,10422,1,1,http://localhost:3002/fir,7,0,1
1675771339149,7,FIr Creation Request,201,Created,Firs Test single user 1-1,text,true,,463,10422,1,1,http://localhost:3002/fir,7,0,0
1675771339157,6,FIr Creation Request,201,Created,Firs Test single user 1-1,text,true,,463,10422,1,1,http://localhost:3002/fir,6,0,0
1675771339165,8,FIr Creation Request,201,Created,Firs Test single user 1-1,text,true,,463,10422,1,1,http://localhost:3002/fir,8,0,0
1675771339174,15,FIr Creation Request,201,Created,Firs Test single user 1-1,text,true,,463,10422,1,1,http://localhost:3002/fir,15,0,1
1675771339190,18,FIr Creation Request,201,Created,Firs Test single user 1-1,text,true,,463,10422,1,1,http://localhost:3002/fir,18,0,0
1675771339209,7,FIr Creation Request,201,Created,Firs Test single user 1-1,text,true,,463,10422,1,1,http://localhost:3002/fir,7,0,0
1675771339217,8,FIr Creation Request,201,Created,Firs Test single user 1-1,text,true,,463,10422,1,1,http://localhost:3002/fir,8,0,1
1675771339226,7,FIr Creation Request,201,Created,Firs Test single user 1-1,text,true,,463,10422,1,1,http://localhost:3002/fir,7,0,0
1675771339234,7,FIr Creation Request,201,Created,Firs Test single user 1-1,text,true,,463,10422,1,1,http://localhost:3002/fir,7,0,1
1675771339242,9,FIr Creation Request,201,Created,Firs Test single user 1-1,text,true,,463,10422,1,1,http://localhost:3002/fir,9,0,1
1675771339253,7,FIr Creation Request,201,Created,Firs Test single user 1-1,text,true,,463,10422,1,1,http://localhost:3002/fir,7,0,0
1675771339261,6,FIr Creation Request,201,Created,Firs Test single user 1-1,text,true,,463,10422,1,1,http://localhost:3002/fir,6,0,0
1675771339268,7,FIr Creation Request,201,Created,Firs Test single user 1-1,text,true,,463,10422,1,1,http://localhost:3002/fir,7,0,1
1675771339276,8,FIr Creation Request,201,Created,Firs Test single user 1-1,text,true,,463,10422,1,1,http://localhost:3002/fir,8,0,0
1675771339285,7,FIr Creation Request,201,Created,Firs Test single user 1-1,text,true,,463,10422,1,1,http://localhost:3002/fir,7,0,0
1675771339293,8,FIr Creation Request,201,Created,Firs Test single user 1-1,text,true,,463,10422,1,1,http://localhost:3002/fir,8,0,1
1675771339302,7,FIr Creation Request,201,Created,Firs Test single user 1-1,text,true,,463,10422,1,1,http://localhost:3002/fir,7,0,0
1675771339310,9,FIr Creation Request,201,Created,Firs Test single user 1-1,text,true,,463,10422,1,1,http://localhost:3002/fir,9,0,0
1675771339321,9,FIr Creation Request,201,Created,Firs Test single user 1-1,text,true,,463,10422,1,1,http://localhost:3002/fir,9,0,0
1675771339331,7,FIr Creation Request,201,Created,Firs Test single user 1-1,text,true,,463,10422,1,1,http://localhost:3002/fir,7,0,0
1675771339339,7,FIr Creation Request,201,Created,Firs Test single user 1-1,text,true,,463,10422,1,1,http://localhost:3002/fir,7,0,0
1675771339347,7,FIr Creation Request,201,Created,Firs Test single user 1-1,text,true,,463,10422,1,1,http://localhost:3002/fir,7,0,1
1675771339355,7,FIr Creation Request,201,Created,Firs Test single user 1-1,text,true,,463,10422,1,1,http://localhost:3002/fir,7,0,0
1675771339365,7,FIr Creation Request,201,Created,Firs Test single user 1-1,text,true,,463,10422,1,1,http://localhost:3002/fir,7,0,0
1675771339374,6,FIr Creation Request,201,Created,Firs Test single user 1-1,text,true,,463,10422,1,1,http://localhost:3002/fir,6,0,0
1675771339381,6,FIr Creation Request,201,Created,Firs Test single user 1-1,text,true,,463,10422,1,1,http://localhost:3002/fir,6,0,0
1675771339388,7,FIr Creation Request,201,Created,Firs Test single user 1-1,text,true,,463,10422,1,1,http://localhost:3002/fir,7,0,1
1675771339396,8,FIr Creation Request,201,Created,Firs Test single user 1-1,text,true,,463,10422,1,1,http://localhost:3002/fir,8,0,0
1675771339406,7,FIr Creation Request,201,Created,Firs Test single user 1-1,text,true,,463,10422,1,1,http://localhost:3002/fir,7,0,0
1675771339414,8,FIr Creation Request,201,Created,Firs Test single user 1-1,text,true,,463,10422,1,1,http://localhost:3002/fir,8,0,0
1675771339423,8,FIr Creation Request,201,Created,Firs Test single user 1-1,text,true,,463,10422,1,1,http://localhost:3002/fir,8,0,0
1675771339432,6,FIr Creation Request,201,Created,Firs Test single user 1-1,text,true,,463,10422,1,1,http://localhost:3002/fir,6,0,0
1675771339440,5,FIr Creation Request,201,Created,Firs Test single user 1-1,text,true,,463,10422,1,1,http://localhost:3002/fir,5,0,0
1675771339447,415,FIr Creation Request,201,Created,Firs Test single user 1-1,text,true,,463,10422,1,1,http://localhost:3002/fir,415,0,0
1675771339864,8,FIr Creation Request,201,Created,Firs Test single user 1-1,text,true,,463,10422,1,1,http://localhost:3002/fir,8,0,0
1675771339876,7,FIr Creation Request,201,Created,Firs Test single user 1-1,text,true,,463,10422,1,1,http://localhost:3002/fir,7,0,0
1675771339884,7,FIr Creation Request,201,Created,Firs Test single user 1-1,text,true,,463,10422,1,1,http://localhost:3002/fir,7,0,1
1675771339893,6,FIr Creation Request,201,Created,Firs Test single user 1-1,text,true,,463,10422,1,1,http://localhost:3002/fir,6,0,0
1675771339901,6,FIr Creation Request,201,Created,Firs Test single user 1-1,text,true,,463,10422,1,1,http://localhost:3002/fir,6,0,0
1675771339908,6,FIr Creation Request,201,Created,Firs Test single user 1-1,text,true,,463,10422,1,1,http://localhost:3002/fir,6,0,0
1675771339916,6,FIr Creation Request,201,Created,Firs Test single user 1-1,text,true,,463,10422,1,1,http://localhost:3002/fir,6,0,0
1675771339923,6,FIr Creation Request,201,Created,Firs Test single user 1-1,text,true,,463,10422,1,1,http://localhost:3002/fir,6,0,0
1675771339931,6,FIr Creation Request,201,Created,Firs Test single user 1-1,text,true,,463,10422,1,1,http://localhost:3002/fir,6,0,0
1675771339939,7,FIr Creation Request,201,Created,Firs Test single user 1-1,text,true,,463,10422,1,1,http://localhost:3002/fir,7,0,0
1675771339947,7,FIr Creation Request,201,Created,Firs Test single user 1-1,text,true,,463,10422,1,1,http://localhost:3002/fir,7,0,0
1675771339955,12,FIr Creation Request,201,Created,Firs Test single user 1-1,text,true,,463,10422,1,1,http://localhost:3002/fir,12,0,1
1675771339968,7,FIr Creation Request,201,Created,Firs Test single user 1-1,text,true,,463,10422,1,1,http://localhost:3002/fir,7,0,0
1675771339976,7,FIr Creation Request,201,Created,Firs Test single user 1-1,text,true,,463,10422,1,1,http://localhost:3002/fir,7,0,0
1675771339984,8,FIr Creation Request,201,Created,Firs Test single user 1-1,text,true,,463,10422,1,1,http://localhost:3002/fir,8,0,0
1675771339993,213,FIr Creation Request,201,Created,Firs Test single user 1-1,text,true,,463,10422,1,1,http://localhost:3002/fir,213,0,0
1675771340210,8,FIr Creation Request,201,Created,Firs Test single user 1-1,text,true,,463,10422,1,1,http://localhost:3002/fir,8,0,0
1675771340220,6,FIr Creation Request,201,Created,Firs Test single user 1-1,text,true,,463,10422,1,1,http://localhost:3002/fir,6,0,0
1675771340227,7,FIr Creation Request,201,Created,Firs Test single user 1-1,text,true,,463,10422,1,1,http://localhost:3002/fir,7,0,1
1675771340235,7,FIr Creation Request,201,Created,Firs Test single user 1-1,text,true,,463,10422,1,1,http://localhost:3002/fir,7,0,0
1675771340243,6,FIr Creation Request,201,Created,Firs Test single user 1-1,text,true,,463,10422,1,1,http://localhost:3002/fir,6,0,1
1675771340250,7,FIr Creation Request,201,Created,Firs Test single user 1-1,text,true,,463,10422,1,1,http://localhost:3002/fir,7,0,0
1675771340258,7,FIr Creation Request,201,Created,Firs Test single user 1-1,text,true,,463,10422,1,1,http://localhost:3002/fir,7,0,1
1675771340266,6,FIr Creation Request,201,Created,Firs Test single user 1-1,text,true,,463,10422,1,1,http://localhost:3002/fir,6,0,0
1675771340273,5,FIr Creation Request,201,Created,Firs Test single user 1-1,text,true,,463,10422,1,1,http://localhost:3002/fir,5,0,0
1675771340280,6,FIr Creation Request,201,Created,Firs Test single user 1-1,text,true,,463,10422,1,1,http://localhost:3002/fir,6,0,0
1675771340287,6,FIr Creation Request,201,Created,Firs Test single user 1-1,text,true,,463,10422,1,1,http://localhost:3002/fir,6,0,0
1675771340294,6,FIr Creation Request,201,Created,Firs Test single user 1-1,text,true,,463,10422,1,1,http://localhost:3002/fir,6,0,1
1675771340302,6,FIr Creation Request,201,Created,Firs Test single user 1-1,text,true,,463,10422,1,1,http://localhost:3002/fir,6,0,0
1675771340309,7,FIr Creation Request,201,Created,Firs Test single user 1-1,text,true,,463,10422,1,1,http://localhost:3002/fir,7,0,1
1675771340317,7,FIr Creation Request,201,Created,Firs Test single user 1-1,text,true,,463,10422,1,1,http://localhost:3002/fir,7,0,0
1675771340325,6,FIr Creation Request,201,Created,Firs Test single user 1-1,text,true,,463,10422,1,1,http://localhost:3002/fir,6,0,0
1675771340332,6,FIr Creation Request,201,Created,Firs Test single user 1-1,text,true,,463,10422,1,1,http://localhost:3002/fir,6,0,0
1675771340339,7,FIr Creation Request,201,Created,Firs Test single user 1-1,text,true,,463,10422,1,1,http://localhost:3002/fir,7,0,0
1675771340348,9,FIr Creation Request,201,Created,Firs Test single user 1-1,text,true,,463,10422,1,1,http://localhost:3002/fir,9,0,0
1675771340359,5,FIr Creation Request,201,Created,Firs Test single user 1-1,text,true,,463,10422,1,1,http://localhost:3002/fir,5,0,0
1675771340366,5,FIr Creation Request,201,Created,Firs Test single user 1-1,text,true,,463,10422,1,1,http://localhost:3002/fir,5,0,0
1675771340373,7,FIr Creation Request,201,Created,Firs Test single user 1-1,text,true,,463,10422,1,1,http://localhost:3002/fir,7,0,0
1675771340388,8,FIr Creation Request,201,Created,Firs Test single user 1-1,text,true,,463,10422,1,1,http://localhost:3002/fir,8,0,0
1675771340398,6,FIr Creation Request,201,Created,Firs Test single user 1-1,text,true,,463,10422,1,1,http://localhost:3002/fir,6,0,0
1675771340406,6,FIr Creation Request,201,Created,Firs Test single user 1-1,text,true,,463,10422,1,1,http://localhost:3002/fir,6,0,0
1675771340413,8,FIr Creation Request,201,Created,Firs Test single user 1-1,text,true,,463,10422,1,1,http://localhost:3002/fir,8,0,1
1675771340422,8,FIr Creation Request,201,Created,Firs Test single user 1-1,text,true,,463,10422,1,1,http://localhost:3002/fir,8,0,0
1675771340431,28,FIr Creation Request,201,Created,Firs Test single user 1-1,text,true,,463,10422,1,1,http://localhost:3002/fir,28,0,0
1675771340460,7,FIr Creation Request,201,Created,Firs Test single user 1-1,text,true,,463,10422,1,1,http://localhost:3002/fir,7,0,1
1675771340468,7,FIr Creation Request,201,Created,Firs Test single user 1-1,text,true,,463,10422,1,1,http://localhost:3002/fir,7,0,0
1675771340476,7,FIr Creation Request,201,Created,Firs Test single user 1-1,text,true,,463,10422,1,1,http://localhost:3002/fir,7,0,0
1675771340484,8,FIr Creation Request,201,Created,Firs Test single user 1-1,text,true,,463,10422,1,1,http://localhost:3002/fir,8,0,0
1675771340493,7,FIr Creation Request,201,Created,Firs Test single user 1-1,text,true,,463,10422,1,1,http://localhost:3002/fir,7,0,0
1675771340501,7,FIr Creation Request,201,Created,Firs Test single user 1-1,text,true,,463,10422,1,1,http://localhost:3002/fir,7,0,1
1675771340510,6,FIr Creation Request,201,Created,Firs Test single user 1-1,text,true,,463,10422,1,1,http://localhost:3002/fir,6,0,0
1675771340518,6,FIr Creation Request,201,Created,Firs Test single user 1-1,text,true,,463,10422,1,1,http://localhost:3002/fir,6,0,0
1675771340525,6,FIr Creation Request,201,Created,Firs Test single user 1-1,text,true,,463,10422,1,1,http://localhost:3002/fir,6,0,1
1675771340533,6,FIr Creation Request,201,Created,Firs Test single user 1-1,text,true,,463,10422,1,1,http://localhost:3002/fir,6,0,0
1675771340540,10,FIr Creation Request,201,Created,Firs Test single user 1-1,text,true,,463,10422,1,1,http://localhost:3002/fir,10,0,0
1675771340551,6,FIr Creation Request,201,Created,Firs Test single user 1-1,text,true,,463,10422,1,1,http://localhost:3002/fir,6,0,1
1675771340562,6,FIr Creation Request,201,Created,Firs Test single user 1-1,text,true,,463,10422,1,1,http://localhost:3002/fir,6,0,0
1675771340570,5,FIr Creation Request,201,Created,Firs Test single user 1-1,text,true,,463,10422,1,1,http://localhost:3002/fir,5,0,0
1675771340577,7,FIr Creation Request,201,Created,Firs Test single user 1-1,text,true,,463,10422,1,1,http://localhost:3002/fir,7,0,0
1675771340585,6,FIr Creation Request,201,Created,Firs Test single user 1-1,text,true,,463,10422,1,1,http://localhost:3002/fir,6,0,0
1675771340593,8,FIr Creation Request,201,Created,Firs Test single user 1-1,text,true,,463,10422,1,1,http://localhost:3002/fir,8,0,0
1675771340602,6,FIr Creation Request,201,Created,Firs Test single user 1-1,text,true,,463,10422,1,1,http://localhost:3002/fir,6,0,0
1675771340610,7,FIr Creation Request,201,Created,Firs Test single user 1-1,text,true,,463,10422,1,1,http://localhost:3002/fir,7,0,0
1675771340618,7,FIr Creation Request,201,Created,Firs Test single user 1-1,text,true,,463,10422,1,1,http://localhost:3002/fir,7,0,1
1675771340626,8,FIr Creation Request,201,Created,Firs Test single user 1-1,text,true,,463,10422,1,1,http://localhost:3002/fir,8,0,1
1675771340635,7,FIr Creation Request,201,Created,Firs Test single user 1-1,text,true,,463,10422,1,1,http://localhost:3002/fir,7,0,0
1675771340643,7,FIr Creation Request,201,Created,Firs Test single user 1-1,text,true,,463,10422,1,1,http://localhost:3002/fir,7,0,0
1675771340651,7,FIr Creation Request,201,Created,Firs Test single user 1-1,text,true,,463,10422,1,1,http://localhost:3002/fir,7,0,1
1675771340659,8,FIr Creation Request,201,Created,Firs Test single user 1-1,text,true,,463,10422,1,1,http://localhost:3002/fir,8,0,1
1675771340668,7,FIr Creation Request,201,Created,Firs Test single user 1-1,text,true,,463,10422,1,1,http://localhost:3002/fir,7,0,0
1675771340676,7,FIr Creation Request,201,Created,Firs Test single user 1-1,text,true,,463,10422,1,1,http://localhost:3002/fir,7,0,1
1675771340685,7,FIr Creation Request,201,Created,Firs Test single user 1-1,text,true,,463,10422,1,1,http://localhost:3002/fir,7,0,0
1675771340693,7,FIr Creation Request,201,Created,Firs Test single user 1-1,text,true,,463,10422,1,1,http://localhost:3002/fir,7,0,1
1675771340701,7,FIr Creation Request,201,Created,Firs Test single user 1-1,text,true,,463,10422,1,1,http://localhost:3002/fir,7,0,0
1675771340710,7,FIr Creation Request,201,Created,Firs Test single user 1-1,text,true,,463,10422,1,1,http://localhost:3002/fir,7,0,0
1675771340718,7,FIr Creation Request,201,Created,Firs Test single user 1-1,text,true,,463,10422,1,1,http://localhost:3002/fir,7,0,0
1675771340726,8,FIr Creation Request,201,Created,Firs Test single user 1-1,text,true,,463,10422,1,1,http://localhost:3002/fir,8,0,1
1675771340735,7,FIr Creation Request,201,Created,Firs Test single user 1-1,text,true,,463,10422,1,1,http://localhost:3002/fir,7,0,0
1675771340743,8,FIr Creation Request,201,Created,Firs Test single user 1-1,text,true,,463,10422,1,1,http://localhost:3002/fir,8,0,0
1675771340752,6,FIr Creation Request,201,Created,Firs Test single user 1-1,text,true,,463,10422,1,1,http://localhost:3002/fir,6,0,0
1675771340760,12,FIr Creation Request,201,Created,Firs Test single user 1-1,text,true,,463,10422,1,1,http://localhost:3002/fir,12,0,0
1675771340773,7,FIr Creation Request,201,Created,Firs Test single user 1-1,text,true,,463,10422,1,1,http://localhost:3002/fir,7,0,0
1675771340781,7,FIr Creation Request,201,Created,Firs Test single user 1-1,text,true,,463,10422,1,1,http://localhost:3002/fir,7,0,1
1675771340790,363,FIr Creation Request,201,Created,Firs Test single user 1-1,text,true,,463,10422,1,1,http://localhost:3002/fir,363,0,1
1675771341158,11,FIr Creation Request,201,Created,Firs Test single user 1-1,text,true,,463,10422,1,1,http://localhost:3002/fir,11,0,1
1675771341170,7,FIr Creation Request,201,Created,Firs Test single user 1-1,text,true,,463,10422,1,1,http://localhost:3002/fir,7,0,1
1675771341178,10,FIr Creation Request,201,Created,Firs Test single user 1-1,text,true,,463,10422,1,1,http://localhost:3002/fir,9,0,0
1675771341189,7,FIr Creation Request,201,Created,Firs Test single user 1-1,text,true,,463,10422,1,1,http://localhost:3002/fir,7,0,0
1675771341197,7,FIr Creation Request,201,Created,Firs Test single user 1-1,text,true,,463,10422,1,1,http://localhost:3002/fir,7,0,0
1675771341205,8,FIr Creation Request,201,Created,Firs Test single user 1-1,text,true,,463,10422,1,1,http://localhost:3002/fir,8,0,1
1675771341214,10,FIr Creation Request,201,Created,Firs Test single user 1-1,text,true,,463,10422,1,1,http://localhost:3002/fir,10,0,0
1675771341225,6,FIr Creation Request,201,Created,Firs Test single user 1-1,text,true,,463,10422,1,1,http://localhost:3002/fir,6,0,0
1675771341232,8,FIr Creation Request,201,Created,Firs Test single user 1-1,text,true,,463,10422,1,1,http://localhost:3002/fir,8,0,0
1675771341241,8,FIr Creation Request,201,Created,Firs Test single user 1-1,text,true,,463,10422,1,1,http://localhost:3002/fir,8,0,0
1675771341251,10,FIr Creation Request,201,Created,Firs Test single user 1-1,text,true,,463,10422,1,1,http://localhost:3002/fir,10,0,0
1675771341262,6,FIr Creation Request,201,Created,Firs Test single user 1-1,text,true,,463,10422,1,1,http://localhost:3002/fir,6,0,0
1675771341269,10,FIr Creation Request,201,Created,Firs Test single user 1-1,text,true,,463,10422,1,1,http://localhost:3002/fir,10,0,0
1675771341280,6,FIr Creation Request,201,Created,Firs Test single user 1-1,text,true,,463,10422,1,1,http://localhost:3002/fir,6,0,0
1675771341288,6,FIr Creation Request,201,Created,Firs Test single user 1-1,text,true,,463,10422,1,1,http://localhost:3002/fir,6,0,0
1675771341296,6,FIr Creation Request,201,Created,Firs Test single user 1-1,text,true,,463,10422,1,1,http://localhost:3002/fir,6,0,0
1675771341304,5,FIr Creation Request,201,Created,Firs Test single user 1-1,text,true,,463,10422,1,1,http://localhost:3002/fir,5,0,0
1675771341310,12,FIr Creation Request,201,Created,Firs Test single user 1-1,text,true,,463,10422,1,1,http://localhost:3002/fir,12,0,1
1675771341323,9,FIr Creation Request,201,Created,Firs Test single user 1-1,text,true,,463,10422,1,1,http://localhost:3002/fir,9,0,0
1675771341334,8,FIr Creation Request,201,Created,Firs Test single user 1-1,text,true,,463,10422,1,1,http://localhost:3002/fir,8,0,0
1675771341344,7,FIr Creation Request,201,Created,Firs Test single user 1-1,text,true,,463,10422,1,1,http://localhost:3002/fir,7,0,0
1675771341352,8,FIr Creation Request,201,Created,Firs Test single user 1-1,text,true,,463,10422,1,1,http://localhost:3002/fir,8,0,0
1675771341361,7,FIr Creation Request,201,Created,Firs Test single user 1-1,text,true,,463,10422,1,1,http://localhost:3002/fir,7,0,1
1675771341369,9,FIr Creation Request,201,Created,Firs Test single user 1-1,text,true,,463,10422,1,1,http://localhost:3002/fir,9,0,0
1675771341379,7,FIr Creation Request,201,Created,Firs Test single user 1-1,text,true,,463,10422,1,1,http://localhost:3002/fir,7,0,0
1675771341387,7,FIr Creation Request,201,Created,Firs Test single user 1-1,text,true,,463,10422,1,1,http://localhost:3002/fir,7,0,0
1675771341395,6,FIr Creation Request,201,Created,Firs Test single user 1-1,text,true,,463,10422,1,1,http://localhost:3002/fir,6,0,0
1675771341402,6,FIr Creation Request,201,Created,Firs Test single user 1-1,text,true,,463,10422,1,1,http://localhost:3002/fir,6,0,0
1675771341417,9,FIr Creation Request,201,Created,Firs Test single user 1-1,text,true,,463,10422,1,1,http://localhost:3002/fir,9,0,0
1675771341427,6,FIr Creation Request,201,Created,Firs Test single user 1-1,text,true,,463,10422,1,1,http://localhost:3002/fir,6,0,0
1675771341434,6,FIr Creation Request,201,Created,Firs Test single user 1-1,text,true,,463,10422,1,1,http://localhost:3002/fir,6,0,0
1675771341441,8,FIr Creation Request,201,Created,Firs Test single user 1-1,text,true,,463,10422,1,1,http://localhost:3002/fir,8,0,0
1675771341450,6,FIr Creation Request,201,Created,Firs Test single user 1-1,text,true,,463,10422,1,1,http://localhost:3002/fir,6,0,0
1675771341457,7,FIr Creation Request,201,Created,Firs Test single user 1-1,text,true,,463,10422,1,1,http://localhost:3002/fir,7,0,0
1675771341465,8,FIr Creation Request,201,Created,Firs Test single user 1-1,text,true,,463,10422,1,1,http://localhost:3002/fir,8,0,0
1675771341474,7,FIr Creation Request,201,Created,Firs Test single user 1-1,text,true,,463,10422,1,1,http://localhost:3002/fir,7,0,1
1675771341483,6,FIr Creation Request,201,Created,Firs Test single user 1-1,text,true,,463,10422,1,1,http://localhost:3002/fir,6,0,0
1675771341491,10,FIr Creation Request,201,Created,Firs Test single user 1-1,text,true,,463,10422,1,1,http://localhost:3002/fir,10,0,0
1675771341502,8,FIr Creation Request,201,Created,Firs Test single user 1-1,text,true,,463,10422,1,1,http://localhost:3002/fir,8,0,1
1675771341512,6,FIr Creation Request,201,Created,Firs Test single user 1-1,text,true,,463,10422,1,1,http://localhost:3002/fir,6,0,0
1675771341519,8,FIr Creation Request,201,Created,Firs Test single user 1-1,text,true,,463,10422,1,1,http://localhost:3002/fir,8,0,0
1675771341528,7,FIr Creation Request,201,Created,Firs Test single user 1-1,text,true,,463,10422,1,1,http://localhost:3002/fir,7,0,0
1675771341536,8,FIr Creation Request,201,Created,Firs Test single user 1-1,text,true,,463,10422,1,1,http://localhost:3002/fir,8,0,1
1675771341545,6,FIr Creation Request,201,Created,Firs Test single user 1-1,text,true,,463,10422,1,1,http://localhost:3002/fir,6,0,0
1675771341553,7,FIr Creation Request,201,Created,Firs Test single user 1-1,text,true,,463,10422,1,1,http://localhost:3002/fir,7,0,0
1675771341562,7,FIr Creation Request,201,Created,Firs Test single user 1-1,text,true,,463,10422,1,1,http://localhost:3002/fir,7,0,0
1675771341570,7,FIr Creation Request,201,Created,Firs Test single user 1-1,text,true,,463,10422,1,1,http://localhost:3002/fir,7,0,0
1675771341578,6,FIr Creation Request,201,Created,Firs Test single user 1-1,text,true,,463,10422,1,1,http://localhost:3002/fir,6,0,0
1675771341587,11,FIr Creation Request,201,Created,Firs Test single user 1-1,text,true,,463,10422,1,1,http://localhost:3002/fir,11,0,0
1675771341599,8,FIr Creation Request,201,Created,Firs Test single user 1-1,text,true,,463,10422,1,1,http://localhost:3002/fir,8,0,0
1675771341608,7,FIr Creation Request,201,Created,Firs Test single user 1-1,text,true,,463,10422,1,1,http://localhost:3002/fir,7,0,0
1675771341616,11,FIr Creation Request,201,Created,Firs Test single user 1-1,text,true,,463,10422,1,1,http://localhost:3002/fir,11,0,0
1675771341628,7,FIr Creation Request,201,Created,Firs Test single user 1-1,text,true,,463,10422,1,1,http://localhost:3002/fir,7,0,0
1675771341636,8,FIr Creation Request,201,Created,Firs Test single user 1-1,text,true,,463,10422,1,1,http://localhost:3002/fir,8,0,0
1675771341645,7,FIr Creation Request,201,Created,Firs Test single user 1-1,text,true,,463,10422,1,1,http://localhost:3002/fir,7,0,0
1675771341653,7,FIr Creation Request,201,Created,Firs Test single user 1-1,text,true,,463,10422,1,1,http://localhost:3002/fir,7,0,0
1675771341661,6,FIr Creation Request,201,Created,Firs Test single user 1-1,text,true,,463,10422,1,1,http://localhost:3002/fir,6,0,0
1675771341668,7,FIr Creation Request,201,Created,Firs Test single user 1-1,text,true,,463,10422,1,1,http://localhost:3002/fir,7,0,1
1675771341676,6,FIr Creation Request,201,Created,Firs Test single user 1-1,text,true,,463,10422,1,1,http://localhost:3002/fir,6,0,0
1675771341683,6,FIr Creation Request,201,Created,Firs Test single user 1-1,text,true,,463,10422,1,1,http://localhost:3002/fir,6,0,0
1675771341691,7,FIr Creation Request,201,Created,Firs Test single user 1-1,text,true,,463,10422,1,1,http://localhost:3002/fir,7,0,0
1675771341699,7,FIr Creation Request,201,Created,Firs Test single user 1-1,text,true,,463,10422,1,1,http://localhost:3002/fir,7,0,0
1675771341708,7,FIr Creation Request,201,Created,Firs Test single user 1-1,text,true,,463,10422,1,1,http://localhost:3002/fir,7,0,0
1675771341716,7,FIr Creation Request,201,Created,Firs Test single user 1-1,text,true,,463,10422,1,1,http://localhost:3002/fir,7,0,1
1675771341724,8,FIr Creation Request,201,Created,Firs Test single user 1-1,text,true,,463,10422,1,1,http://localhost:3002/fir,8,0,0
1675771341793,9,FIr Creation Request,201,Created,Firs Test single user 1-1,text,true,,463,10422,1,1,http://localhost:3002/fir,9,0,0
1675771341803,8,FIr Creation Request,201,Created,Firs Test single user 1-1,text,true,,463,10422,1,1,http://localhost:3002/fir,8,0,0
1675771341812,6,FIr Creation Request,201,Created,Firs Test single user 1-1,text,true,,463,10422,1,1,http://localhost:3002/fir,6,0,0
1675771341819,8,FIr Creation Request,201,Created,Firs Test single user 1-1,text,true,,463,10422,1,1,http://localhost:3002/fir,8,0,1
1675771341829,6,FIr Creation Request,201,Created,Firs Test single user 1-1,text,true,,463,10422,1,1,http://localhost:3002/fir,6,0,0
1675771341837,7,FIr Creation Request,201,Created,Firs Test single user 1-1,text,true,,463,10422,1,1,http://localhost:3002/fir,7,0,0
1675771341845,12,FIr Creation Request,201,Created,Firs Test single user 1-1,text,true,,463,10422,1,1,http://localhost:3002/fir,12,0,0
1675771341858,7,FIr Creation Request,201,Created,Firs Test single user 1-1,text,true,,463,10422,1,1,http://localhost:3002/fir,7,0,0
1675771341866,7,FIr Creation Request,201,Created,Firs Test single user 1-1,text,true,,463,10422,1,1,http://localhost:3002/fir,7,0,0
1675771341875,6,FIr Creation Request,201,Created,Firs Test single user 1-1,text,true,,463,10422,1,1,http://localhost:3002/fir,6,0,0
1675771341883,7,FIr Creation Request,201,Created,Firs Test single user 1-1,text,true,,463,10422,1,1,http://localhost:3002/fir,7,0,0
1675771341891,7,FIr Creation Request,201,Created,Firs Test single user 1-1,text,true,,463,10422,1,1,http://localhost:3002/fir,7,0,0
1675771341900,7,FIr Creation Request,201,Created,Firs Test single user 1-1,text,true,,463,10422,1,1,http://localhost:3002/fir,7,0,0
1675771341908,7,FIr Creation Request,201,Created,Firs Test single user 1-1,text,true,,463,10422,1,1,http://localhost:3002/fir,7,0,0
1675771341916,7,FIr Creation Request,201,Created,Firs Test single user 1-1,text,true,,463,10422,1,1,http://localhost:3002/fir,7,0,0
1675771341928,8,FIr Creation Request,201,Created,Firs Test single user 1-1,text,true,,463,10422,1,1,http://localhost:3002/fir,8,0,0
1675771341938,5,FIr Creation Request,201,Created,Firs Test single user 1-1,text,true,,463,10422,1,1,http://localhost:3002/fir,5,0,0
1675771341945,7,FIr Creation Request,201,Created,Firs Test single user 1-1,text,true,,463,10422,1,1,http://localhost:3002/fir,7,0,0
1675771341953,7,FIr Creation Request,201,Created,Firs Test single user 1-1,text,true,,463,10422,1,1,http://localhost:3002/fir,7,0,1
1675771341961,12,FIr Creation Request,201,Created,Firs Test single user 1-1,text,true,,463,10422,1,1,http://localhost:3002/fir,12,0,1
1675771341975,7,FIr Creation Request,201,Created,Firs Test single user 1-1,text,true,,463,10422,1,1,http://localhost:3002/fir,7,0,0
1675771341983,7,FIr Creation Request,201,Created,Firs Test single user 1-1,text,true,,463,10422,1,1,http://localhost:3002/fir,7,0,0
1675771341991,7,FIr Creation Request,201,Created,Firs Test single user 1-1,text,true,,463,10422,1,1,http://localhost:3002/fir,7,0,1
1675771342000,7,FIr Creation Request,201,Created,Firs Test single user 1-1,text,true,,463,10422,1,1,http://localhost:3002/fir,7,0,0
1675771342009,7,FIr Creation Request,201,Created,Firs Test single user 1-1,text,true,,463,10422,1,1,http://localhost:3002/fir,7,0,0
1675771342017,7,FIr Creation Request,201,Created,Firs Test single user 1-1,text,true,,463,10422,1,1,http://localhost:3002/fir,7,0,0
1675771342025,7,FIr Creation Request,201,Created,Firs Test single user 1-1,text,true,,463,10422,1,1,http://localhost:3002/fir,7,0,1
1675771342033,8,FIr Creation Request,201,Created,Firs Test single user 1-1,text,true,,463,10422,1,1,http://localhost:3002/fir,8,0,0
1675771342042,7,FIr Creation Request,201,Created,Firs Test single user 1-1,text,true,,463,10422,1,1,http://localhost:3002/fir,7,0,1
1675771342050,7,FIr Creation Request,201,Created,Firs Test single user 1-1,text,true,,463,10422,1,1,http://localhost:3002/fir,7,0,0
1675771342058,7,FIr Creation Request,201,Created,Firs Test single user 1-1,text,true,,463,10422,1,1,http://localhost:3002/fir,7,0,1
1675771342066,8,FIr Creation Request,201,Created,Firs Test single user 1-1,text,true,,463,10422,1,1,http://localhost:3002/fir,8,0,0
1675771342075,7,FIr Creation Request,201,Created,Firs Test single user 1-1,text,true,,463,10422,1,1,http://localhost:3002/fir,7,0,0
1675771342083,7,FIr Creation Request,201,Created,Firs Test single user 1-1,text,true,,463,10422,1,1,http://localhost:3002/fir,7,0,0
1675771342097,15,FIr Creation Request,201,Created,Firs Test single user 1-1,text,true,,463,10422,1,1,http://localhost:3002/fir,15,0,0
1675771342113,6,FIr Creation Request,201,Created,Firs Test single user 1-1,text,true,,463,10422,1,1,http://localhost:3002/fir,6,0,0
1675771342120,7,FIr Creation Request,201,Created,Firs Test single user 1-1,text,true,,463,10422,1,1,http://localhost:3002/fir,7,0,1
1675771342129,6,FIr Creation Request,201,Created,Firs Test single user 1-1,text,true,,463,10422,1,1,http://localhost:3002/fir,6,0,0
1675771342136,13,FIr Creation Request,201,Created,Firs Test single user 1-1,text,true,,463,10422,1,1,http://localhost:3002/fir,13,0,1
1675771342151,469,FIr Creation Request,201,Created,Firs Test single user 1-1,text,true,,463,10422,1,1,http://localhost:3002/fir,469,0,0
1675771342621,11,FIr Creation Request,201,Created,Firs Test single user 1-1,text,true,,463,10422,1,1,http://localhost:3002/fir,11,0,1
1675771342633,6,FIr Creation Request,201,Created,Firs Test single user 1-1,text,true,,463,10422,1,1,http://localhost:3002/fir,6,0,0
1675771342640,6,FIr Creation Request,201,Created,Firs Test single user 1-1,text,true,,463,10422,1,1,http://localhost:3002/fir,6,0,0
1675771342647,5,FIr Creation Request,201,Created,Firs Test single user 1-1,text,true,,463,10422,1,1,http://localhost:3002/fir,5,0,0
1675771342654,6,FIr Creation Request,201,Created,Firs Test single user 1-1,text,true,,463,10422,1,1,http://localhost:3002/fir,6,0,0
1675771342661,6,FIr Creation Request,201,Created,Firs Test single user 1-1,text,true,,463,10422,1,1,http://localhost:3002/fir,6,0,0
1675771342668,17,FIr Creation Request,201,Created,Firs Test single user 1-1,text,true,,463,10422,1,1,http://localhost:3002/fir,17,0,0
1675771342686,7,FIr Creation Request,201,Created,Firs Test single user 1-1,text,true,,463,10422,1,1,http://localhost:3002/fir,7,0,0
1675771342694,12,FIr Creation Request,201,Created,Firs Test single user 1-1,text,true,,463,10422,1,1,http://localhost:3002/fir,12,0,0
1675771342708,8,FIr Creation Request,201,Created,Firs Test single user 1-1,text,true,,463,10422,1,1,http://localhost:3002/fir,8,0,0
1675771342717,7,FIr Creation Request,201,Created,Firs Test single user 1-1,text,true,,463,10422,1,1,http://localhost:3002/fir,7,0,0
1675771342725,9,FIr Creation Request,201,Created,Firs Test single user 1-1,text,true,,463,10422,1,1,http://localhost:3002/fir,9,0,1
1675771342735,8,FIr Creation Request,201,Created,Firs Test single user 1-1,text,true,,463,10422,1,1,http://localhost:3002/fir,8,0,0
1675771342745,8,FIr Creation Request,201,Created,Firs Test single user 1-1,text,true,,463,10422,1,1,http://localhost:3002/fir,8,0,0
1675771342754,6,FIr Creation Request,201,Created,Firs Test single user 1-1,text,true,,463,10422,1,1,http://localhost:3002/fir,6,0,0
1675771342761,7,FIr Creation Request,201,Created,Firs Test single user 1-1,text,true,,463,10422,1,1,http://localhost:3002/fir,7,0,0
1675771342770,6,FIr Creation Request,201,Created,Firs Test single user 1-1,text,true,,463,10422,1,1,http://localhost:3002/fir,6,0,0
1675771342777,6,FIr Creation Request,201,Created,Firs Test single user 1-1,text,true,,463,10422,1,1,http://localhost:3002/fir,6,0,0
1675771342784,6,FIr Creation Request,201,Created,Firs Test single user 1-1,text,true,,463,10422,1,1,http://localhost:3002/fir,6,0,0
1675771342791,8,FIr Creation Request,201,Created,Firs Test single user 1-1,text,true,,463,10422,1,1,http://localhost:3002/fir,8,0,1
1675771342800,121,FIr Creation Request,201,Created,Firs Test single user 1-1,text,true,,463,10422,1,1,http://localhost:3002/fir,121,0,0
1675771342927,11,FIr Creation Request,201,Created,Firs Test single user 1-1,text,true,,463,10422,1,1,http://localhost:3002/fir,11,0,0
1675771342939,7,FIr Creation Request,201,Created,Firs Test single user 1-1,text,true,,463,10422,1,1,http://localhost:3002/fir,7,0,0
1675771342950,9,FIr Creation Request,201,Created,Firs Test single user 1-1,text,true,,463,10422,1,1,http://localhost:3002/fir,9,0,0
1675771342961,7,FIr Creation Request,201,Created,Firs Test single user 1-1,text,true,,463,10422,1,1,http://localhost:3002/fir,7,0,0
1675771342969,7,FIr Creation Request,201,Created,Firs Test single user 1-1,text,true,,463,10422,1,1,http://localhost:3002/fir,7,0,0
1675771342977,6,FIr Creation Request,201,Created,Firs Test single user 1-1,text,true,,463,10422,1,1,http://localhost:3002/fir,6,0,0
1675771342985,6,FIr Creation Request,201,Created,Firs Test single user 1-1,text,true,,463,10422,1,1,http://localhost:3002/fir,6,0,0
1675771342993,5,FIr Creation Request,201,Created,Firs Test single user 1-1,text,true,,463,10422,1,1,http://localhost:3002/fir,5,0,0
1675771343000,6,FIr Creation Request,201,Created,Firs Test single user 1-1,text,true,,463,10422,1,1,http://localhost:3002/fir,6,0,0
1675771343007,6,FIr Creation Request,201,Created,Firs Test single user 1-1,text,true,,463,10422,1,1,http://localhost:3002/fir,6,0,0
1675771343014,7,FIr Creation Request,201,Created,Firs Test single user 1-1,text,true,,463,10422,1,1,http://localhost:3002/fir,7,0,0
1675771343022,6,FIr Creation Request,201,Created,Firs Test single user 1-1,text,true,,463,10422,1,1,http://localhost:3002/fir,6,0,1
1675771343029,6,FIr Creation Request,201,Created,Firs Test single user 1-1,text,true,,463,10422,1,1,http://localhost:3002/fir,6,0,0
1675771343036,6,FIr Creation Request,201,Created,Firs Test single user 1-1,text,true,,463,10422,1,1,http://localhost:3002/fir,6,0,0
1675771343043,7,FIr Creation Request,201,Created,Firs Test single user 1-1,text,true,,463,10422,1,1,http://localhost:3002/fir,7,0,0
1675771343051,6,FIr Creation Request,201,Created,Firs Test single user 1-1,text,true,,463,10422,1,1,http://localhost:3002/fir,6,0,0
1675771343058,6,FIr Creation Request,201,Created,Firs Test single user 1-1,text,true,,463,10422,1,1,http://localhost:3002/fir,6,0,1
1675771343065,6,FIr Creation Request,201,Created,Firs Test single user 1-1,text,true,,463,10422,1,1,http://localhost:3002/fir,6,0,0
1675771343072,7,FIr Creation Request,201,Created,Firs Test single user 1-1,text,true,,463,10422,1,1,http://localhost:3002/fir,7,0,1
1675771343080,6,FIr Creation Request,201,Created,Firs Test single user 1-1,text,true,,463,10422,1,1,http://localhost:3002/fir,6,0,0
1675771343087,6,FIr Creation Request,201,Created,Firs Test single user 1-1,text,true,,463,10422,1,1,http://localhost:3002/fir,6,0,0
1675771343095,5,FIr Creation Request,201,Created,Firs Test single user 1-1,text,true,,463,10422,1,1,http://localhost:3002/fir,5,0,0
1675771343102,9,FIr Creation Request,201,Created,Firs Test single user 1-1,text,true,,463,10422,1,1,http://localhost:3002/fir,9,0,0
1675771343118,8,FIr Creation Request,201,Created,Firs Test single user 1-1,text,true,,463,10422,1,1,http://localhost:3002/fir,8,0,0
1675771343127,7,FIr Creation Request,201,Created,Firs Test single user 1-1,text,true,,463,10422,1,1,http://localhost:3002/fir,7,0,0
1675771343135,6,FIr Creation Request,201,Created,Firs Test single user 1-1,text,true,,463,10422,1,1,http://localhost:3002/fir,6,0,0
1675771343142,6,FIr Creation Request,201,Created,Firs Test single user 1-1,text,true,,463,10422,1,1,http://localhost:3002/fir,6,0,0
1675771343149,7,FIr Creation Request,201,Created,Firs Test single user 1-1,text,true,,463,10422,1,1,http://localhost:3002/fir,7,0,0
1675771343157,7,FIr Creation Request,201,Created,Firs Test single user 1-1,text,true,,463,10422,1,1,http://localhost:3002/fir,7,0,0
1675771343166,6,FIr Creation Request,201,Created,Firs Test single user 1-1,text,true,,463,10422,1,1,http://localhost:3002/fir,6,0,0
1675771343174,7,FIr Creation Request,201,Created,Firs Test single user 1-1,text,true,,463,10422,1,1,http://localhost:3002/fir,7,0,0
1675771343182,9,FIr Creation Request,201,Created,Firs Test single user 1-1,text,true,,463,10422,1,1,http://localhost:3002/fir,9,0,0
1675771343192,6,FIr Creation Request,201,Created,Firs Test single user 1-1,text,true,,463,10422,1,1,http://localhost:3002/fir,6,0,1
1675771343199,6,FIr Creation Request,201,Created,Firs Test single user 1-1,text,true,,463,10422,1,1,http://localhost:3002/fir,6,0,1
1675771343207,5,FIr Creation Request,201,Created,Firs Test single user 1-1,text,true,,463,10422,1,1,http://localhost:3002/fir,5,0,0
1675771343214,6,FIr Creation Request,201,Created,Firs Test single user 1-1,text,true,,463,10422,1,1,http://localhost:3002/fir,6,0,0
1675771343221,7,FIr Creation Request,201,Created,Firs Test single user 1-1,text,true,,463,10422,1,1,http://localhost:3002/fir,7,0,0
1675771343229,8,FIr Creation Request,201,Created,Firs Test single user 1-1,text,true,,463,10422,1,1,http://localhost:3002/fir,8,0,0
1675771343238,7,FIr Creation Request,201,Created,Firs Test single user 1-1,text,true,,463,10422,1,1,http://localhost:3002/fir,7,0,0
1675771343246,6,FIr Creation Request,201,Created,Firs Test single user 1-1,text,true,,463,10422,1,1,http://localhost:3002/fir,6,0,0
1675771343253,6,FIr Creation Request,201,Created,Firs Test single user 1-1,text,true,,463,10422,1,1,http://localhost:3002/fir,6,0,0
1675771343260,10,FIr Creation Request,201,Created,Firs Test single user 1-1,text,true,,463,10422,1,1,http://localhost:3002/fir,10,0,0
1675771343271,9,FIr Creation Request,201,Created,Firs Test single user 1-1,text,true,,463,10422,1,1,http://localhost:3002/fir,9,0,0
1675771343281,6,FIr Creation Request,201,Created,Firs Test single user 1-1,text,true,,463,10422,1,1,http://localhost:3002/fir,6,0,0
1675771343288,7,FIr Creation Request,201,Created,Firs Test single user 1-1,text,true,,463,10422,1,1,http://localhost:3002/fir,7,0,0
1675771343296,8,FIr Creation Request,201,Created,Firs Test single user 1-1,text,true,,463,10422,1,1,http://localhost:3002/fir,8,0,1
1675771343306,6,FIr Creation Request,201,Created,Firs Test single user 1-1,text,true,,463,10422,1,1,http://localhost:3002/fir,6,0,0
1675771343314,6,FIr Creation Request,201,Created,Firs Test single user 1-1,text,true,,463,10422,1,1,http://localhost:3002/fir,6,0,0
1675771343321,8,FIr Creation Request,201,Created,Firs Test single user 1-1,text,true,,463,10422,1,1,http://localhost:3002/fir,8,0,0
1675771343330,7,FIr Creation Request,201,Created,Firs Test single user 1-1,text,true,,463,10422,1,1,http://localhost:3002/fir,7,0,0
1675771343338,6,FIr Creation Request,201,Created,Firs Test single user 1-1,text,true,,463,10422,1,1,http://localhost:3002/fir,6,0,0
1675771343346,7,FIr Creation Request,201,Created,Firs Test single user 1-1,text,true,,463,10422,1,1,http://localhost:3002/fir,7,0,0
1675771343354,7,FIr Creation Request,201,Created,Firs Test single user 1-1,text,true,,463,10422,1,1,http://localhost:3002/fir,7,0,0
1675771343363,7,FIr Creation Request,201,Created,Firs Test single user 1-1,text,true,,463,10422,1,1,http://localhost:3002/fir,7,0,0
1675771343371,7,FIr Creation Request,201,Created,Firs Test single user 1-1,text,true,,463,10422,1,1,http://localhost:3002/fir,7,0,1
1675771343379,8,FIr Creation Request,201,Created,Firs Test single user 1-1,text,true,,463,10422,1,1,http://localhost:3002/fir,8,0,0
1675771343388,7,FIr Creation Request,201,Created,Firs Test single user 1-1,text,true,,463,10422,1,1,http://localhost:3002/fir,7,0,0
1675771343396,8,FIr Creation Request,201,Created,Firs Test single user 1-1,text,true,,463,10422,1,1,http://localhost:3002/fir,8,0,0
1675771343406,6,FIr Creation Request,201,Created,Firs Test single user 1-1,text,true,,463,10422,1,1,http://localhost:3002/fir,6,0,0
1675771343413,6,FIr Creation Request,201,Created,Firs Test single user 1-1,text,true,,463,10422,1,1,http://localhost:3002/fir,6,0,0
1675771343420,13,FIr Creation Request,201,Created,Firs Test single user 1-1,text,true,,463,10422,1,1,http://localhost:3002/fir,13,0,0
1675771343435,6,FIr Creation Request,201,Created,Firs Test single user 1-1,text,true,,463,10422,1,1,http://localhost:3002/fir,6,0,0
1675771343442,10,FIr Creation Request,201,Created,Firs Test single user 1-1,text,true,,463,10422,1,1,http://localhost:3002/fir,10,0,0
1675771343458,8,FIr Creation Request,201,Created,Firs Test single user 1-1,text,true,,463,10422,1,1,http://localhost:3002/fir,8,0,0
1675771343467,8,FIr Creation Request,201,Created,Firs Test single user 1-1,text,true,,463,10422,1,1,http://localhost:3002/fir,8,0,1
1675771343476,11,FIr Creation Request,201,Created,Firs Test single user 1-1,text,true,,463,10422,1,1,http://localhost:3002/fir,11,0,0
1675771343489,6,FIr Creation Request,201,Created,Firs Test single user 1-1,text,true,,463,10422,1,1,http://localhost:3002/fir,6,0,0
1675771343497,6,FIr Creation Request,201,Created,Firs Test single user 1-1,text,true,,463,10422,1,1,http://localhost:3002/fir,6,0,0
1675771343505,8,FIr Creation Request,201,Created,Firs Test single user 1-1,text,true,,463,10422,1,1,http://localhost:3002/fir,7,0,0
1675771343514,303,FIr Creation Request,201,Created,Firs Test single user 1-1,text,true,,463,10422,1,1,http://localhost:3002/fir,303,0,0
1675771343822,12,FIr Creation Request,201,Created,Firs Test single user 1-1,text,true,,463,10422,1,1,http://localhost:3002/fir,12,0,1
1675771343836,7,FIr Creation Request,201,Created,Firs Test single user 1-1,text,true,,463,10422,1,1,http://localhost:3002/fir,6,0,0
1675771343844,7,FIr Creation Request,201,Created,Firs Test single user 1-1,text,true,,463,10422,1,1,http://localhost:3002/fir,7,0,0
1675771343852,7,FIr Creation Request,201,Created,Firs Test single user 1-1,text,true,,463,10422,1,1,http://localhost:3002/fir,7,0,0
1675771343860,7,FIr Creation Request,201,Created,Firs Test single user 1-1,text,true,,463,10422,1,1,http://localhost:3002/fir,7,0,1
1675771343869,5,FIr Creation Request,201,Created,Firs Test single user 1-1,text,true,,463,10422,1,1,http://localhost:3002/fir,5,0,0
1675771343876,6,FIr Creation Request,201,Created,Firs Test single user 1-1,text,true,,463,10422,1,1,http://localhost:3002/fir,6,0,0
1675771343883,7,FIr Creation Request,201,Created,Firs Test single user 1-1,text,true,,463,10422,1,1,http://localhost:3002/fir,7,0,1
1675771343891,6,FIr Creation Request,201,Created,Firs Test single user 1-1,text,true,,463,10422,1,1,http://localhost:3002/fir,6,0,0
1675771343898,7,FIr Creation Request,201,Created,Firs Test single user 1-1,text,true,,463,10422,1,1,http://localhost:3002/fir,7,0,0
1675771343907,7,FIr Creation Request,201,Created,Firs Test single user 1-1,text,true,,463,10422,1,1,http://localhost:3002/fir,7,0,0
1675771343915,7,FIr Creation Request,201,Created,Firs Test single user 1-1,text,true,,463,10422,1,1,http://localhost:3002/fir,7,0,0
1675771343923,7,FIr Creation Request,201,Created,Firs Test single user 1-1,text,true,,463,10422,1,1,http://localhost:3002/fir,7,0,0
1675771343932,7,FIr Creation Request,201,Created,Firs Test single user 1-1,text,true,,463,10422,1,1,http://localhost:3002/fir,7,0,0
1675771343940,8,FIr Creation Request,201,Created,Firs Test single user 1-1,text,true,,463,10422,1,1,http://localhost:3002/fir,8,0,1
1675771343949,6,FIr Creation Request,201,Created,Firs Test single user 1-1,text,true,,463,10422,1,1,http://localhost:3002/fir,6,0,0
1675771343957,6,FIr Creation Request,201,Created,Firs Test single user 1-1,text,true,,463,10422,1,1,http://localhost:3002/fir,6,0,0
1675771343967,9,FIr Creation Request,201,Created,Firs Test single user 1-1,text,true,,463,10422,1,1,http://localhost:3002/fir,9,0,1
1675771343977,7,FIr Creation Request,201,Created,Firs Test single user 1-1,text,true,,463,10422,1,1,http://localhost:3002/fir,7,0,0
1675771343985,7,FIr Creation Request,201,Created,Firs Test single user 1-1,text,true,,463,10422,1,1,http://localhost:3002/fir,7,0,0
1675771343993,8,FIr Creation Request,201,Created,Firs Test single user 1-1,text,true,,463,10422,1,1,http://localhost:3002/fir,8,0,0
1675771344002,7,FIr Creation Request,201,Created,Firs Test single user 1-1,text,true,,463,10422,1,1,http://localhost:3002/fir,7,0,0
1675771344010,6,FIr Creation Request,201,Created,Firs Test single user 1-1,text,true,,463,10422,1,1,http://localhost:3002/fir,6,0,1
1675771344017,7,FIr Creation Request,201,Created,Firs Test single user 1-1,text,true,,463,10422,1,1,http://localhost:3002/fir,7,0,1
1675771344025,6,FIr Creation Request,201,Created,Firs Test single user 1-1,text,true,,463,10422,1,1,http://localhost:3002/fir,6,0,0
1675771344032,6,FIr Creation Request,201,Created,Firs Test single user 1-1,text,true,,463,10422,1,1,http://localhost:3002/fir,6,0,0
1675771344039,6,FIr Creation Request,201,Created,Firs Test single user 1-1,text,true,,463,10422,1,1,http://localhost:3002/fir,6,0,0
1675771344046,8,FIr Creation Request,201,Created,Firs Test single user 1-1,text,true,,463,10422,1,1,http://localhost:3002/fir,8,0,0
1675771344055,7,FIr Creation Request,201,Created,Firs Test single user 1-1,text,true,,463,10422,1,1,http://localhost:3002/fir,7,0,0
1675771344063,7,FIr Creation Request,201,Created,Firs Test single user 1-1,text,true,,463,10422,1,1,http://localhost:3002/fir,7,0,1
1675771344071,7,FIr Creation Request,201,Created,Firs Test single user 1-1,text,true,,463,10422,1,1,http://localhost:3002/fir,7,0,1
1675771344079,6,FIr Creation Request,201,Created,Firs Test single user 1-1,text,true,,463,10422,1,1,http://localhost:3002/fir,6,0,0
1675771344086,6,FIr Creation Request,201,Created,Firs Test single user 1-1,text,true,,463,10422,1,1,http://localhost:3002/fir,6,0,0
1675771344093,7,FIr Creation Request,201,Created,Firs Test single user 1-1,text,true,,463,10422,1,1,http://localhost:3002/fir,7,0,0
1675771344101,8,FIr Creation Request,201,Created,Firs Test single user 1-1,text,true,,463,10422,1,1,http://localhost:3002/fir,8,0,0
1675771344110,8,FIr Creation Request,201,Created,Firs Test single user 1-1,text,true,,463,10422,1,1,http://localhost:3002/fir,8,0,0
1675771344119,7,FIr Creation Request,201,Created,Firs Test single user 1-1,text,true,,463,10422,1,1,http://localhost:3002/fir,7,0,0
1675771344127,10,FIr Creation Request,201,Created,Firs Test single user 1-1,text,true,,463,10422,1,1,http://localhost:3002/fir,10,0,0
1675771344138,6,FIr Creation Request,201,Created,Firs Test single user 1-1,text,true,,463,10422,1,1,http://localhost:3002/fir,6,0,0
1675771344145,7,FIr Creation Request,201,Created,Firs Test single user 1-1,text,true,,463,10422,1,1,http://localhost:3002/fir,7,0,0
1675771344153,6,FIr Creation Request,201,Created,Firs Test single user 1-1,text,true,,463,10422,1,1,http://localhost:3002/fir,6,0,1
1675771344160,6,FIr Creation Request,201,Created,Firs Test single user 1-1,text,true,,463,10422,1,1,http://localhost:3002/fir,6,0,1
1675771344167,6,FIr Creation Request,201,Created,Firs Test single user 1-1,text,true,,463,10422,1,1,http://localhost:3002/fir,6,0,1
1675771344175,5,FIr Creation Request,201,Created,Firs Test single user 1-1,text,true,,463,10422,1,1,http://localhost:3002/fir,5,0,0
1675771344182,5,FIr Creation Request,201,Created,Firs Test single user 1-1,text,true,,463,10422,1,1,http://localhost:3002/fir,5,0,0
1675771344189,6,FIr Creation Request,201,Created,Firs Test single user 1-1,text,true,,463,10422,1,1,http://localhost:3002/fir,6,0,0
1675771344197,6,FIr Creation Request,201,Created,Firs Test single user 1-1,text,true,,463,10422,1,1,http://localhost:3002/fir,6,0,0
1675771344204,6,FIr Creation Request,201,Created,Firs Test single user 1-1,text,true,,463,10422,1,1,http://localhost:3002/fir,6,0,0
1675771344211,6,FIr Creation Request,201,Created,Firs Test single user 1-1,text,true,,463,10422,1,1,http://localhost:3002/fir,6,0,0
1675771344218,7,FIr Creation Request,201,Created,Firs Test single user 1-1,text,true,,463,10422,1,1,http://localhost:3002/fir,7,0,0
1675771344227,7,FIr Creation Request,201,Created,Firs Test single user 1-1,text,true,,463,10422,1,1,http://localhost:3002/fir,7,0,0
1675771344236,6,FIr Creation Request,201,Created,Firs Test single user 1-1,text,true,,463,10422,1,1,http://localhost:3002/fir,6,0,0
1675771344243,7,FIr Creation Request,201,Created,Firs Test single user 1-1,text,true,,463,10422,1,1,http://localhost:3002/fir,7,0,1
1675771344252,7,FIr Creation Request,201,Created,Firs Test single user 1-1,text,true,,463,10422,1,1,http://localhost:3002/fir,7,0,0
1675771344260,8,FIr Creation Request,201,Created,Firs Test single user 1-1,text,true,,463,10422,1,1,http://localhost:3002/fir,8,0,0
1675771344269,7,FIr Creation Request,201,Created,Firs Test single user 1-1,text,true,,463,10422,1,1,http://localhost:3002/fir,7,0,1
1675771344277,7,FIr Creation Request,201,Created,Firs Test single user 1-1,text,true,,463,10422,1,1,http://localhost:3002/fir,7,0,0
1675771344285,7,FIr Creation Request,201,Created,Firs Test single user 1-1,text,true,,463,10422,1,1,http://localhost:3002/fir,7,0,1
1675771344293,8,FIr Creation Request,201,Created,Firs Test single user 1-1,text,true,,463,10422,1,1,http://localhost:3002/fir,8,0,0
1675771344302,7,FIr Creation Request,201,Created,Firs Test single user 1-1,text,true,,463,10422,1,1,http://localhost:3002/fir,7,0,1
1675771344310,7,FIr Creation Request,201,Created,Firs Test single user 1-1,text,true,,463,10422,1,1,http://localhost:3002/fir,7,0,0
1675771344319,7,FIr Creation Request,201,Created,Firs Test single user 1-1,text,true,,463,10422,1,1,http://localhost:3002/fir,7,0,0
1675771344327,7,FIr Creation Request,201,Created,Firs Test single user 1-1,text,true,,463,10422,1,1,http://localhost:3002/fir,7,0,1
1675771344336,6,FIr Creation Request,201,Created,Firs Test single user 1-1,text,true,,463,10422,1,1,http://localhost:3002/fir,6,0,0
1675771344344,6,FIr Creation Request,201,Created,Firs Test single user 1-1,text,true,,463,10422,1,1,http://localhost:3002/fir,6,0,0
1675771344351,5,FIr Creation Request,201,Created,Firs Test single user 1-1,text,true,,463,10422,1,1,http://localhost:3002/fir,5,0,0
1675771344358,9,FIr Creation Request,201,Created,Firs Test single user 1-1,text,true,,463,10422,1,1,http://localhost:3002/fir,9,0,0
1675771344369,7,FIr Creation Request,201,Created,Firs Test single user 1-1,text,true,,463,10422,1,1,http://localhost:3002/fir,7,0,0
1675771344377,7,FIr Creation Request,201,Created,Firs Test single user 1-1,text,true,,463,10422,1,1,http://localhost:3002/fir,7,0,0
1675771344385,8,FIr Creation Request,201,Created,Firs Test single user 1-1,text,true,,463,10422,1,1,http://localhost:3002/fir,8,0,0
1675771344394,7,FIr Creation Request,201,Created,Firs Test single user 1-1,text,true,,463,10422,1,1,http://localhost:3002/fir,7,0,1
1675771344402,7,FIr Creation Request,201,Created,Firs Test single user 1-1,text,true,,463,10422,1,1,http://localhost:3002/fir,7,0,0
1675771344410,8,FIr Creation Request,201,Created,Firs Test single user 1-1,text,true,,463,10422,1,1,http://localhost:3002/fir,8,0,1
1675771344419,7,FIr Creation Request,201,Created,Firs Test single user 1-1,text,true,,463,10422,1,1,http://localhost:3002/fir,7,0,0
1675771344427,7,FIr Creation Request,201,Created,Firs Test single user 1-1,text,true,,463,10422,1,1,http://localhost:3002/fir,7,0,1
1675771344435,8,FIr Creation Request,201,Created,Firs Test single user 1-1,text,true,,463,10422,1,1,http://localhost:3002/fir,8,0,1
1675771344444,7,FIr Creation Request,201,Created,Firs Test single user 1-1,text,true,,463,10422,1,1,http://localhost:3002/fir,7,0,0
1675771344452,7,FIr Creation Request,201,Created,Firs Test single user 1-1,text,true,,463,10422,1,1,http://localhost:3002/fir,7,0,0
1675771344460,7,FIr Creation Request,201,Created,Firs Test single user 1-1,text,true,,463,10422,1,1,http://localhost:3002/fir,7,0,0
1675771344469,7,FIr Creation Request,201,Created,Firs Test single user 1-1,text,true,,463,10422,1,1,http://localhost:3002/fir,7,0,0
1675771344479,9,FIr Creation Request,201,Created,Firs Test single user 1-1,text,true,,463,10422,1,1,http://localhost:3002/fir,8,0,0
1675771344489,7,FIr Creation Request,201,Created,Firs Test single user 1-1,text,true,,463,10422,1,1,http://localhost:3002/fir,7,0,0
1675771344497,7,FIr Creation Request,201,Created,Firs Test single user 1-1,text,true,,463,10422,1,1,http://localhost:3002/fir,7,0,0
1675771344505,6,FIr Creation Request,201,Created,Firs Test single user 1-1,text,true,,463,10422,1,1,http://localhost:3002/fir,6,0,0
1675771344513,6,FIr Creation Request,201,Created,Firs Test single user 1-1,text,true,,463,10422,1,1,http://localhost:3002/fir,6,0,0
1675771344520,6,FIr Creation Request,201,Created,Firs Test single user 1-1,text,true,,463,10422,1,1,http://localhost:3002/fir,6,0,0
1675771344527,7,FIr Creation Request,201,Created,Firs Test single user 1-1,text,true,,463,10422,1,1,http://localhost:3002/fir,7,0,0
1675771344535,6,FIr Creation Request,201,Created,Firs Test single user 1-1,text,true,,463,10422,1,1,http://localhost:3002/fir,6,0,0
1675771344542,6,FIr Creation Request,201,Created,Firs Test single user 1-1,text,true,,463,10422,1,1,http://localhost:3002/fir,6,0,0
1675771344549,6,FIr Creation Request,201,Created,Firs Test single user 1-1,text,true,,463,10422,1,1,http://localhost:3002/fir,6,0,1
1675771344556,6,FIr Creation Request,201,Created,Firs Test single user 1-1,text,true,,463,10422,1,1,http://localhost:3002/fir,6,0,0
1675771344563,6,FIr Creation Request,201,Created,Firs Test single user 1-1,text,true,,463,10422,1,1,http://localhost:3002/fir,6,0,1
1675771344570,9,FIr Creation Request,201,Created,Firs Test single user 1-1,text,true,,463,10422,1,1,http://localhost:3002/fir,9,0,0
1675771344580,11,FIr Creation Request,201,Created,Firs Test single user 1-1,text,true,,463,10422,1,1,http://localhost:3002/fir,11,0,1
1675771344592,7,FIr Creation Request,201,Created,Firs Test single user 1-1,text,true,,463,10422,1,1,http://localhost:3002/fir,7,0,1
1675771344600,5,FIr Creation Request,201,Created,Firs Test single user 1-1,text,true,,463,10422,1,1,http://localhost:3002/fir,5,0,0
1675771344607,11,FIr Creation Request,201,Created,Firs Test single user 1-1,text,true,,463,10422,1,1,http://localhost:3002/fir,11,0,0
1675771344619,7,FIr Creation Request,201,Created,Firs Test single user 1-1,text,true,,463,10422,1,1,http://localhost:3002/fir,7,0,1
1675771344628,6,FIr Creation Request,201,Created,Firs Test single user 1-1,text,true,,463,10422,1,1,http://localhost:3002/fir,6,0,0
1675771344635,8,FIr Creation Request,201,Created,Firs Test single user 1-1,text,true,,463,10422,1,1,http://localhost:3002/fir,8,0,1
1675771344650,9,FIr Creation Request,201,Created,Firs Test single user 1-1,text,true,,463,10422,1,1,http://localhost:3002/fir,9,0,0
1675771344660,7,FIr Creation Request,201,Created,Firs Test single user 1-1,text,true,,463,10422,1,1,http://localhost:3002/fir,7,0,0
1675771344668,7,FIr Creation Request,201,Created,Firs Test single user 1-1,text,true,,463,10422,1,1,http://localhost:3002/fir,7,0,1
1675771344676,7,FIr Creation Request,201,Created,Firs Test single user 1-1,text,true,,463,10422,1,1,http://localhost:3002/fir,7,0,0
1675771344684,6,FIr Creation Request,201,Created,Firs Test single user 1-1,text,true,,463,10422,1,1,http://localhost:3002/fir,6,0,1
1675771344692,6,FIr Creation Request,201,Created,Firs Test single user 1-1,text,true,,463,10422,1,1,http://localhost:3002/fir,6,0,0
1675771344699,6,FIr Creation Request,201,Created,Firs Test single user 1-1,text,true,,463,10422,1,1,http://localhost:3002/fir,6,0,0
1675771344706,7,FIr Creation Request,201,Created,Firs Test single user 1-1,text,true,,463,10422,1,1,http://localhost:3002/fir,7,0,0
1675771344714,7,FIr Creation Request,201,Created,Firs Test single user 1-1,text,true,,463,10422,1,1,http://localhost:3002/fir,7,0,0
1675771344722,7,FIr Creation Request,201,Created,Firs Test single user 1-1,text,true,,463,10422,1,1,http://localhost:3002/fir,7,0,0
1675771344730,6,FIr Creation Request,201,Created,Firs Test single user 1-1,text,true,,463,10422,1,1,http://localhost:3002/fir,6,0,0
1675771344737,9,FIr Creation Request,201,Created,Firs Test single user 1-1,text,true,,463,10422,1,1,http://localhost:3002/fir,9,0,0
1675771344747,6,FIr Creation Request,201,Created,Firs Test single user 1-1,text,true,,463,10422,1,1,http://localhost:3002/fir,6,0,0
1675771344754,6,FIr Creation Request,201,Created,Firs Test single user 1-1,text,true,,463,10422,1,1,http://localhost:3002/fir,6,0,0
1675771344761,6,FIr Creation Request,201,Created,Firs Test single user 1-1,text,true,,463,10422,1,1,http://localhost:3002/fir,6,0,0
1675771344768,8,FIr Creation Request,201,Created,Firs Test single user 1-1,text,true,,463,10422,1,1,http://localhost:3002/fir,8,0,0
1675771344777,7,FIr Creation Request,201,Created,Firs Test single user 1-1,text,true,,463,10422,1,1,http://localhost:3002/fir,7,0,0
1675771344786,6,FIr Creation Request,201,Created,Firs Test single user 1-1,text,true,,463,10422,1,1,http://localhost:3002/fir,6,0,0
1675771344794,7,FIr Creation Request,201,Created,Firs Test single user 1-1,text,true,,463,10422,1,1,http://localhost:3002/fir,7,0,0
1675771344802,8,FIr Creation Request,201,Created,Firs Test single user 1-1,text,true,,463,10422,1,1,http://localhost:3002/fir,8,0,1
1675771344811,7,FIr Creation Request,201,Created,Firs Test single user 1-1,text,true,,463,10422,1,1,http://localhost:3002/fir,7,0,0
1675771344819,8,FIr Creation Request,201,Created,Firs Test single user 1-1,text,true,,463,10422,1,1,http://localhost:3002/fir,8,0,0
1675771344828,6,FIr Creation Request,201,Created,Firs Test single user 1-1,text,true,,463,10422,1,1,http://localhost:3002/fir,6,0,0
1675771344835,8,FIr Creation Request,201,Created,Firs Test single user 1-1,text,true,,463,10422,1,1,http://localhost:3002/fir,8,0,1
1675771344844,7,FIr Creation Request,201,Created,Firs Test single user 1-1,text,true,,463,10422,1,1,http://localhost:3002/fir,7,0,1
1675771344852,8,FIr Creation Request,201,Created,Firs Test single user 1-1,text,true,,463,10422,1,1,http://localhost:3002/fir,8,0,1
1675771344861,7,FIr Creation Request,201,Created,Firs Test single user 1-1,text,true,,463,10422,1,1,http://localhost:3002/fir,7,0,0
1675771344870,6,FIr Creation Request,201,Created,Firs Test single user 1-1,text,true,,463,10422,1,1,http://localhost:3002/fir,6,0,0
1675771344878,653,FIr Creation Request,201,Created,Firs Test single user 1-1,text,true,,463,10422,1,1,http://localhost:3002/fir,653,0,0
1675771345532,273,FIr Creation Request,201,Created,Firs Test single user 1-1,text,true,,463,10422,1,1,http://localhost:3002/fir,273,0,0
1675771345807,9,FIr Creation Request,201,Created,Firs Test single user 1-1,text,true,,463,10422,1,1,http://localhost:3002/fir,9,0,0
1675771345817,6,FIr Creation Request,201,Created,Firs Test single user 1-1,text,true,,463,10422,1,1,http://localhost:3002/fir,6,0,0
1675771345825,6,FIr Creation Request,201,Created,Firs Test single user 1-1,text,true,,463,10422,1,1,http://localhost:3002/fir,6,0,0
1675771345832,9,FIr Creation Request,201,Created,Firs Test single user 1-1,text,true,,463,10422,1,1,http://localhost:3002/fir,9,0,0
1675771345842,6,FIr Creation Request,201,Created,Firs Test single user 1-1,text,true,,463,10422,1,1,http://localhost:3002/fir,6,0,0
1675771345850,6,FIr Creation Request,201,Created,Firs Test single user 1-1,text,true,,463,10422,1,1,http://localhost:3002/fir,6,0,0
1675771345858,8,FIr Creation Request,201,Created,Firs Test single user 1-1,text,true,,463,10422,1,1,http://localhost:3002/fir,8,0,0
1675771345867,7,FIr Creation Request,201,Created,Firs Test single user 1-1,text,true,,463,10422,1,1,http://localhost:3002/fir,7,0,1
1675771345875,7,FIr Creation Request,201,Created,Firs Test single user 1-1,text,true,,463,10422,1,1,http://localhost:3002/fir,7,0,0
1675771345883,8,FIr Creation Request,201,Created,Firs Test single user 1-1,text,true,,463,10422,1,1,http://localhost:3002/fir,8,0,0
1675771345892,6,FIr Creation Request,201,Created,Firs Test single user 1-1,text,true,,463,10422,1,1,http://localhost:3002/fir,6,0,0
1675771345899,6,FIr Creation Request,201,Created,Firs Test single user 1-1,text,true,,463,10422,1,1,http://localhost:3002/fir,6,0,0
1675771345906,6,FIr Creation Request,201,Created,Firs Test single user 1-1,text,true,,463,10422,1,1,http://localhost:3002/fir,6,0,0
1675771345913,6,FIr Creation Request,201,Created,Firs Test single user 1-1,text,true,,463,10422,1,1,http://localhost:3002/fir,5,0,0
1675771345920,7,FIr Creation Request,201,Created,Firs Test single user 1-1,text,true,,463,10422,1,1,http://localhost:3002/fir,7,0,0
1675771345928,7,FIr Creation Request,201,Created,Firs Test single user 1-1,text,true,,463,10422,1,1,http://localhost:3002/fir,7,0,0
1675771345936,9,FIr Creation Request,201,Created,Firs Test single user 1-1,text,true,,463,10422,1,1,http://localhost:3002/fir,9,0,1
1675771345946,6,FIr Creation Request,201,Created,Firs Test single user 1-1,text,true,,463,10422,1,1,http://localhost:3002/fir,6,0,1
1675771345953,7,FIr Creation Request,201,Created,Firs Test single user 1-1,text,true,,463,10422,1,1,http://localhost:3002/fir,7,0,0
1675771345961,7,FIr Creation Request,201,Created,Firs Test single user 1-1,text,true,,463,10422,1,1,http://localhost:3002/fir,7,0,1
1675771345970,6,FIr Creation Request,201,Created,Firs Test single user 1-1,text,true,,463,10422,1,1,http://localhost:3002/fir,6,0,0
1675771345977,9,FIr Creation Request,201,Created,Firs Test single user 1-1,text,true,,463,10422,1,1,http://localhost:3002/fir,9,0,0
1675771345987,10,FIr Creation Request,201,Created,Firs Test single user 1-1,text,true,,463,10422,1,1,http://localhost:3002/fir,10,0,0
1675771345998,6,FIr Creation Request,201,Created,Firs Test single user 1-1,text,true,,463,10422,1,1,http://localhost:3002/fir,6,0,0
1675771346006,5,FIr Creation Request,201,Created,Firs Test single user 1-1,text,true,,463,10422,1,1,http://localhost:3002/fir,5,0,0
1675771346016,6,FIr Creation Request,201,Created,Firs Test single user 1-1,text,true,,463,10422,1,1,http://localhost:3002/fir,6,0,0
1675771346023,7,FIr Creation Request,201,Created,Firs Test single user 1-1,text,true,,463,10422,1,1,http://localhost:3002/fir,7,0,1
1675771346031,8,FIr Creation Request,201,Created,Firs Test single user 1-1,text,true,,463,10422,1,1,http://localhost:3002/fir,8,0,1
1675771346040,7,FIr Creation Request,201,Created,Firs Test single user 1-1,text,true,,463,10422,1,1,http://localhost:3002/fir,7,0,0
1675771346048,7,FIr Creation Request,201,Created,Firs Test single user 1-1,text,true,,463,10422,1,1,http://localhost:3002/fir,7,0,1
1675771346056,7,FIr Creation Request,201,Created,Firs Test single user 1-1,text,true,,463,10422,1,1,http://localhost:3002/fir,7,0,1
1675771346065,5,FIr Creation Request,201,Created,Firs Test single user 1-1,text,true,,463,10422,1,1,http://localhost:3002/fir,5,0,0
1675771346072,5,FIr Creation Request,201,Created,Firs Test single user 1-1,text,true,,463,10422,1,1,http://localhost:3002/fir,5,0,0
1675771346078,7,FIr Creation Request,201,Created,Firs Test single user 1-1,text,true,,463,10422,1,1,http://localhost:3002/fir,7,0,1
1675771346086,7,FIr Creation Request,201,Created,Firs Test single user 1-1,text,true,,463,10422,1,1,http://localhost:3002/fir,7,0,1
1675771346094,6,FIr Creation Request,201,Created,Firs Test single user 1-1,text,true,,463,10422,1,1,http://localhost:3002/fir,6,0,0
1675771346101,5,FIr Creation Request,201,Created,Firs Test single user 1-1,text,true,,463,10422,1,1,http://localhost:3002/fir,5,0,0
1675771346107,6,FIr Creation Request,201,Created,Firs Test single user 1-1,text,true,,463,10422,1,1,http://localhost:3002/fir,6,0,1
1675771346114,9,FIr Creation Request,201,Created,Firs Test single user 1-1,text,true,,463,10422,1,1,http://localhost:3002/fir,9,0,0
1675771346125,8,FIr Creation Request,201,Created,Firs Test single user 1-1,text,true,,463,10422,1,1,http://localhost:3002/fir,8,0,0
1675771346134,6,FIr Creation Request,201,Created,Firs Test single user 1-1,text,true,,463,10422,1,1,http://localhost:3002/fir,6,0,1
1675771346141,6,FIr Creation Request,201,Created,Firs Test single user 1-1,text,true,,463,10422,1,1,http://localhost:3002/fir,6,0,1
1675771346149,7,FIr Creation Request,201,Created,Firs Test single user 1-1,text,true,,463,10422,1,1,http://localhost:3002/fir,7,0,0
1675771346157,7,FIr Creation Request,201,Created,Firs Test single user 1-1,text,true,,463,10422,1,1,http://localhost:3002/fir,7,0,0
1675771346165,8,FIr Creation Request,201,Created,Firs Test single user 1-1,text,true,,463,10422,1,1,http://localhost:3002/fir,8,0,0
1675771346174,6,FIr Creation Request,201,Created,Firs Test single user 1-1,text,true,,463,10422,1,1,http://localhost:3002/fir,6,0,0
1675771346186,8,FIr Creation Request,201,Created,Firs Test single user 1-1,text,true,,463,10422,1,1,http://localhost:3002/fir,8,0,0
1675771346196,6,FIr Creation Request,201,Created,Firs Test single user 1-1,text,true,,463,10422,1,1,http://localhost:3002/fir,6,0,0
1675771346203,9,FIr Creation Request,201,Created,Firs Test single user 1-1,text,true,,463,10422,1,1,http://localhost:3002/fir,9,0,1
1675771346213,6,FIr Creation Request,201,Created,Firs Test single user 1-1,text,true,,463,10422,1,1,http://localhost:3002/fir,6,0,0
1675771346220,9,FIr Creation Request,201,Created,Firs Test single user 1-1,text,true,,463,10422,1,1,http://localhost:3002/fir,9,0,0
1675771346230,8,FIr Creation Request,201,Created,Firs Test single user 1-1,text,true,,463,10422,1,1,http://localhost:3002/fir,8,0,0
1675771346240,5,FIr Creation Request,201,Created,Firs Test single user 1-1,text,true,,463,10422,1,1,http://localhost:3002/fir,5,0,0
1675771346246,6,FIr Creation Request,201,Created,Firs Test single user 1-1,text,true,,463,10422,1,1,http://localhost:3002/fir,6,0,1
1675771346254,7,FIr Creation Request,201,Created,Firs Test single user 1-1,text,true,,463,10422,1,1,http://localhost:3002/fir,7,0,0
1675771346262,7,FIr Creation Request,201,Created,Firs Test single user 1-1,text,true,,463,10422,1,1,http://localhost:3002/fir,7,0,0
1675771346271,550,FIr Creation Request,201,Created,Firs Test single user 1-1,text,true,,463,10422,1,1,http://localhost:3002/fir,550,0,0
1675771346827,34,FIr Creation Request,201,Created,Firs Test single user 1-1,text,true,,463,10422,1,1,http://localhost:3002/fir,34,0,0
1675771346862,8,FIr Creation Request,201,Created,Firs Test single user 1-1,text,true,,463,10422,1,1,http://localhost:3002/fir,8,0,0
1675771346871,8,FIr Creation Request,201,Created,Firs Test single user 1-1,text,true,,463,10422,1,1,http://localhost:3002/fir,8,0,1
1675771346880,7,FIr Creation Request,201,Created,Firs Test single user 1-1,text,true,,463,10422,1,1,http://localhost:3002/fir,7,0,0
1675771346888,6,FIr Creation Request,201,Created,Firs Test single user 1-1,text,true,,463,10422,1,1,http://localhost:3002/fir,6,0,0
1675771346895,8,FIr Creation Request,201,Created,Firs Test single user 1-1,text,true,,463,10422,1,1,http://localhost:3002/fir,8,0,0
1675771346904,7,FIr Creation Request,201,Created,Firs Test single user 1-1,text,true,,463,10422,1,1,http://localhost:3002/fir,7,0,1
1675771346912,9,FIr Creation Request,201,Created,Firs Test single user 1-1,text,true,,463,10422,1,1,http://localhost:3002/fir,9,0,1
1675771346922,6,FIr Creation Request,201,Created,Firs Test single user 1-1,text,true,,463,10422,1,1,http://localhost:3002/fir,6,0,0
1675771346930,7,FIr Creation Request,201,Created,Firs Test single user 1-1,text,true,,463,10422,1,1,http://localhost:3002/fir,7,0,0
1675771346938,7,FIr Creation Request,201,Created,Firs Test single user 1-1,text,true,,463,10422,1,1,http://localhost:3002/fir,7,0,0
1675771346946,7,FIr Creation Request,201,Created,Firs Test single user 1-1,text,true,,463,10422,1,1,http://localhost:3002/fir,7,0,0
1675771346954,11,FIr Creation Request,201,Created,Firs Test single user 1-1,text,true,,463,10422,1,1,http://localhost:3002/fir,11,0,1
1675771346966,7,FIr Creation Request,201,Created,Firs Test single user 1-1,text,true,,463,10422,1,1,http://localhost:3002/fir,7,0,0
1675771346974,8,FIr Creation Request,201,Created,Firs Test single user 1-1,text,true,,463,10422,1,1,http://localhost:3002/fir,8,0,0
1675771346983,7,FIr Creation Request,201,Created,Firs Test single user 1-1,text,true,,463,10422,1,1,http://localhost:3002/fir,7,0,1
1675771346991,7,FIr Creation Request,201,Created,Firs Test single user 1-1,text,true,,463,10422,1,1,http://localhost:3002/fir,7,0,0
1675771346999,7,FIr Creation Request,201,Created,Firs Test single user 1-1,text,true,,463,10422,1,1,http://localhost:3002/fir,7,0,1
1675771347007,8,FIr Creation Request,201,Created,Firs Test single user 1-1,text,true,,463,10422,1,1,http://localhost:3002/fir,8,0,1
1675771347016,7,FIr Creation Request,201,Created,Firs Test single user 1-1,text,true,,463,10422,1,1,http://localhost:3002/fir,7,0,1
1675771347024,8,FIr Creation Request,201,Created,Firs Test single user 1-1,text,true,,463,10422,1,1,http://localhost:3002/fir,8,0,0
1675771347037,8,FIr Creation Request,201,Created,Firs Test single user 1-1,text,true,,463,10422,1,1,http://localhost:3002/fir,8,0,0
1675771347046,7,FIr Creation Request,201,Created,Firs Test single user 1-1,text,true,,463,10422,1,1,http://localhost:3002/fir,7,0,0
1675771347054,7,FIr Creation Request,201,Created,Firs Test single user 1-1,text,true,,463,10422,1,1,http://localhost:3002/fir,7,0,1
1675771347063,10,FIr Creation Request,201,Created,Firs Test single user 1-1,text,true,,463,10422,1,1,http://localhost:3002/fir,10,0,0
1675771347074,8,FIr Creation Request,201,Created,Firs Test single user 1-1,text,true,,463,10422,1,1,http://localhost:3002/fir,8,0,1
1675771347083,9,FIr Creation Request,201,Created,Firs Test single user 1-1,text,true,,463,10422,1,1,http://localhost:3002/fir,9,0,0
1675771347093,6,FIr Creation Request,201,Created,Firs Test single user 1-1,text,true,,463,10422,1,1,http://localhost:3002/fir,6,0,0
1675771347100,7,FIr Creation Request,201,Created,Firs Test single user 1-1,text,true,,463,10422,1,1,http://localhost:3002/fir,7,0,0
1675771347108,7,FIr Creation Request,201,Created,Firs Test single user 1-1,text,true,,463,10422,1,1,http://localhost:3002/fir,7,0,0
1675771347116,8,FIr Creation Request,201,Created,Firs Test single user 1-1,text,true,,463,10422,1,1,http://localhost:3002/fir,8,0,0
1675771347125,6,FIr Creation Request,201,Created,Firs Test single user 1-1,text,true,,463,10422,1,1,http://localhost:3002/fir,6,0,1
1675771347132,7,FIr Creation Request,201,Created,Firs Test single user 1-1,text,true,,463,10422,1,1,http://localhost:3002/fir,7,0,1
1675771347141,8,FIr Creation Request,201,Created,Firs Test single user 1-1,text,true,,463,10422,1,1,http://localhost:3002/fir,8,0,0
1675771347150,6,FIr Creation Request,201,Created,Firs Test single user 1-1,text,true,,463,10422,1,1,http://localhost:3002/fir,6,0,1
1675771347157,8,FIr Creation Request,201,Created,Firs Test single user 1-1,text,true,,463,10422,1,1,http://localhost:3002/fir,8,0,1
1675771347166,7,FIr Creation Request,201,Created,Firs Test single user 1-1,text,true,,463,10422,1,1,http://localhost:3002/fir,7,0,0
1675771347175,7,FIr Creation Request,201,Created,Firs Test single user 1-1,text,true,,463,10422,1,1,http://localhost:3002/fir,7,0,0
1675771347184,5,FIr Creation Request,201,Created,Firs Test single user 1-1,text,true,,463,10422,1,1,http://localhost:3002/fir,5,0,0
1675771347190,6,FIr Creation Request,201,Created,Firs Test single user 1-1,text,true,,463,10422,1,1,http://localhost:3002/fir,6,0,0
1675771347197,6,FIr Creation Request,201,Created,Firs Test single user 1-1,text,true,,463,10422,1,1,http://localhost:3002/fir,6,0,0
1675771347207,6,FIr Creation Request,201,Created,Firs Test single user 1-1,text,true,,463,10422,1,1,http://localhost:3002/fir,6,0,0
1675771347215,5,FIr Creation Request,201,Created,Firs Test single user 1-1,text,true,,463,10422,1,1,http://localhost:3002/fir,5,0,0
1675771347221,7,FIr Creation Request,201,Created,Firs Test single user 1-1,text,true,,463,10422,1,1,http://localhost:3002/fir,7,0,1
1675771347229,6,FIr Creation Request,201,Created,Firs Test single user 1-1,text,true,,463,10422,1,1,http://localhost:3002/fir,6,0,0
1675771347236,6,FIr Creation Request,201,Created,Firs Test single user 1-1,text,true,,463,10422,1,1,http://localhost:3002/fir,6,0,0
1675771347243,10,FIr Creation Request,201,Created,Firs Test single user 1-1,text,true,,463,10422,1,1,http://localhost:3002/fir,10,0,0
1675771347254,8,FIr Creation Request,201,Created,Firs Test single user 1-1,text,true,,463,10422,1,1,http://localhost:3002/fir,7,0,0
1675771347263,6,FIr Creation Request,201,Created,Firs Test single user 1-1,text,true,,463,10422,1,1,http://localhost:3002/fir,6,0,0
1675771347271,7,FIr Creation Request,201,Created,Firs Test single user 1-1,text,true,,463,10422,1,1,http://localhost:3002/fir,7,0,0
1675771347279,8,FIr Creation Request,201,Created,Firs Test single user 1-1,text,true,,463,10422,1,1,http://localhost:3002/fir,8,0,0
1675771347288,7,FIr Creation Request,201,Created,Firs Test single user 1-1,text,true,,463,10422,1,1,http://localhost:3002/fir,7,0,0
1675771347296,7,FIr Creation Request,201,Created,Firs Test single user 1-1,text,true,,463,10422,1,1,http://localhost:3002/fir,7,0,0
1675771347304,7,FIr Creation Request,201,Created,Firs Test single user 1-1,text,true,,463,10422,1,1,http://localhost:3002/fir,7,0,1
1675771347312,13,FIr Creation Request,201,Created,Firs Test single user 1-1,text,true,,463,10422,1,1,http://localhost:3002/fir,13,0,1
1675771347326,6,FIr Creation Request,201,Created,Firs Test single user 1-1,text,true,,463,10422,1,1,http://localhost:3002/fir,6,0,0
1675771347334,6,FIr Creation Request,201,Created,Firs Test single user 1-1,text,true,,463,10422,1,1,http://localhost:3002/fir,6,0,0
1675771347341,7,FIr Creation Request,201,Created,Firs Test single user 1-1,text,true,,463,10422,1,1,http://localhost:3002/fir,7,0,0
1675771347349,6,FIr Creation Request,201,Created,Firs Test single user 1-1,text,true,,463,10422,1,1,http://localhost:3002/fir,6,0,0
1675771347357,6,FIr Creation Request,201,Created,Firs Test single user 1-1,text,true,,463,10422,1,1,http://localhost:3002/fir,6,0,0
1675771347364,5,FIr Creation Request,201,Created,Firs Test single user 1-1,text,true,,463,10422,1,1,http://localhost:3002/fir,5,0,0
1675771347371,7,FIr Creation Request,201,Created,Firs Test single user 1-1,text,true,,463,10422,1,1,http://localhost:3002/fir,7,0,0
1675771347380,6,FIr Creation Request,201,Created,Firs Test single user 1-1,text,true,,463,10422,1,1,http://localhost:3002/fir,6,0,0
1675771347387,7,FIr Creation Request,201,Created,Firs Test single user 1-1,text,true,,463,10422,1,1,http://localhost:3002/fir,7,0,0
1675771347395,6,FIr Creation Request,201,Created,Firs Test single user 1-1,text,true,,463,10422,1,1,http://localhost:3002/fir,6,0,0
1675771347402,6,FIr Creation Request,201,Created,Firs Test single user 1-1,text,true,,463,10422,1,1,http://localhost:3002/fir,6,0,0
1675771347409,7,FIr Creation Request,201,Created,Firs Test single user 1-1,text,true,,463,10422,1,1,http://localhost:3002/fir,7,0,1
1675771347417,6,FIr Creation Request,201,Created,Firs Test single user 1-1,text,true,,463,10422,1,1,http://localhost:3002/fir,6,0,0
1675771347425,11,FIr Creation Request,201,Created,Firs Test single user 1-1,text,true,,463,10422,1,1,http://localhost:3002/fir,11,0,0
1675771347438,7,FIr Creation Request,201,Created,Firs Test single user 1-1,text,true,,463,10422,1,1,http://localhost:3002/fir,7,0,0
1675771347447,6,FIr Creation Request,201,Created,Firs Test single user 1-1,text,true,,463,10422,1,1,http://localhost:3002/fir,6,0,0
1675771347455,7,FIr Creation Request,201,Created,Firs Test single user 1-1,text,true,,463,10422,1,1,http://localhost:3002/fir,7,0,0
1675771347463,7,FIr Creation Request,201,Created,Firs Test single user 1-1,text,true,,463,10422,1,1,http://localhost:3002/fir,6,0,0
1675771347471,5,FIr Creation Request,201,Created,Firs Test single user 1-1,text,true,,463,10422,1,1,http://localhost:3002/fir,5,0,0
1675771347477,6,FIr Creation Request,201,Created,Firs Test single user 1-1,text,true,,463,10422,1,1,http://localhost:3002/fir,6,0,0
1675771347485,5,FIr Creation Request,201,Created,Firs Test single user 1-1,text,true,,463,10422,1,1,http://localhost:3002/fir,5,0,0
1675771347491,7,FIr Creation Request,201,Created,Firs Test single user 1-1,text,true,,463,10422,1,1,http://localhost:3002/fir,7,0,1
1675771347499,6,FIr Creation Request,201,Created,Firs Test single user 1-1,text,true,,463,10422,1,1,http://localhost:3002/fir,6,0,0
1675771347506,6,FIr Creation Request,201,Created,Firs Test single user 1-1,text,true,,463,10422,1,1,http://localhost:3002/fir,6,0,0
1675771347513,9,FIr Creation Request,201,Created,Firs Test single user 1-1,text,true,,463,10422,1,1,http://localhost:3002/fir,9,0,0
1675771347523,6,FIr Creation Request,201,Created,Firs Test single user 1-1,text,true,,463,10422,1,1,http://localhost:3002/fir,6,0,0
1675771347530,6,FIr Creation Request,201,Created,Firs Test single user 1-1,text,true,,463,10422,1,1,http://localhost:3002/fir,6,0,0
1675771347537,6,FIr Creation Request,201,Created,Firs Test single user 1-1,text,true,,463,10422,1,1,http://localhost:3002/fir,6,0,1
1675771347547,7,FIr Creation Request,201,Created,Firs Test single user 1-1,text,true,,463,10422,1,1,http://localhost:3002/fir,7,0,1
1675771347556,5,FIr Creation Request,201,Created,Firs Test single user 1-1,text,true,,463,10422,1,1,http://localhost:3002/fir,5,0,0
1675771347563,7,FIr Creation Request,201,Created,Firs Test single user 1-1,text,true,,463,10422,1,1,http://localhost:3002/fir,7,0,0
1675771347571,7,FIr Creation Request,201,Created,Firs Test single user 1-1,text,true,,463,10422,1,1,http://localhost:3002/fir,7,0,0
1675771347579,5,FIr Creation Request,201,Created,Firs Test single user 1-1,text,true,,463,10422,1,1,http://localhost:3002/fir,5,0,0
1675771347586,5,FIr Creation Request,201,Created,Firs Test single user 1-1,text,true,,463,10422,1,1,http://localhost:3002/fir,5,0,0
1675771347593,5,FIr Creation Request,201,Created,Firs Test single user 1-1,text,true,,463,10422,1,1,http://localhost:3002/fir,5,0,0
1675771347599,315,FIr Creation Request,201,Created,Firs Test single user 1-1,text,true,,463,10422,1,1,http://localhost:3002/fir,315,0,0
1675771347919,164,FIr Creation Request,201,Created,Firs Test single user 1-1,text,true,,463,10422,1,1,http://localhost:3002/fir,164,0,0
1675771348086,12,FIr Creation Request,201,Created,Firs Test single user 1-1,text,true,,463,10422,1,1,http://localhost:3002/fir,12,0,0
1675771348099,11,FIr Creation Request,201,Created,Firs Test single user 1-1,text,true,,463,10422,1,1,http://localhost:3002/fir,11,0,0
1675771348111,7,FIr Creation Request,201,Created,Firs Test single user 1-1,text,true,,463,10422,1,1,http://localhost:3002/fir,7,0,0
1675771348119,8,FIr Creation Request,201,Created,Firs Test single user 1-1,text,true,,463,10422,1,1,http://localhost:3002/fir,8,0,0
1675771348128,6,FIr Creation Request,201,Created,Firs Test single user 1-1,text,true,,463,10422,1,1,http://localhost:3002/fir,6,0,0
1675771348135,8,FIr Creation Request,201,Created,Firs Test single user 1-1,text,true,,463,10422,1,1,http://localhost:3002/fir,8,0,0
1675771348144,6,FIr Creation Request,201,Created,Firs Test single user 1-1,text,true,,463,10422,1,1,http://localhost:3002/fir,6,0,0
1675771348151,7,FIr Creation Request,201,Created,Firs Test single user 1-1,text,true,,463,10422,1,1,http://localhost:3002/fir,7,0,1
1675771348160,6,FIr Creation Request,201,Created,Firs Test single user 1-1,text,true,,463,10422,1,1,http://localhost:3002/fir,6,0,0
1675771348167,7,FIr Creation Request,201,Created,Firs Test single user 1-1,text,true,,463,10422,1,1,http://localhost:3002/fir,7,0,0
1675771348175,7,FIr Creation Request,201,Created,Firs Test single user 1-1,text,true,,463,10422,1,1,http://localhost:3002/fir,7,0,0
1675771348183,8,FIr Creation Request,201,Created,Firs Test single user 1-1,text,true,,463,10422,1,1,http://localhost:3002/fir,8,0,1
1675771348192,6,FIr Creation Request,201,Created,Firs Test single user 1-1,text,true,,463,10422,1,1,http://localhost:3002/fir,6,0,0
1675771348199,6,FIr Creation Request,201,Created,Firs Test single user 1-1,text,true,,463,10422,1,1,http://localhost:3002/fir,6,0,0
1675771348206,6,FIr Creation Request,201,Created,Firs Test single user 1-1,text,true,,463,10422,1,1,http://localhost:3002/fir,6,0,0
1675771348213,7,FIr Creation Request,201,Created,Firs Test single user 1-1,text,true,,463,10422,1,1,http://localhost:3002/fir,7,0,1
1675771348228,8,FIr Creation Request,201,Created,Firs Test single user 1-1,text,true,,463,10422,1,1,http://localhost:3002/fir,8,0,0
1675771348237,9,FIr Creation Request,201,Created,Firs Test single user 1-1,text,true,,463,10422,1,1,http://localhost:3002/fir,9,0,0
1675771348247,7,FIr Creation Request,201,Created,Firs Test single user 1-1,text,true,,463,10422,1,1,http://localhost:3002/fir,7,0,0
1675771348255,6,FIr Creation Request,201,Created,Firs Test single user 1-1,text,true,,463,10422,1,1,http://localhost:3002/fir,6,0,0
1675771348262,6,FIr Creation Request,201,Created,Firs Test single user 1-1,text,true,,463,10422,1,1,http://localhost:3002/fir,6,0,0
1675771348269,6,FIr Creation Request,201,Created,Firs Test single user 1-1,text,true,,463,10422,1,1,http://localhost:3002/fir,6,0,1
1675771348276,6,FIr Creation Request,201,Created,Firs Test single user 1-1,text,true,,463,10422,1,1,http://localhost:3002/fir,6,0,0
1675771348283,7,FIr Creation Request,201,Created,Firs Test single user 1-1,text,true,,463,10422,1,1,http://localhost:3002/fir,7,0,0
1675771348291,8,FIr Creation Request,201,Created,Firs Test single user 1-1,text,true,,463,10422,1,1,http://localhost:3002/fir,8,0,1
1675771348301,6,FIr Creation Request,201,Created,Firs Test single user 1-1,text,true,,463,10422,1,1,http://localhost:3002/fir,6,0,0
1675771348309,7,FIr Creation Request,201,Created,Firs Test single user 1-1,text,true,,463,10422,1,1,http://localhost:3002/fir,7,0,0
1675771348318,6,FIr Creation Request,201,Created,Firs Test single user 1-1,text,true,,463,10422,1,1,http://localhost:3002/fir,6,0,0
1675771348325,7,FIr Creation Request,201,Created,Firs Test single user 1-1,text,true,,463,10422,1,1,http://localhost:3002/fir,7,0,0
1675771348333,13,FIr Creation Request,201,Created,Firs Test single user 1-1,text,true,,463,10422,1,1,http://localhost:3002/fir,13,0,0
1675771348347,7,FIr Creation Request,201,Created,Firs Test single user 1-1,text,true,,463,10422,1,1,http://localhost:3002/fir,7,0,0
1675771348355,7,FIr Creation Request,201,Created,Firs Test single user 1-1,text,true,,463,10422,1,1,http://localhost:3002/fir,7,0,0
1675771348363,8,FIr Creation Request,201,Created,Firs Test single user 1-1,text,true,,463,10422,1,1,http://localhost:3002/fir,8,0,0
1675771348372,7,FIr Creation Request,201,Created,Firs Test single user 1-1,text,true,,463,10422,1,1,http://localhost:3002/fir,7,0,0
1675771348380,7,FIr Creation Request,201,Created,Firs Test single user 1-1,text,true,,463,10422,1,1,http://localhost:3002/fir,7,0,0
1675771348389,7,FIr Creation Request,201,Created,Firs Test single user 1-1,text,true,,463,10422,1,1,http://localhost:3002/fir,7,0,0
1675771348397,6,FIr Creation Request,201,Created,Firs Test single user 1-1,text,true,,463,10422,1,1,http://localhost:3002/fir,6,0,0
1675771348404,6,FIr Creation Request,201,Created,Firs Test single user 1-1,text,true,,463,10422,1,1,http://localhost:3002/fir,6,0,1
1675771348412,6,FIr Creation Request,201,Created,Firs Test single user 1-1,text,true,,463,10422,1,1,http://localhost:3002/fir,6,0,0
1675771348419,6,FIr Creation Request,201,Created,Firs Test single user 1-1,text,true,,463,10422,1,1,http://localhost:3002/fir,6,0,0
1675771348427,5,FIr Creation Request,201,Created,Firs Test single user 1-1,text,true,,463,10422,1,1,http://localhost:3002/fir,5,0,0
1675771348434,7,FIr Creation Request,201,Created,Firs Test single user 1-1,text,true,,463,10422,1,1,http://localhost:3002/fir,7,0,0
1675771348442,6,FIr Creation Request,201,Created,Firs Test single user 1-1,text,true,,463,10422,1,1,http://localhost:3002/fir,6,0,0
1675771348449,6,FIr Creation Request,201,Created,Firs Test single user 1-1,text,true,,463,10422,1,1,http://localhost:3002/fir,6,0,0
1675771348457,5,FIr Creation Request,201,Created,Firs Test single user 1-1,text,true,,463,10422,1,1,http://localhost:3002/fir,5,0,0
1675771348463,8,FIr Creation Request,201,Created,Firs Test single user 1-1,text,true,,463,10422,1,1,http://localhost:3002/fir,8,0,0
1675771348472,6,FIr Creation Request,201,Created,Firs Test single user 1-1,text,true,,463,10422,1,1,http://localhost:3002/fir,6,0,0
1675771348480,9,FIr Creation Request,201,Created,Firs Test single user 1-1,text,true,,463,10422,1,1,http://localhost:3002/fir,9,0,0
1675771348490,6,FIr Creation Request,201,Created,Firs Test single user 1-1,text,true,,463,10422,1,1,http://localhost:3002/fir,6,0,0
1675771348497,7,FIr Creation Request,201,Created,Firs Test single user 1-1,text,true,,463,10422,1,1,http://localhost:3002/fir,7,0,0
1675771348505,8,FIr Creation Request,201,Created,Firs Test single user 1-1,text,true,,463,10422,1,1,http://localhost:3002/fir,8,0,0
1675771348514,7,FIr Creation Request,201,Created,Firs Test single user 1-1,text,true,,463,10422,1,1,http://localhost:3002/fir,7,0,0
1675771348522,7,FIr Creation Request,201,Created,Firs Test single user 1-1,text,true,,463,10422,1,1,http://localhost:3002/fir,7,0,0
1675771348531,9,FIr Creation Request,201,Created,Firs Test single user 1-1,text,true,,463,10422,1,1,http://localhost:3002/fir,9,0,0
1675771348541,9,FIr Creation Request,201,Created,Firs Test single user 1-1,text,true,,463,10422,1,1,http://localhost:3002/fir,9,0,1
1675771348552,6,FIr Creation Request,201,Created,Firs Test single user 1-1,text,true,,463,10422,1,1,http://localhost:3002/fir,6,0,0
1675771348559,7,FIr Creation Request,201,Created,Firs Test single user 1-1,text,true,,463,10422,1,1,http://localhost:3002/fir,7,0,0
1675771348571,8,FIr Creation Request,201,Created,Firs Test single user 1-1,text,true,,463,10422,1,1,http://localhost:3002/fir,8,0,0
1675771348580,7,FIr Creation Request,201,Created,Firs Test single user 1-1,text,true,,463,10422,1,1,http://localhost:3002/fir,7,0,1
1675771348588,11,FIr Creation Request,201,Created,Firs Test single user 1-1,text,true,,463,10422,1,1,http://localhost:3002/fir,11,0,1
1675771348600,7,FIr Creation Request,201,Created,Firs Test single user 1-1,text,true,,463,10422,1,1,http://localhost:3002/fir,7,0,1
1675771348608,6,FIr Creation Request,201,Created,Firs Test single user 1-1,text,true,,463,10422,1,1,http://localhost:3002/fir,6,0,1
1675771348615,6,FIr Creation Request,201,Created,Firs Test single user 1-1,text,true,,463,10422,1,1,http://localhost:3002/fir,6,0,1
1675771348622,7,FIr Creation Request,201,Created,Firs Test single user 1-1,text,true,,463,10422,1,1,http://localhost:3002/fir,7,0,1
1675771348630,7,FIr Creation Request,201,Created,Firs Test single user 1-1,text,true,,463,10422,1,1,http://localhost:3002/fir,7,0,1
1675771348639,6,FIr Creation Request,201,Created,Firs Test single user 1-1,text,true,,463,10422,1,1,http://localhost:3002/fir,6,0,0
1675771348647,7,FIr Creation Request,201,Created,Firs Test single user 1-1,text,true,,463,10422,1,1,http://localhost:3002/fir,7,0,0
1675771348655,6,FIr Creation Request,201,Created,Firs Test single user 1-1,text,true,,463,10422,1,1,http://localhost:3002/fir,6,0,0
1675771348662,6,FIr Creation Request,201,Created,Firs Test single user 1-1,text,true,,463,10422,1,1,http://localhost:3002/fir,6,0,1
1675771348670,6,FIr Creation Request,201,Created,Firs Test single user 1-1,text,true,,463,10422,1,1,http://localhost:3002/fir,6,0,0
1675771348677,6,FIr Creation Request,201,Created,Firs Test single user 1-1,text,true,,463,10422,1,1,http://localhost:3002/fir,6,0,0
1675771348685,6,FIr Creation Request,201,Created,Firs Test single user 1-1,text,true,,463,10422,1,1,http://localhost:3002/fir,6,0,0
1675771348693,6,FIr Creation Request,201,Created,Firs Test single user 1-1,text,true,,463,10422,1,1,http://localhost:3002/fir,6,0,0
1675771348700,8,FIr Creation Request,201,Created,Firs Test single user 1-1,text,true,,463,10422,1,1,http://localhost:3002/fir,8,0,0
1675771348709,7,FIr Creation Request,201,Created,Firs Test single user 1-1,text,true,,463,10422,1,1,http://localhost:3002/fir,7,0,0
1675771348718,6,FIr Creation Request,201,Created,Firs Test single user 1-1,text,true,,463,10422,1,1,http://localhost:3002/fir,6,0,0
1675771348725,8,FIr Creation Request,201,Created,Firs Test single user 1-1,text,true,,463,10422,1,1,http://localhost:3002/fir,8,0,1
1675771348741,8,FIr Creation Request,201,Created,Firs Test single user 1-1,text,true,,463,10422,1,1,http://localhost:3002/fir,8,0,1
1675771348750,6,FIr Creation Request,201,Created,Firs Test single user 1-1,text,true,,463,10422,1,1,http://localhost:3002/fir,6,0,0
1675771348758,6,FIr Creation Request,201,Created,Firs Test single user 1-1,text,true,,463,10422,1,1,http://localhost:3002/fir,6,0,0
1675771348766,9,FIr Creation Request,201,Created,Firs Test single user 1-1,text,true,,463,10422,1,1,http://localhost:3002/fir,9,0,0
1675771348777,7,FIr Creation Request,201,Created,Firs Test single user 1-1,text,true,,463,10422,1,1,http://localhost:3002/fir,7,0,0
1675771348785,7,FIr Creation Request,201,Created,Firs Test single user 1-1,text,true,,463,10422,1,1,http://localhost:3002/fir,7,0,0
1675771348793,6,FIr Creation Request,201,Created,Firs Test single user 1-1,text,true,,463,10422,1,1,http://localhost:3002/fir,6,0,0
1675771348800,8,FIr Creation Request,201,Created,Firs Test single user 1-1,text,true,,463,10422,1,1,http://localhost:3002/fir,8,0,1
1675771348809,7,FIr Creation Request,201,Created,Firs Test single user 1-1,text,true,,463,10422,1,1,http://localhost:3002/fir,7,0,0
1675771348817,8,FIr Creation Request,201,Created,Firs Test single user 1-1,text,true,,463,10422,1,1,http://localhost:3002/fir,8,0,0
1675771348826,7,FIr Creation Request,201,Created,Firs Test single user 1-1,text,true,,463,10422,1,1,http://localhost:3002/fir,7,0,0
1675771348834,30,FIr Creation Request,201,Created,Firs Test single user 1-1,text,true,,463,10422,1,1,http://localhost:3002/fir,30,0,0
1675771348866,7,FIr Creation Request,201,Created,Firs Test single user 1-1,text,true,,463,10422,1,1,http://localhost:3002/fir,7,0,0
1675771348874,6,FIr Creation Request,201,Created,Firs Test single user 1-1,text,true,,463,10422,1,1,http://localhost:3002/fir,6,0,1
1675771348882,6,FIr Creation Request,201,Created,Firs Test single user 1-1,text,true,,463,10422,1,1,http://localhost:3002/fir,6,0,0
1675771348889,7,FIr Creation Request,201,Created,Firs Test single user 1-1,text,true,,463,10422,1,1,http://localhost:3002/fir,7,0,1
1675771348897,8,FIr Creation Request,201,Created,Firs Test single user 1-1,text,true,,463,10422,1,1,http://localhost:3002/fir,8,0,0
1675771348906,6,FIr Creation Request,201,Created,Firs Test single user 1-1,text,true,,463,10422,1,1,http://localhost:3002/fir,6,0,1
1675771348914,7,FIr Creation Request,201,Created,Firs Test single user 1-1,text,true,,463,10422,1,1,http://localhost:3002/fir,7,0,0
1675771348922,7,FIr Creation Request,201,Created,Firs Test single user 1-1,text,true,,463,10422,1,1,http://localhost:3002/fir,7,0,0
1675771348930,8,FIr Creation Request,201,Created,Firs Test single user 1-1,text,true,,463,10422,1,1,http://localhost:3002/fir,8,0,1
1675771348939,11,FIr Creation Request,201,Created,Firs Test single user 1-1,text,true,,463,10422,1,1,http://localhost:3002/fir,11,0,0
1675771348952,6,FIr Creation Request,201,Created,Firs Test single user 1-1,text,true,,463,10422,1,1,http://localhost:3002/fir,6,0,0
1675771348959,8,FIr Creation Request,201,Created,Firs Test single user 1-1,text,true,,463,10422,1,1,http://localhost:3002/fir,8,0,0
1675771348968,290,FIr Creation Request,201,Created,Firs Test single user 1-1,text,true,,463,10422,1,1,http://localhost:3002/fir,290,0,0
1675771349259,9,FIr Creation Request,201,Created,Firs Test single user 1-1,text,true,,463,10422,1,1,http://localhost:3002/fir,9,0,1
1675771349269,8,FIr Creation Request,201,Created,Firs Test single user 1-1,text,true,,463,10422,1,1,http://localhost:3002/fir,8,0,0
1675771349278,9,FIr Creation Request,201,Created,Firs Test single user 1-1,text,true,,463,10422,1,1,http://localhost:3002/fir,9,0,0
1675771349288,11,FIr Creation Request,201,Created,Firs Test single user 1-1,text,true,,463,10422,1,1,http://localhost:3002/fir,11,0,0
1675771349300,11,FIr Creation Request,201,Created,Firs Test single user 1-1,text,true,,463,10422,1,1,http://localhost:3002/fir,11,0,0
1675771349312,11,FIr Creation Request,201,Created,Firs Test single user 1-1,text,true,,463,10422,1,1,http://localhost:3002/fir,11,0,0
1675771349324,7,FIr Creation Request,201,Created,Firs Test single user 1-1,text,true,,463,10422,1,1,http://localhost:3002/fir,7,0,0
1675771349332,6,FIr Creation Request,201,Created,Firs Test single user 1-1,text,true,,463,10422,1,1,http://localhost:3002/fir,6,0,0
1675771349339,6,FIr Creation Request,201,Created,Firs Test single user 1-1,text,true,,463,10422,1,1,http://localhost:3002/fir,6,0,0
1675771349347,6,FIr Creation Request,201,Created,Firs Test single user 1-1,text,true,,463,10422,1,1,http://localhost:3002/fir,6,0,0
1675771349354,9,FIr Creation Request,201,Created,Firs Test single user 1-1,text,true,,463,10422,1,1,http://localhost:3002/fir,9,0,0
1675771349364,9,FIr Creation Request,201,Created,Firs Test single user 1-1,text,true,,463,10422,1,1,http://localhost:3002/fir,9,0,0
1675771349374,6,FIr Creation Request,201,Created,Firs Test single user 1-1,text,true,,463,10422,1,1,http://localhost:3002/fir,6,0,0
1675771349381,7,FIr Creation Request,201,Created,Firs Test single user 1-1,text,true,,463,10422,1,1,http://localhost:3002/fir,7,0,0
1675771349389,6,FIr Creation Request,201,Created,Firs Test single user 1-1,text,true,,463,10422,1,1,http://localhost:3002/fir,6,0,0
1675771349396,7,FIr Creation Request,201,Created,Firs Test single user 1-1,text,true,,463,10422,1,1,http://localhost:3002/fir,7,0,1
1675771349405,9,FIr Creation Request,201,Created,Firs Test single user 1-1,text,true,,463,10422,1,1,http://localhost:3002/fir,9,0,0
1675771349416,7,FIr Creation Request,201,Created,Firs Test single user 1-1,text,true,,463,10422,1,1,http://localhost:3002/fir,7,0,0
1675771349425,6,FIr Creation Request,201,Created,Firs Test single user 1-1,text,true,,463,10422,1,1,http://localhost:3002/fir,6,0,0
1675771349432,6,FIr Creation Request,201,Created,Firs Test single user 1-1,text,true,,463,10422,1,1,http://localhost:3002/fir,6,0,0
1675771349439,7,FIr Creation Request,201,Created,Firs Test single user 1-1,text,true,,463,10422,1,1,http://localhost:3002/fir,7,0,0
1675771349447,7,FIr Creation Request,201,Created,Firs Test single user 1-1,text,true,,463,10422,1,1,http://localhost:3002/fir,7,0,0
1675771349455,8,FIr Creation Request,201,Created,Firs Test single user 1-1,text,true,,463,10422,1,1,http://localhost:3002/fir,8,0,1
1675771349464,7,FIr Creation Request,201,Created,Firs Test single user 1-1,text,true,,463,10422,1,1,http://localhost:3002/fir,7,0,0
1675771349472,8,FIr Creation Request,201,Created,Firs Test single user 1-1,text,true,,463,10422,1,1,http://localhost:3002/fir,8,0,1
1675771349482,11,FIr Creation Request,201,Created,Firs Test single user 1-1,text,true,,463,10422,1,1,http://localhost:3002/fir,11,0,0
1675771349494,6,FIr Creation Request,201,Created,Firs Test single user 1-1,text,true,,463,10422,1,1,http://localhost:3002/fir,6,0,0
1675771349501,7,FIr Creation Request,201,Created,Firs Test single user 1-1,text,true,,463,10422,1,1,http://localhost:3002/fir,7,0,0
1675771349510,7,FIr Creation Request,201,Created,Firs Test single user 1-1,text,true,,463,10422,1,1,http://localhost:3002/fir,7,0,0
1675771349518,6,FIr Creation Request,201,Created,Firs Test single user 1-1,text,true,,463,10422,1,1,http://localhost:3002/fir,6,0,1
1675771349526,7,FIr Creation Request,201,Created,Firs Test single user 1-1,text,true,,463,10422,1,1,http://localhost:3002/fir,7,0,0
1675771349534,8,FIr Creation Request,201,Created,Firs Test single user 1-1,text,true,,463,10422,1,1,http://localhost:3002/fir,8,0,0
1675771349543,6,FIr Creation Request,201,Created,Firs Test single user 1-1,text,true,,463,10422,1,1,http://localhost:3002/fir,6,0,0
1675771349550,6,FIr Creation Request,201,Created,Firs Test single user 1-1,text,true,,463,10422,1,1,http://localhost:3002/fir,6,0,0
1675771349557,6,FIr Creation Request,201,Created,Firs Test single user 1-1,text,true,,463,10422,1,1,http://localhost:3002/fir,6,0,0
1675771349564,8,FIr Creation Request,201,Created,Firs Test single user 1-1,text,true,,463,10422,1,1,http://localhost:3002/fir,8,0,0
1675771349573,7,FIr Creation Request,201,Created,Firs Test single user 1-1,text,true,,463,10422,1,1,http://localhost:3002/fir,7,0,0
1675771349581,7,FIr Creation Request,201,Created,Firs Test single user 1-1,text,true,,463,10422,1,1,http://localhost:3002/fir,7,0,0
1675771349593,8,FIr Creation Request,201,Created,Firs Test single user 1-1,text,true,,463,10422,1,1,http://localhost:3002/fir,8,0,1
1675771349603,7,FIr Creation Request,201,Created,Firs Test single user 1-1,text,true,,463,10422,1,1,http://localhost:3002/fir,7,0,0
1675771349611,7,FIr Creation Request,201,Created,Firs Test single user 1-1,text,true,,463,10422,1,1,http://localhost:3002/fir,7,0,0
1675771349619,7,FIr Creation Request,201,Created,Firs Test single user 1-1,text,true,,463,10422,1,1,http://localhost:3002/fir,7,0,0
1675771349628,6,FIr Creation Request,201,Created,Firs Test single user 1-1,text,true,,463,10422,1,1,http://localhost:3002/fir,6,0,0
1675771349635,6,FIr Creation Request,201,Created,Firs Test single user 1-1,text,true,,463,10422,1,1,http://localhost:3002/fir,6,0,0
1675771349642,7,FIr Creation Request,201,Created,Firs Test single user 1-1,text,true,,463,10422,1,1,http://localhost:3002/fir,7,0,1
1675771349651,5,FIr Creation Request,201,Created,Firs Test single user 1-1,text,true,,463,10422,1,1,http://localhost:3002/fir,5,0,0
1675771349657,7,FIr Creation Request,201,Created,Firs Test single user 1-1,text,true,,463,10422,1,1,http://localhost:3002/fir,7,0,1
1675771349665,6,FIr Creation Request,201,Created,Firs Test single user 1-1,text,true,,463,10422,1,1,http://localhost:3002/fir,6,0,0
1675771349672,9,FIr Creation Request,201,Created,Firs Test single user 1-1,text,true,,463,10422,1,1,http://localhost:3002/fir,9,0,0
1675771349682,6,FIr Creation Request,201,Created,Firs Test single user 1-1,text,true,,463,10422,1,1,http://localhost:3002/fir,6,0,0
1675771349689,8,FIr Creation Request,201,Created,Firs Test single user 1-1,text,true,,463,10422,1,1,http://localhost:3002/fir,8,0,1
1675771349698,8,FIr Creation Request,201,Created,Firs Test single user 1-1,text,true,,463,10422,1,1,http://localhost:3002/fir,8,0,0
1675771349708,10,FIr Creation Request,201,Created,Firs Test single user 1-1,text,true,,463,10422,1,1,http://localhost:3002/fir,10,0,0
1675771349719,8,FIr Creation Request,201,Created,Firs Test single user 1-1,text,true,,463,10422,1,1,http://localhost:3002/fir,8,0,1
1675771349728,6,FIr Creation Request,201,Created,Firs Test single user 1-1,text,true,,463,10422,1,1,http://localhost:3002/fir,6,0,0
1675771349735,7,FIr Creation Request,201,Created,Firs Test single user 1-1,text,true,,463,10422,1,1,http://localhost:3002/fir,7,0,1
1675771349743,6,FIr Creation Request,201,Created,Firs Test single user 1-1,text,true,,463,10422,1,1,http://localhost:3002/fir,6,0,1
1675771349751,5,FIr Creation Request,201,Created,Firs Test single user 1-1,text,true,,463,10422,1,1,http://localhost:3002/fir,5,0,0
1675771349764,8,FIr Creation Request,201,Created,Firs Test single user 1-1,text,true,,463,10422,1,1,http://localhost:3002/fir,8,0,0
1675771349774,6,FIr Creation Request,201,Created,Firs Test single user 1-1,text,true,,463,10422,1,1,http://localhost:3002/fir,6,0,0
1675771349781,5,FIr Creation Request,201,Created,Firs Test single user 1-1,text,true,,463,10422,1,1,http://localhost:3002/fir,5,0,0
1675771349788,6,FIr Creation Request,201,Created,Firs Test single user 1-1,text,true,,463,10422,1,1,http://localhost:3002/fir,6,0,0
1675771349795,5,FIr Creation Request,201,Created,Firs Test single user 1-1,text,true,,463,10422,1,1,http://localhost:3002/fir,5,0,0
1675771349802,6,FIr Creation Request,201,Created,Firs Test single user 1-1,text,true,,463,10422,1,1,http://localhost:3002/fir,6,0,0
1675771349809,6,FIr Creation Request,201,Created,Firs Test single user 1-1,text,true,,463,10422,1,1,http://localhost:3002/fir,6,0,0
1675771349816,9,FIr Creation Request,201,Created,Firs Test single user 1-1,text,true,,463,10422,1,1,http://localhost:3002/fir,9,0,0
1675771349826,5,FIr Creation Request,201,Created,Firs Test single user 1-1,text,true,,463,10422,1,1,http://localhost:3002/fir,5,0,0
1675771349832,6,FIr Creation Request,201,Created,Firs Test single user 1-1,text,true,,463,10422,1,1,http://localhost:3002/fir,6,0,1
1675771349839,935,FIr Creation Request,201,Created,Firs Test single user 1-1,text,true,,463,10422,1,1,http://localhost:3002/fir,935,0,0
1675771350817,38,FIr Creation Request,201,Created,Firs Test single user 1-1,text,true,,463,10422,1,1,http://localhost:3002/fir,38,0,1
1675771350857,512,FIr Creation Request,201,Created,Firs Test single user 1-1,text,true,,463,10422,1,1,http://localhost:3002/fir,512,0,0
1675771351373,18,FIr Creation Request,201,Created,Firs Test single user 1-1,text,true,,463,10422,1,1,http://localhost:3002/fir,18,0,1
1675771351392,7,FIr Creation Request,201,Created,Firs Test single user 1-1,text,true,,463,10422,1,1,http://localhost:3002/fir,7,0,0
1675771351401,7,FIr Creation Request,201,Created,Firs Test single user 1-1,text,true,,463,10422,1,1,http://localhost:3002/fir,7,0,0
1675771351409,13,FIr Creation Request,201,Created,Firs Test single user 1-1,text,true,,463,10422,1,1,http://localhost:3002/fir,13,0,0
1675771351423,8,FIr Creation Request,201,Created,Firs Test single user 1-1,text,true,,463,10422,1,1,http://localhost:3002/fir,8,0,0
1675771351433,8,FIr Creation Request,201,Created,Firs Test single user 1-1,text,true,,463,10422,1,1,http://localhost:3002/fir,8,0,0
1675771351443,7,FIr Creation Request,201,Created,Firs Test single user 1-1,text,true,,463,10422,1,1,http://localhost:3002/fir,7,0,0
1675771351451,7,FIr Creation Request,201,Created,Firs Test single user 1-1,text,true,,463,10422,1,1,http://localhost:3002/fir,7,0,0
1675771351459,7,FIr Creation Request,201,Created,Firs Test single user 1-1,text,true,,463,10422,1,1,http://localhost:3002/fir,7,0,0
1675771351468,7,FIr Creation Request,201,Created,Firs Test single user 1-1,text,true,,463,10422,1,1,http://localhost:3002/fir,7,0,0
1675771351476,7,FIr Creation Request,201,Created,Firs Test single user 1-1,text,true,,463,10422,1,1,http://localhost:3002/fir,7,0,0
1675771351484,8,FIr Creation Request,201,Created,Firs Test single user 1-1,text,true,,463,10422,1,1,http://localhost:3002/fir,8,0,0
1675771351493,7,FIr Creation Request,201,Created,Firs Test single user 1-1,text,true,,463,10422,1,1,http://localhost:3002/fir,7,0,1
1675771351501,8,FIr Creation Request,201,Created,Firs Test single user 1-1,text,true,,463,10422,1,1,http://localhost:3002/fir,8,0,0
1675771351510,6,FIr Creation Request,201,Created,Firs Test single user 1-1,text,true,,463,10422,1,1,http://localhost:3002/fir,6,0,0
1675771351518,6,FIr Creation Request,201,Created,Firs Test single user 1-1,text,true,,463,10422,1,1,http://localhost:3002/fir,6,0,0
1675771351526,7,FIr Creation Request,201,Created,Firs Test single user 1-1,text,true,,463,10422,1,1,http://localhost:3002/fir,7,0,0
1675771351534,7,FIr Creation Request,201,Created,Firs Test single user 1-1,text,true,,463,10422,1,1,http://localhost:3002/fir,7,0,0
1675771351542,6,FIr Creation Request,201,Created,Firs Test single user 1-1,text,true,,463,10422,1,1,http://localhost:3002/fir,6,0,1
1675771351550,7,FIr Creation Request,201,Created,Firs Test single user 1-1,text,true,,463,10422,1,1,http://localhost:3002/fir,7,0,0
1675771351558,6,FIr Creation Request,201,Created,Firs Test single user 1-1,text,true,,463,10422,1,1,http://localhost:3002/fir,6,0,0
1675771351565,7,FIr Creation Request,201,Created,Firs Test single user 1-1,text,true,,463,10422,1,1,http://localhost:3002/fir,7,0,0
1675771351573,6,FIr Creation Request,201,Created,Firs Test single user 1-1,text,true,,463,10422,1,1,http://localhost:3002/fir,6,0,0
1675771351580,8,FIr Creation Request,201,Created,Firs Test single user 1-1,text,true,,463,10422,1,1,http://localhost:3002/fir,8,0,0
1675771351589,6,FIr Creation Request,201,Created,Firs Test single user 1-1,text,true,,463,10422,1,1,http://localhost:3002/fir,6,0,0
1675771351596,7,FIr Creation Request,201,Created,Firs Test single user 1-1,text,true,,463,10422,1,1,http://localhost:3002/fir,7,0,1
1675771351605,7,FIr Creation Request,201,Created,Firs Test single user 1-1,text,true,,463,10422,1,1,http://localhost:3002/fir,7,0,0
1675771351613,6,FIr Creation Request,201,Created,Firs Test single user 1-1,text,true,,463,10422,1,1,http://localhost:3002/fir,6,0,1
1675771351621,7,FIr Creation Request,201,Created,Firs Test single user 1-1,text,true,,463,10422,1,1,http://localhost:3002/fir,7,0,0
1675771351629,7,FIr Creation Request,201,Created,Firs Test single user 1-1,text,true,,463,10422,1,1,http://localhost:3002/fir,7,0,0
1675771351641,8,FIr Creation Request,201,Created,Firs Test single user 1-1,text,true,,463,10422,1,1,http://localhost:3002/fir,8,0,0
1675771351651,7,FIr Creation Request,201,Created,Firs Test single user 1-1,text,true,,463,10422,1,1,http://localhost:3002/fir,7,0,0
1675771351659,7,FIr Creation Request,201,Created,Firs Test single user 1-1,text,true,,463,10422,1,1,http://localhost:3002/fir,7,0,0
1675771351667,7,FIr Creation Request,201,Created,Firs Test single user 1-1,text,true,,463,10422,1,1,http://localhost:3002/fir,7,0,0
1675771351676,6,FIr Creation Request,201,Created,Firs Test single user 1-1,text,true,,463,10422,1,1,http://localhost:3002/fir,6,0,0
1675771351683,6,FIr Creation Request,201,Created,Firs Test single user 1-1,text,true,,463,10422,1,1,http://localhost:3002/fir,6,0,0
1675771351690,6,FIr Creation Request,201,Created,Firs Test single user 1-1,text,true,,463,10422,1,1,http://localhost:3002/fir,6,0,0
1675771351697,6,FIr Creation Request,201,Created,Firs Test single user 1-1,text,true,,463,10422,1,1,http://localhost:3002/fir,6,0,1
1675771351704,6,FIr Creation Request,201,Created,Firs Test single user 1-1,text,true,,463,10422,1,1,http://localhost:3002/fir,6,0,0
1675771351713,8,FIr Creation Request,201,Created,Firs Test single user 1-1,text,true,,463,10422,1,1,http://localhost:3002/fir,8,0,0
1675771351722,12,FIr Creation Request,201,Created,Firs Test single user 1-1,text,true,,463,10422,1,1,http://localhost:3002/fir,12,0,0
1675771351735,7,FIr Creation Request,201,Created,Firs Test single user 1-1,text,true,,463,10422,1,1,http://localhost:3002/fir,7,0,0
1675771351743,136,FIr Creation Request,201,Created,Firs Test single user 1-1,text,true,,463,10422,1,1,http://localhost:3002/fir,136,0,0
1675771351881,7,FIr Creation Request,201,Created,Firs Test single user 1-1,text,true,,463,10422,1,1,http://localhost:3002/fir,7,0,0
1675771351889,7,FIr Creation Request,201,Created,Firs Test single user 1-1,text,true,,463,10422,1,1,http://localhost:3002/fir,7,0,0
1675771351897,11,FIr Creation Request,201,Created,Firs Test single user 1-1,text,true,,463,10422,1,1,http://localhost:3002/fir,11,0,0
1675771351909,8,FIr Creation Request,201,Created,Firs Test single user 1-1,text,true,,463,10422,1,1,http://localhost:3002/fir,8,0,0
1675771351918,11,FIr Creation Request,201,Created,Firs Test single user 1-1,text,true,,463,10422,1,1,http://localhost:3002/fir,11,0,0
1675771351930,8,FIr Creation Request,201,Created,Firs Test single user 1-1,text,true,,463,10422,1,1,http://localhost:3002/fir,8,0,1
1675771351939,7,FIr Creation Request,201,Created,Firs Test single user 1-1,text,true,,463,10422,1,1,http://localhost:3002/fir,7,0,0
1675771351947,6,FIr Creation Request,201,Created,Firs Test single user 1-1,text,true,,463,10422,1,1,http://localhost:3002/fir,6,0,0
1675771351954,8,FIr Creation Request,201,Created,Firs Test single user 1-1,text,true,,463,10422,1,1,http://localhost:3002/fir,8,0,0
1675771351963,6,FIr Creation Request,201,Created,Firs Test single user 1-1,text,true,,463,10422,1,1,http://localhost:3002/fir,6,0,0
1675771351970,8,FIr Creation Request,201,Created,Firs Test single user 1-1,text,true,,463,10422,1,1,http://localhost:3002/fir,8,0,1
1675771351979,7,FIr Creation Request,201,Created,Firs Test single user 1-1,text,true,,463,10422,1,1,http://localhost:3002/fir,7,0,0
1675771351987,6,FIr Creation Request,201,Created,Firs Test single user 1-1,text,true,,463,10422,1,1,http://localhost:3002/fir,6,0,1
1675771351994,6,FIr Creation Request,201,Created,Firs Test single user 1-1,text,true,,463,10422,1,1,http://localhost:3002/fir,6,0,1
1675771352001,6,FIr Creation Request,201,Created,Firs Test single user 1-1,text,true,,463,10422,1,1,http://localhost:3002/fir,6,0,0
1675771352008,6,FIr Creation Request,201,Created,Firs Test single user 1-1,text,true,,463,10422,1,1,http://localhost:3002/fir,6,0,0
1675771352016,9,FIr Creation Request,201,Created,Firs Test single user 1-1,text,true,,463,10422,1,1,http://localhost:3002/fir,9,0,0
1675771352026,9,FIr Creation Request,201,Created,Firs Test single user 1-1,text,true,,463,10422,1,1,http://localhost:3002/fir,9,0,0
1675771352037,8,FIr Creation Request,201,Created,Firs Test single user 1-1,text,true,,463,10422,1,1,http://localhost:3002/fir,8,0,0
1675771352046,8,FIr Creation Request,201,Created,Firs Test single user 1-1,text,true,,463,10422,1,1,http://localhost:3002/fir,8,0,0
1675771352055,6,FIr Creation Request,201,Created,Firs Test single user 1-1,text,true,,463,10422,1,1,http://localhost:3002/fir,6,0,0
1675771352062,8,FIr Creation Request,201,Created,Firs Test single user 1-1,text,true,,463,10422,1,1,http://localhost:3002/fir,8,0,0
1675771352071,13,FIr Creation Request,201,Created,Firs Test single user 1-1,text,true,,463,10422,1,1,http://localhost:3002/fir,13,0,1
1675771352085,6,FIr Creation Request,201,Created,Firs Test single user 1-1,text,true,,463,10422,1,1,http://localhost:3002/fir,6,0,0
1675771352092,8,FIr Creation Request,201,Created,Firs Test single user 1-1,text,true,,463,10422,1,1,http://localhost:3002/fir,8,0,1
1675771352101,7,FIr Creation Request,201,Created,Firs Test single user 1-1,text,true,,463,10422,1,1,http://localhost:3002/fir,7,0,1
1675771352109,7,FIr Creation Request,201,Created,Firs Test single user 1-1,text,true,,463,10422,1,1,http://localhost:3002/fir,7,0,0
1675771352117,7,FIr Creation Request,201,Created,Firs Test single user 1-1,text,true,,463,10422,1,1,http://localhost:3002/fir,7,0,0
1675771352125,11,FIr Creation Request,201,Created,Firs Test single user 1-1,text,true,,463,10422,1,1,http://localhost:3002/fir,11,0,1
1675771352137,8,FIr Creation Request,201,Created,Firs Test single user 1-1,text,true,,463,10422,1,1,http://localhost:3002/fir,8,0,0
1675771352152,7,FIr Creation Request,201,Created,Firs Test single user 1-1,text,true,,463,10422,1,1,http://localhost:3002/fir,7,0,0
1675771352161,6,FIr Creation Request,201,Created,Firs Test single user 1-1,text,true,,463,10422,1,1,http://localhost:3002/fir,6,0,0
1675771352168,7,FIr Creation Request,201,Created,Firs Test single user 1-1,text,true,,463,10422,1,1,http://localhost:3002/fir,7,0,0
1675771352176,6,FIr Creation Request,201,Created,Firs Test single user 1-1,text,true,,463,10422,1,1,http://localhost:3002/fir,6,0,0
1675771352184,7,FIr Creation Request,201,Created,Firs Test single user 1-1,text,true,,463,10422,1,1,http://localhost:3002/fir,7,0,0
1675771352192,8,FIr Creation Request,201,Created,Firs Test single user 1-1,text,true,,463,10422,1,1,http://localhost:3002/fir,8,0,0
1675771352201,7,FIr Creation Request,201,Created,Firs Test single user 1-1,text,true,,463,10422,1,1,http://localhost:3002/fir,7,0,0
1675771352209,7,FIr Creation Request,201,Created,Firs Test single user 1-1,text,true,,463,10422,1,1,http://localhost:3002/fir,7,0,0
1675771352217,7,FIr Creation Request,201,Created,Firs Test single user 1-1,text,true,,463,10422,1,1,http://localhost:3002/fir,7,0,0
1675771352225,12,FIr Creation Request,201,Created,Firs Test single user 1-1,text,true,,463,10422,1,1,http://localhost:3002/fir,12,0,1
1675771352238,6,FIr Creation Request,201,Created,Firs Test single user 1-1,text,true,,463,10422,1,1,http://localhost:3002/fir,6,0,0
1675771352245,8,FIr Creation Request,201,Created,Firs Test single user 1-1,text,true,,463,10422,1,1,http://localhost:3002/fir,8,0,1
1675771352254,7,FIr Creation Request,201,Created,Firs Test single user 1-1,text,true,,463,10422,1,1,http://localhost:3002/fir,7,0,0
1675771352262,8,FIr Creation Request,201,Created,Firs Test single user 1-1,text,true,,463,10422,1,1,http://localhost:3002/fir,8,0,1
1675771352271,7,FIr Creation Request,201,Created,Firs Test single user 1-1,text,true,,463,10422,1,1,http://localhost:3002/fir,7,0,1
1675771352279,8,FIr Creation Request,201,Created,Firs Test single user 1-1,text,true,,463,10422,1,1,http://localhost:3002/fir,8,0,0
1675771352288,7,FIr Creation Request,201,Created,Firs Test single user 1-1,text,true,,463,10422,1,1,http://localhost:3002/fir,7,0,0
1675771352296,7,FIr Creation Request,201,Created,Firs Test single user 1-1,text,true,,463,10422,1,1,http://localhost:3002/fir,7,0,0
1675771352304,8,FIr Creation Request,201,Created,Firs Test single user 1-1,text,true,,463,10422,1,1,http://localhost:3002/fir,8,0,0
1675771352313,6,FIr Creation Request,201,Created,Firs Test single user 1-1,text,true,,463,10422,1,1,http://localhost:3002/fir,6,0,0
1675771352321,8,FIr Creation Request,201,Created,Firs Test single user 1-1,text,true,,463,10422,1,1,http://localhost:3002/fir,8,0,0
1675771352330,6,FIr Creation Request,201,Created,Firs Test single user 1-1,text,true,,463,10422,1,1,http://localhost:3002/fir,6,0,0
1675771352337,8,FIr Creation Request,201,Created,Firs Test single user 1-1,text,true,,463,10422,1,1,http://localhost:3002/fir,8,0,1
1675771352346,39,FIr Creation Request,201,Created,Firs Test single user 1-1,text,true,,463,10422,1,1,http://localhost:3002/fir,39,0,0
1675771352386,8,FIr Creation Request,201,Created,Firs Test single user 1-1,text,true,,463,10422,1,1,http://localhost:3002/fir,8,0,0
1675771352395,10,FIr Creation Request,201,Created,Firs Test single user 1-1,text,true,,463,10422,1,1,http://localhost:3002/fir,10,0,0
1675771352406,6,FIr Creation Request,201,Created,Firs Test single user 1-1,text,true,,463,10422,1,1,http://localhost:3002/fir,6,0,0
1675771352413,7,FIr Creation Request,201,Created,Firs Test single user 1-1,text,true,,463,10422,1,1,http://localhost:3002/fir,7,0,1
1675771352421,7,FIr Creation Request,201,Created,Firs Test single user 1-1,text,true,,463,10422,1,1,http://localhost:3002/fir,7,0,0
1675771352430,7,FIr Creation Request,201,Created,Firs Test single user 1-1,text,true,,463,10422,1,1,http://localhost:3002/fir,7,0,0
1675771352439,6,FIr Creation Request,201,Created,Firs Test single user 1-1,text,true,,463,10422,1,1,http://localhost:3002/fir,6,0,0
1675771352446,8,FIr Creation Request,201,Created,Firs Test single user 1-1,text,true,,463,10422,1,1,http://localhost:3002/fir,8,0,0
1675771352455,7,FIr Creation Request,201,Created,Firs Test single user 1-1,text,true,,463,10422,1,1,http://localhost:3002/fir,7,0,0
1675771352463,9,FIr Creation Request,201,Created,Firs Test single user 1-1,text,true,,463,10422,1,1,http://localhost:3002/fir,9,0,0
1675771352473,6,FIr Creation Request,201,Created,Firs Test single user 1-1,text,true,,463,10422,1,1,http://localhost:3002/fir,6,0,0
1675771352480,7,FIr Creation Request,201,Created,Firs Test single user 1-1,text,true,,463,10422,1,1,http://localhost:3002/fir,7,0,1
1675771352488,7,FIr Creation Request,201,Created,Firs Test single user 1-1,text,true,,463,10422,1,1,http://localhost:3002/fir,7,0,0
1675771352496,7,FIr Creation Request,201,Created,Firs Test single user 1-1,text,true,,463,10422,1,1,http://localhost:3002/fir,7,0,1
1675771352504,8,FIr Creation Request,201,Created,Firs Test single user 1-1,text,true,,463,10422,1,1,http://localhost:3002/fir,8,0,1
1675771352513,7,FIr Creation Request,201,Created,Firs Test single user 1-1,text,true,,463,10422,1,1,http://localhost:3002/fir,7,0,0
1675771352521,7,FIr Creation Request,201,Created,Firs Test single user 1-1,text,true,,463,10422,1,1,http://localhost:3002/fir,7,0,1
1675771352530,7,FIr Creation Request,201,Created,Firs Test single user 1-1,text,true,,463,10422,1,1,http://localhost:3002/fir,7,0,0
1675771352538,8,FIr Creation Request,201,Created,Firs Test single user 1-1,text,true,,463,10422,1,1,http://localhost:3002/fir,8,0,0
1675771352547,7,FIr Creation Request,201,Created,Firs Test single user 1-1,text,true,,463,10422,1,1,http://localhost:3002/fir,7,0,0
1675771352555,6,FIr Creation Request,201,Created,Firs Test single user 1-1,text,true,,463,10422,1,1,http://localhost:3002/fir,6,0,0
1675771352563,6,FIr Creation Request,201,Created,Firs Test single user 1-1,text,true,,463,10422,1,1,http://localhost:3002/fir,6,0,0
1675771352571,6,FIr Creation Request,201,Created,Firs Test single user 1-1,text,true,,463,10422,1,1,http://localhost:3002/fir,6,0,0
1675771352578,6,FIr Creation Request,201,Created,Firs Test single user 1-1,text,true,,463,10422,1,1,http://localhost:3002/fir,6,0,1
1675771352586,6,FIr Creation Request,201,Created,Firs Test single user 1-1,text,true,,463,10422,1,1,http://localhost:3002/fir,6,0,0
1675771352593,7,FIr Creation Request,201,Created,Firs Test single user 1-1,text,true,,463,10422,1,1,http://localhost:3002/fir,7,0,0
1675771352601,7,FIr Creation Request,201,Created,Firs Test single user 1-1,text,true,,463,10422,1,1,http://localhost:3002/fir,7,0,1
1675771352609,8,FIr Creation Request,201,Created,Firs Test single user 1-1,text,true,,463,10422,1,1,http://localhost:3002/fir,8,0,1
1675771352618,8,FIr Creation Request,201,Created,Firs Test single user 1-1,text,true,,463,10422,1,1,http://localhost:3002/fir,8,0,1
1675771352627,7,FIr Creation Request,201,Created,Firs Test single user 1-1,text,true,,463,10422,1,1,http://localhost:3002/fir,7,0,0
1675771352635,7,FIr Creation Request,201,Created,Firs Test single user 1-1,text,true,,463,10422,1,1,http://localhost:3002/fir,7,0,0
1675771352643,7,FIr Creation Request,201,Created,Firs Test single user 1-1,text,true,,463,10422,1,1,http://localhost:3002/fir,7,0,0
1675771352651,7,FIr Creation Request,201,Created,Firs Test single user 1-1,text,true,,463,10422,1,1,http://localhost:3002/fir,7,0,1
1675771352662,10,FIr Creation Request,201,Created,Firs Test single user 1-1,text,true,,463,10422,1,1,http://localhost:3002/fir,10,0,0
1675771352673,6,FIr Creation Request,201,Created,Firs Test single user 1-1,text,true,,463,10422,1,1,http://localhost:3002/fir,6,0,0
1675771352680,7,FIr Creation Request,201,Created,Firs Test single user 1-1,text,true,,463,10422,1,1,http://localhost:3002/fir,7,0,1
1675771352688,7,FIr Creation Request,201,Created,Firs Test single user 1-1,text,true,,463,10422,1,1,http://localhost:3002/fir,7,0,1
1675771352696,8,FIr Creation Request,201,Created,Firs Test single user 1-1,text,true,,463,10422,1,1,http://localhost:3002/fir,8,0,1
1675771352705,7,FIr Creation Request,201,Created,Firs Test single user 1-1,text,true,,463,10422,1,1,http://localhost:3002/fir,7,0,1
1675771352713,7,FIr Creation Request,201,Created,Firs Test single user 1-1,text,true,,463,10422,1,1,http://localhost:3002/fir,7,0,1
1675771352722,6,FIr Creation Request,201,Created,Firs Test single user 1-1,text,true,,463,10422,1,1,http://localhost:3002/fir,6,0,0
1675771352729,6,FIr Creation Request,201,Created,Firs Test single user 1-1,text,true,,463,10422,1,1,http://localhost:3002/fir,6,0,0
1675771352736,7,FIr Creation Request,201,Created,Firs Test single user 1-1,text,true,,463,10422,1,1,http://localhost:3002/fir,7,0,1
1675771352744,6,FIr Creation Request,201,Created,Firs Test single user 1-1,text,true,,463,10422,1,1,http://localhost:3002/fir,6,0,0
1675771352751,9,FIr Creation Request,201,Created,Firs Test single user 1-1,text,true,,463,10422,1,1,http://localhost:3002/fir,9,0,0
1675771352761,9,FIr Creation Request,201,Created,Firs Test single user 1-1,text,true,,463,10422,1,1,http://localhost:3002/fir,9,0,1
1675771352771,8,FIr Creation Request,201,Created,Firs Test single user 1-1,text,true,,463,10422,1,1,http://localhost:3002/fir,8,0,0
1675771352780,7,FIr Creation Request,201,Created,Firs Test single user 1-1,text,true,,463,10422,1,1,http://localhost:3002/fir,7,0,0
1675771352788,12,FIr Creation Request,201,Created,Firs Test single user 1-1,text,true,,463,10422,1,1,http://localhost:3002/fir,12,0,0
1675771352801,8,FIr Creation Request,201,Created,Firs Test single user 1-1,text,true,,463,10422,1,1,http://localhost:3002/fir,8,0,0
1675771352811,6,FIr Creation Request,201,Created,Firs Test single user 1-1,text,true,,463,10422,1,1,http://localhost:3002/fir,6,0,0
1675771352818,7,FIr Creation Request,201,Created,Firs Test single user 1-1,text,true,,463,10422,1,1,http://localhost:3002/fir,7,0,0
1675771352833,9,FIr Creation Request,201,Created,Firs Test single user 1-1,text,true,,463,10422,1,1,http://localhost:3002/fir,9,0,0
1675771352843,7,FIr Creation Request,201,Created,Firs Test single user 1-1,text,true,,463,10422,1,1,http://localhost:3002/fir,7,0,0
1675771352851,7,FIr Creation Request,201,Created,Firs Test single user 1-1,text,true,,463,10422,1,1,http://localhost:3002/fir,7,0,1
1675771352860,6,FIr Creation Request,201,Created,Firs Test single user 1-1,text,true,,463,10422,1,1,http://localhost:3002/fir,6,0,0
1675771352867,7,FIr Creation Request,201,Created,Firs Test single user 1-1,text,true,,463,10422,1,1,http://localhost:3002/fir,7,0,0
1675771352876,6,FIr Creation Request,201,Created,Firs Test single user 1-1,text,true,,463,10422,1,1,http://localhost:3002/fir,6,0,0
1675771352883,6,FIr Creation Request,201,Created,Firs Test single user 1-1,text,true,,463,10422,1,1,http://localhost:3002/fir,6,0,0
1675771352891,7,FIr Creation Request,201,Created,Firs Test single user 1-1,text,true,,463,10422,1,1,http://localhost:3002/fir,7,0,0
1675771352899,7,FIr Creation Request,201,Created,Firs Test single user 1-1,text,true,,463,10422,1,1,http://localhost:3002/fir,7,0,1
1675771352907,11,FIr Creation Request,201,Created,Firs Test single user 1-1,text,true,,463,10422,1,1,http://localhost:3002/fir,11,0,0
1675771352919,7,FIr Creation Request,201,Created,Firs Test single user 1-1,text,true,,463,10422,1,1,http://localhost:3002/fir,7,0,1
1675771352927,7,FIr Creation Request,201,Created,Firs Test single user 1-1,text,true,,463,10422,1,1,http://localhost:3002/fir,7,0,1
1675771352935,7,FIr Creation Request,201,Created,Firs Test single user 1-1,text,true,,463,10422,1,1,http://localhost:3002/fir,7,0,0
1675771352943,7,FIr Creation Request,201,Created,Firs Test single user 1-1,text,true,,463,10422,1,1,http://localhost:3002/fir,7,0,0
1675771352951,8,FIr Creation Request,201,Created,Firs Test single user 1-1,text,true,,463,10422,1,1,http://localhost:3002/fir,8,0,0
1675771352960,6,FIr Creation Request,201,Created,Firs Test single user 1-1,text,true,,463,10422,1,1,http://localhost:3002/fir,6,0,0
1675771352967,9,FIr Creation Request,201,Created,Firs Test single user 1-1,text,true,,463,10422,1,1,http://localhost:3002/fir,9,0,1
1675771352977,7,FIr Creation Request,201,Created,Firs Test single user 1-1,text,true,,463,10422,1,1,http://localhost:3002/fir,7,0,0
1675771352985,7,FIr Creation Request,201,Created,Firs Test single user 1-1,text,true,,463,10422,1,1,http://localhost:3002/fir,7,0,0
1675771352993,7,FIr Creation Request,201,Created,Firs Test single user 1-1,text,true,,463,10422,1,1,http://localhost:3002/fir,7,0,0
1675771353001,8,FIr Creation Request,201,Created,Firs Test single user 1-1,text,true,,463,10422,1,1,http://localhost:3002/fir,8,0,0
1675771353011,6,FIr Creation Request,201,Created,Firs Test single user 1-1,text,true,,463,10422,1,1,http://localhost:3002/fir,6,0,0
1675771353018,8,FIr Creation Request,201,Created,Firs Test single user 1-1,text,true,,463,10422,1,1,http://localhost:3002/fir,8,0,0
1675771353028,6,FIr Creation Request,201,Created,Firs Test single user 1-1,text,true,,463,10422,1,1,http://localhost:3002/fir,6,0,0
1675771353035,7,FIr Creation Request,201,Created,Firs Test single user 1-1,text,true,,463,10422,1,1,http://localhost:3002/fir,7,0,1
1675771353043,11,FIr Creation Request,201,Created,Firs Test single user 1-1,text,true,,463,10422,1,1,http://localhost:3002/fir,11,0,1
1675771353055,8,FIr Creation Request,201,Created,Firs Test single user 1-1,text,true,,463,10422,1,1,http://localhost:3002/fir,8,0,0
1675771353064,479,FIr Creation Request,201,Created,Firs Test single user 1-1,text,true,,463,10422,1,1,http://localhost:3002/fir,479,0,1
1675771353544,42,FIr Creation Request,201,Created,Firs Test single user 1-1,text,true,,463,10422,1,1,http://localhost:3002/fir,42,0,0
1675771353588,7,FIr Creation Request,201,Created,Firs Test single user 1-1,text,true,,463,10422,1,1,http://localhost:3002/fir,7,0,1
1675771353596,28,FIr Creation Request,201,Created,Firs Test single user 1-1,text,true,,463,10422,1,1,http://localhost:3002/fir,28,0,1
1675771353626,7,FIr Creation Request,201,Created,Firs Test single user 1-1,text,true,,463,10422,1,1,http://localhost:3002/fir,7,0,0
1675771353634,8,FIr Creation Request,201,Created,Firs Test single user 1-1,text,true,,463,10422,1,1,http://localhost:3002/fir,8,0,0
1675771353643,8,FIr Creation Request,201,Created,Firs Test single user 1-1,text,true,,463,10422,1,1,http://localhost:3002/fir,8,0,0
1675771353653,6,FIr Creation Request,201,Created,Firs Test single user 1-1,text,true,,463,10422,1,1,http://localhost:3002/fir,6,0,0
1675771353661,7,FIr Creation Request,201,Created,Firs Test single user 1-1,text,true,,463,10422,1,1,http://localhost:3002/fir,7,0,0
1675771353669,7,FIr Creation Request,201,Created,Firs Test single user 1-1,text,true,,463,10422,1,1,http://localhost:3002/fir,7,0,0
1675771353677,6,FIr Creation Request,201,Created,Firs Test single user 1-1,text,true,,463,10422,1,1,http://localhost:3002/fir,6,0,0
1675771353687,9,FIr Creation Request,201,Created,Firs Test single user 1-1,text,true,,463,10422,1,1,http://localhost:3002/fir,9,0,0
1675771353698,6,FIr Creation Request,201,Created,Firs Test single user 1-1,text,true,,463,10422,1,1,http://localhost:3002/fir,6,0,0
1675771353705,8,FIr Creation Request,201,Created,Firs Test single user 1-1,text,true,,463,10422,1,1,http://localhost:3002/fir,8,0,1
1675771353714,7,FIr Creation Request,201,Created,Firs Test single user 1-1,text,true,,463,10422,1,1,http://localhost:3002/fir,7,0,0
1675771353722,7,FIr Creation Request,201,Created,Firs Test single user 1-1,text,true,,463,10422,1,1,http://localhost:3002/fir,7,0,0
1675771353730,8,FIr Creation Request,201,Created,Firs Test single user 1-1,text,true,,463,10422,1,1,http://localhost:3002/fir,8,0,0
1675771353740,5,FIr Creation Request,201,Created,Firs Test single user 1-1,text,true,,463,10422,1,1,http://localhost:3002/fir,5,0,0
1675771353746,7,FIr Creation Request,201,Created,Firs Test single user 1-1,text,true,,463,10422,1,1,http://localhost:3002/fir,7,0,1
1675771353754,7,FIr Creation Request,201,Created,Firs Test single user 1-1,text,true,,463,10422,1,1,http://localhost:3002/fir,7,0,0
1675771353762,9,FIr Creation Request,201,Created,Firs Test single user 1-1,text,true,,463,10422,1,1,http://localhost:3002/fir,9,0,0
1675771353772,6,FIr Creation Request,201,Created,Firs Test single user 1-1,text,true,,463,10422,1,1,http://localhost:3002/fir,6,0,1
1675771353779,6,FIr Creation Request,201,Created,Firs Test single user 1-1,text,true,,463,10422,1,1,http://localhost:3002/fir,6,0,1
1675771353787,12,FIr Creation Request,201,Created,Firs Test single user 1-1,text,true,,463,10422,1,1,http://localhost:3002/fir,12,0,0
1675771353801,11,FIr Creation Request,201,Created,Firs Test single user 1-1,text,true,,463,10422,1,1,http://localhost:3002/fir,11,0,0
1675771353813,9,FIr Creation Request,201,Created,Firs Test single user 1-1,text,true,,463,10422,1,1,http://localhost:3002/fir,9,0,1
1675771353823,6,FIr Creation Request,201,Created,Firs Test single user 1-1,text,true,,463,10422,1,1,http://localhost:3002/fir,6,0,0
1675771353830,8,FIr Creation Request,201,Created,Firs Test single user 1-1,text,true,,463,10422,1,1,http://localhost:3002/fir,8,0,0
1675771353839,7,FIr Creation Request,201,Created,Firs Test single user 1-1,text,true,,463,10422,1,1,http://localhost:3002/fir,7,0,1
1675771353847,7,FIr Creation Request,201,Created,Firs Test single user 1-1,text,true,,463,10422,1,1,http://localhost:3002/fir,7,0,0
1675771353858,7,FIr Creation Request,201,Created,Firs Test single user 1-1,text,true,,463,10422,1,1,http://localhost:3002/fir,7,0,0
1675771353866,6,FIr Creation Request,201,Created,Firs Test single user 1-1,text,true,,463,10422,1,1,http://localhost:3002/fir,6,0,1
1675771353874,6,FIr Creation Request,201,Created,Firs Test single user 1-1,text,true,,463,10422,1,1,http://localhost:3002/fir,6,0,0
1675771353881,6,FIr Creation Request,201,Created,Firs Test single user 1-1,text,true,,463,10422,1,1,http://localhost:3002/fir,6,0,0
1675771353888,8,FIr Creation Request,201,Created,Firs Test single user 1-1,text,true,,463,10422,1,1,http://localhost:3002/fir,8,0,1
1675771353897,7,FIr Creation Request,201,Created,Firs Test single user 1-1,text,true,,463,10422,1,1,http://localhost:3002/fir,7,0,1
1675771353906,7,FIr Creation Request,201,Created,Firs Test single user 1-1,text,true,,463,10422,1,1,http://localhost:3002/fir,7,0,0
1675771353914,7,FIr Creation Request,201,Created,Firs Test single user 1-1,text,true,,463,10422,1,1,http://localhost:3002/fir,7,0,0
1675771353922,7,FIr Creation Request,201,Created,Firs Test single user 1-1,text,true,,463,10422,1,1,http://localhost:3002/fir,7,0,0
1675771353930,8,FIr Creation Request,201,Created,Firs Test single user 1-1,text,true,,463,10422,1,1,http://localhost:3002/fir,8,0,1
1675771353939,7,FIr Creation Request,201,Created,Firs Test single user 1-1,text,true,,463,10422,1,1,http://localhost:3002/fir,7,0,0
1675771353947,7,FIr Creation Request,201,Created,Firs Test single user 1-1,text,true,,463,10422,1,1,http://localhost:3002/fir,7,0,0
1675771353955,8,FIr Creation Request,201,Created,Firs Test single user 1-1,text,true,,463,10422,1,1,http://localhost:3002/fir,8,0,0
1675771353964,7,FIr Creation Request,201,Created,Firs Test single user 1-1,text,true,,463,10422,1,1,http://localhost:3002/fir,7,0,0
1675771353972,8,FIr Creation Request,201,Created,Firs Test single user 1-1,text,true,,463,10422,1,1,http://localhost:3002/fir,8,0,0
1675771353981,7,FIr Creation Request,201,Created,Firs Test single user 1-1,text,true,,463,10422,1,1,http://localhost:3002/fir,7,0,0
1675771353989,7,FIr Creation Request,201,Created,Firs Test single user 1-1,text,true,,463,10422,1,1,http://localhost:3002/fir,7,0,0
1675771353997,9,FIr Creation Request,201,Created,Firs Test single user 1-1,text,true,,463,10422,1,1,http://localhost:3002/fir,9,0,0
1675771354007,10,FIr Creation Request,201,Created,Firs Test single user 1-1,text,true,,463,10422,1,1,http://localhost:3002/fir,10,0,0
1675771354018,8,FIr Creation Request,201,Created,Firs Test single user 1-1,text,true,,463,10422,1,1,http://localhost:3002/fir,8,0,0
1675771354028,6,FIr Creation Request,201,Created,Firs Test single user 1-1,text,true,,463,10422,1,1,http://localhost:3002/fir,6,0,0
1675771354035,7,FIr Creation Request,201,Created,Firs Test single user 1-1,text,true,,463,10422,1,1,http://localhost:3002/fir,7,0,0
1675771354043,6,FIr Creation Request,201,Created,Firs Test single user 1-1,text,true,,463,10422,1,1,http://localhost:3002/fir,6,0,0
1675771354050,6,FIr Creation Request,201,Created,Firs Test single user 1-1,text,true,,463,10422,1,1,http://localhost:3002/fir,6,0,0
1675771354057,12,FIr Creation Request,201,Created,Firs Test single user 1-1,text,true,,463,10422,1,1,http://localhost:3002/fir,12,0,0
1675771354070,6,FIr Creation Request,201,Created,Firs Test single user 1-1,text,true,,463,10422,1,1,http://localhost:3002/fir,6,0,0
1675771354077,7,FIr Creation Request,201,Created,Firs Test single user 1-1,text,true,,463,10422,1,1,http://localhost:3002/fir,7,0,0
1675771354085,8,FIr Creation Request,201,Created,Firs Test single user 1-1,text,true,,463,10422,1,1,http://localhost:3002/fir,8,0,1
1675771354094,9,FIr Creation Request,201,Created,Firs Test single user 1-1,text,true,,463,10422,1,1,http://localhost:3002/fir,9,0,0
1675771354104,9,FIr Creation Request,201,Created,Firs Test single user 1-1,text,true,,463,10422,1,1,http://localhost:3002/fir,9,0,0
1675771354115,6,FIr Creation Request,201,Created,Firs Test single user 1-1,text,true,,463,10422,1,1,http://localhost:3002/fir,6,0,0
1675771354122,8,FIr Creation Request,201,Created,Firs Test single user 1-1,text,true,,463,10422,1,1,http://localhost:3002/fir,8,0,1
1675771354131,6,FIr Creation Request,201,Created,Firs Test single user 1-1,text,true,,463,10422,1,1,http://localhost:3002/fir,6,0,0
1675771354138,8,FIr Creation Request,201,Created,Firs Test single user 1-1,text,true,,463,10422,1,1,http://localhost:3002/fir,8,0,1
1675771354147,6,FIr Creation Request,201,Created,Firs Test single user 1-1,text,true,,463,10422,1,1,http://localhost:3002/fir,6,0,0
1675771354154,6,FIr Creation Request,201,Created,Firs Test single user 1-1,text,true,,463,10422,1,1,http://localhost:3002/fir,6,0,0
1675771354161,6,FIr Creation Request,201,Created,Firs Test single user 1-1,text,true,,463,10422,1,1,http://localhost:3002/fir,6,0,0
1675771354168,7,FIr Creation Request,201,Created,Firs Test single user 1-1,text,true,,463,10422,1,1,http://localhost:3002/fir,7,0,0
1675771354176,9,FIr Creation Request,201,Created,Firs Test single user 1-1,text,true,,463,10422,1,1,http://localhost:3002/fir,9,0,1
1675771354186,7,FIr Creation Request,201,Created,Firs Test single user 1-1,text,true,,463,10422,1,1,http://localhost:3002/fir,7,0,0
1675771354201,8,FIr Creation Request,201,Created,Firs Test single user 1-1,text,true,,463,10422,1,1,http://localhost:3002/fir,8,0,0
1675771354210,8,FIr Creation Request,201,Created,Firs Test single user 1-1,text,true,,463,10422,1,1,http://localhost:3002/fir,8,0,1
1675771354219,7,FIr Creation Request,201,Created,Firs Test single user 1-1,text,true,,463,10422,1,1,http://localhost:3002/fir,7,0,0
1675771354228,6,FIr Creation Request,201,Created,Firs Test single user 1-1,text,true,,463,10422,1,1,http://localhost:3002/fir,6,0,0
1675771354235,8,FIr Creation Request,201,Created,Firs Test single user 1-1,text,true,,463,10422,1,1,http://localhost:3002/fir,8,0,0
1675771354244,7,FIr Creation Request,201,Created,Firs Test single user 1-1,text,true,,463,10422,1,1,http://localhost:3002/fir,7,0,0
1675771354252,11,FIr Creation Request,201,Created,Firs Test single user 1-1,text,true,,463,10422,1,1,http://localhost:3002/fir,11,0,1
1675771354264,7,FIr Creation Request,201,Created,Firs Test single user 1-1,text,true,,463,10422,1,1,http://localhost:3002/fir,7,0,1
1675771354272,8,FIr Creation Request,201,Created,Firs Test single user 1-1,text,true,,463,10422,1,1,http://localhost:3002/fir,8,0,1
1675771354281,7,FIr Creation Request,201,Created,Firs Test single user 1-1,text,true,,463,10422,1,1,http://localhost:3002/fir,7,0,0
1675771354289,7,FIr Creation Request,201,Created,Firs Test single user 1-1,text,true,,463,10422,1,1,http://localhost:3002/fir,7,0,1
1675771354298,6,FIr Creation Request,201,Created,Firs Test single user 1-1,text,true,,463,10422,1,1,http://localhost:3002/fir,6,0,0
1675771354305,6,FIr Creation Request,201,Created,Firs Test single user 1-1,text,true,,463,10422,1,1,http://localhost:3002/fir,6,0,0
1675771354312,6,FIr Creation Request,201,Created,Firs Test single user 1-1,text,true,,463,10422,1,1,http://localhost:3002/fir,6,0,0
1675771354319,7,FIr Creation Request,201,Created,Firs Test single user 1-1,text,true,,463,10422,1,1,http://localhost:3002/fir,7,0,0
1675771354327,7,FIr Creation Request,201,Created,Firs Test single user 1-1,text,true,,463,10422,1,1,http://localhost:3002/fir,7,0,0
1675771354335,8,FIr Creation Request,201,Created,Firs Test single user 1-1,text,true,,463,10422,1,1,http://localhost:3002/fir,8,0,1
1675771354345,6,FIr Creation Request,201,Created,Firs Test single user 1-1,text,true,,463,10422,1,1,http://localhost:3002/fir,6,0,0
1675771354353,7,FIr Creation Request,201,Created,Firs Test single user 1-1,text,true,,463,10422,1,1,http://localhost:3002/fir,7,0,0
1675771354361,7,FIr Creation Request,201,Created,Firs Test single user 1-1,text,true,,463,10422,1,1,http://localhost:3002/fir,7,0,0
1675771354371,10,FIr Creation Request,201,Created,Firs Test single user 1-1,text,true,,463,10422,1,1,http://localhost:3002/fir,10,0,0
1675771354382,6,FIr Creation Request,201,Created,Firs Test single user 1-1,text,true,,463,10422,1,1,http://localhost:3002/fir,6,0,0
1675771354390,6,FIr Creation Request,201,Created,Firs Test single user 1-1,text,true,,463,10422,1,1,http://localhost:3002/fir,6,0,0
1675771354398,7,FIr Creation Request,201,Created,Firs Test single user 1-1,text,true,,463,10422,1,1,http://localhost:3002/fir,7,0,0
1675771354406,10,FIr Creation Request,201,Created,Firs Test single user 1-1,text,true,,463,10422,1,1,http://localhost:3002/fir,10,0,1
1675771354418,376,FIr Creation Request,201,Created,Firs Test single user 1-1,text,true,,463,10422,1,1,http://localhost:3002/fir,376,0,0
1675771354796,339,FIr Creation Request,201,Created,Firs Test single user 1-1,text,true,,463,10422,1,1,http://localhost:3002/fir,339,0,0
1675771355140,23,FIr Creation Request,201,Created,Firs Test single user 1-1,text,true,,463,10422,1,1,http://localhost:3002/fir,23,0,1
1675771355164,11,FIr Creation Request,201,Created,Firs Test single user 1-1,text,true,,463,10422,1,1,http://localhost:3002/fir,11,0,1
1675771355176,7,FIr Creation Request,201,Created,Firs Test single user 1-1,text,true,,463,10422,1,1,http://localhost:3002/fir,7,0,0
1675771355185,6,FIr Creation Request,201,Created,Firs Test single user 1-1,text,true,,463,10422,1,1,http://localhost:3002/fir,6,0,0
1675771355193,9,FIr Creation Request,201,Created,Firs Test single user 1-1,text,true,,463,10422,1,1,http://localhost:3002/fir,9,0,0
1675771355203,13,FIr Creation Request,201,Created,Firs Test single user 1-1,text,true,,463,10422,1,1,http://localhost:3002/fir,13,0,0
1675771355217,7,FIr Creation Request,201,Created,Firs Test single user 1-1,text,true,,463,10422,1,1,http://localhost:3002/fir,7,0,0
1675771355229,9,FIr Creation Request,201,Created,Firs Test single user 1-1,text,true,,463,10422,1,1,http://localhost:3002/fir,9,0,0
1675771355239,7,FIr Creation Request,201,Created,Firs Test single user 1-1,text,true,,463,10422,1,1,http://localhost:3002/fir,7,0,0
1675771355247,6,FIr Creation Request,201,Created,Firs Test single user 1-1,text,true,,463,10422,1,1,http://localhost:3002/fir,6,0,0
1675771355255,6,FIr Creation Request,201,Created,Firs Test single user 1-1,text,true,,463,10422,1,1,http://localhost:3002/fir,6,0,0
1675771355262,6,FIr Creation Request,201,Created,Firs Test single user 1-1,text,true,,463,10422,1,1,http://localhost:3002/fir,6,0,0
1675771355269,7,FIr Creation Request,201,Created,Firs Test single user 1-1,text,true,,463,10422,1,1,http://localhost:3002/fir,7,0,1
1675771355277,7,FIr Creation Request,201,Created,Firs Test single user 1-1,text,true,,463,10422,1,1,http://localhost:3002/fir,7,0,1
1675771355286,6,FIr Creation Request,201,Created,Firs Test single user 1-1,text,true,,463,10422,1,1,http://localhost:3002/fir,6,0,0
1675771355293,6,FIr Creation Request,201,Created,Firs Test single user 1-1,text,true,,463,10422,1,1,http://localhost:3002/fir,6,0,0
1675771355301,6,FIr Creation Request,201,Created,Firs Test single user 1-1,text,true,,463,10422,1,1,http://localhost:3002/fir,6,0,0
1675771355308,6,FIr Creation Request,201,Created,Firs Test single user 1-1,text,true,,463,10422,1,1,http://localhost:3002/fir,6,0,0
1675771355315,6,FIr Creation Request,201,Created,Firs Test single user 1-1,text,true,,463,10422,1,1,http://localhost:3002/fir,6,0,0
1675771355323,8,FIr Creation Request,201,Created,Firs Test single user 1-1,text,true,,463,10422,1,1,http://localhost:3002/fir,8,0,0
1675771355333,6,FIr Creation Request,201,Created,Firs Test single user 1-1,text,true,,463,10422,1,1,http://localhost:3002/fir,6,0,0
1675771355340,7,FIr Creation Request,201,Created,Firs Test single user 1-1,text,true,,463,10422,1,1,http://localhost:3002/fir,7,0,1
1675771355348,7,FIr Creation Request,201,Created,Firs Test single user 1-1,text,true,,463,10422,1,1,http://localhost:3002/fir,7,0,1
1675771355357,7,FIr Creation Request,201,Created,Firs Test single user 1-1,text,true,,463,10422,1,1,http://localhost:3002/fir,7,0,0
1675771355365,7,FIr Creation Request,201,Created,Firs Test single user 1-1,text,true,,463,10422,1,1,http://localhost:3002/fir,7,0,0
1675771355373,7,FIr Creation Request,201,Created,Firs Test single user 1-1,text,true,,463,10422,1,1,http://localhost:3002/fir,7,0,0
1675771355381,8,FIr Creation Request,201,Created,Firs Test single user 1-1,text,true,,463,10422,1,1,http://localhost:3002/fir,8,0,1
1675771355391,5,FIr Creation Request,201,Created,Firs Test single user 1-1,text,true,,463,10422,1,1,http://localhost:3002/fir,5,0,0
1675771355399,8,FIr Creation Request,201,Created,Firs Test single user 1-1,text,true,,463,10422,1,1,http://localhost:3002/fir,8,0,0
1675771355408,6,FIr Creation Request,201,Created,Firs Test single user 1-1,text,true,,463,10422,1,1,http://localhost:3002/fir,6,0,1
1675771355415,7,FIr Creation Request,201,Created,Firs Test single user 1-1,text,true,,463,10422,1,1,http://localhost:3002/fir,7,0,0
1675771355423,7,FIr Creation Request,201,Created,Firs Test single user 1-1,text,true,,463,10422,1,1,http://localhost:3002/fir,7,0,0
1675771355431,9,FIr Creation Request,201,Created,Firs Test single user 1-1,text,true,,463,10422,1,1,http://localhost:3002/fir,9,0,0
1675771355441,7,FIr Creation Request,201,Created,Firs Test single user 1-1,text,true,,463,10422,1,1,http://localhost:3002/fir,7,0,1
1675771355449,7,FIr Creation Request,201,Created,Firs Test single user 1-1,text,true,,463,10422,1,1,http://localhost:3002/fir,7,0,0
1675771355458,6,FIr Creation Request,201,Created,Firs Test single user 1-1,text,true,,463,10422,1,1,http://localhost:3002/fir,6,0,0
1675771355465,8,FIr Creation Request,201,Created,Firs Test single user 1-1,text,true,,463,10422,1,1,http://localhost:3002/fir,8,0,0
1675771355474,6,FIr Creation Request,201,Created,Firs Test single user 1-1,text,true,,463,10422,1,1,http://localhost:3002/fir,6,0,0
1675771355481,7,FIr Creation Request,201,Created,Firs Test single user 1-1,text,true,,463,10422,1,1,http://localhost:3002/fir,7,0,1
1675771355489,6,FIr Creation Request,201,Created,Firs Test single user 1-1,text,true,,463,10422,1,1,http://localhost:3002/fir,6,0,0
1675771355496,6,FIr Creation Request,201,Created,Firs Test single user 1-1,text,true,,463,10422,1,1,http://localhost:3002/fir,6,0,1
1675771355503,7,FIr Creation Request,201,Created,Firs Test single user 1-1,text,true,,463,10422,1,1,http://localhost:3002/fir,7,0,1
1675771355511,8,FIr Creation Request,201,Created,Firs Test single user 1-1,text,true,,463,10422,1,1,http://localhost:3002/fir,8,0,1
1675771355520,8,FIr Creation Request,201,Created,Firs Test single user 1-1,text,true,,463,10422,1,1,http://localhost:3002/fir,8,0,0
1675771355529,6,FIr Creation Request,201,Created,Firs Test single user 1-1,text,true,,463,10422,1,1,http://localhost:3002/fir,6,0,0
1675771355537,7,FIr Creation Request,201,Created,Firs Test single user 1-1,text,true,,463,10422,1,1,http://localhost:3002/fir,7,0,0
1675771355545,10,FIr Creation Request,201,Created,Firs Test single user 1-1,text,true,,463,10422,1,1,http://localhost:3002/fir,10,0,0
1675771355556,9,FIr Creation Request,201,Created,Firs Test single user 1-1,text,true,,463,10422,1,1,http://localhost:3002/fir,9,0,0
1675771355566,11,FIr Creation Request,201,Created,Firs Test single user 1-1,text,true,,463,10422,1,1,http://localhost:3002/fir,11,0,0
1675771355578,7,FIr Creation Request,201,Created,Firs Test single user 1-1,text,true,,463,10422,1,1,http://localhost:3002/fir,7,0,0
1675771355586,9,FIr Creation Request,201,Created,Firs Test single user 1-1,text,true,,463,10422,1,1,http://localhost:3002/fir,9,0,0
1675771355596,6,FIr Creation Request,201,Created,Firs Test single user 1-1,text,true,,463,10422,1,1,http://localhost:3002/fir,6,0,1
1675771355603,8,FIr Creation Request,201,Created,Firs Test single user 1-1,text,true,,463,10422,1,1,http://localhost:3002/fir,8,0,1
1675771355612,6,FIr Creation Request,201,Created,Firs Test single user 1-1,text,true,,463,10422,1,1,http://localhost:3002/fir,6,0,0
1675771355619,8,FIr Creation Request,201,Created,Firs Test single user 1-1,text,true,,463,10422,1,1,http://localhost:3002/fir,8,0,0
1675771355628,7,FIr Creation Request,201,Created,Firs Test single user 1-1,text,true,,463,10422,1,1,http://localhost:3002/fir,7,0,0
1675771355637,7,FIr Creation Request,201,Created,Firs Test single user 1-1,text,true,,463,10422,1,1,http://localhost:3002/fir,7,0,0
1675771355645,8,FIr Creation Request,201,Created,Firs Test single user 1-1,text,true,,463,10422,1,1,http://localhost:3002/fir,8,0,0
1675771355654,7,FIr Creation Request,201,Created,Firs Test single user 1-1,text,true,,463,10422,1,1,http://localhost:3002/fir,7,0,0
1675771355662,6,FIr Creation Request,201,Created,Firs Test single user 1-1,text,true,,463,10422,1,1,http://localhost:3002/fir,6,0,0
1675771355670,7,FIr Creation Request,201,Created,Firs Test single user 1-1,text,true,,463,10422,1,1,http://localhost:3002/fir,7,0,0
1675771355678,7,FIr Creation Request,201,Created,Firs Test single user 1-1,text,true,,463,10422,1,1,http://localhost:3002/fir,7,0,1
1675771355687,7,FIr Creation Request,201,Created,Firs Test single user 1-1,text,true,,463,10422,1,1,http://localhost:3002/fir,7,0,0
1675771355695,7,FIr Creation Request,201,Created,Firs Test single user 1-1,text,true,,463,10422,1,1,http://localhost:3002/fir,7,0,0
1675771355703,7,FIr Creation Request,201,Created,Firs Test single user 1-1,text,true,,463,10422,1,1,http://localhost:3002/fir,7,0,0
1675771355711,8,FIr Creation Request,201,Created,Firs Test single user 1-1,text,true,,463,10422,1,1,http://localhost:3002/fir,8,0,1
1675771355720,8,FIr Creation Request,201,Created,Firs Test single user 1-1,text,true,,463,10422,1,1,http://localhost:3002/fir,8,0,0
1675771355729,6,FIr Creation Request,201,Created,Firs Test single user 1-1,text,true,,463,10422,1,1,http://localhost:3002/fir,6,0,0
1675771355739,9,FIr Creation Request,201,Created,Firs Test single user 1-1,text,true,,463,10422,1,1,http://localhost:3002/fir,9,0,0
1675771355749,7,FIr Creation Request,201,Created,Firs Test single user 1-1,text,true,,463,10422,1,1,http://localhost:3002/fir,7,0,0
1675771355758,6,FIr Creation Request,201,Created,Firs Test single user 1-1,text,true,,463,10422,1,1,http://localhost:3002/fir,6,0,0
1675771355766,6,FIr Creation Request,201,Created,Firs Test single user 1-1,text,true,,463,10422,1,1,http://localhost:3002/fir,6,0,0
1675771355773,265,FIr Creation Request,201,Created,Firs Test single user 1-1,text,true,,463,10422,1,1,http://localhost:3002/fir,265,0,1
1675771356042,32,FIr Creation Request,201,Created,Firs Test single user 1-1,text,true,,463,10422,1,1,http://localhost:3002/fir,32,0,0
1675771356076,328,FIr Creation Request,201,Created,Firs Test single user 1-1,text,true,,463,10422,1,1,http://localhost:3002/fir,328,0,0
1675771356409,35,FIr Creation Request,201,Created,Firs Test single user 1-1,text,true,,463,10422,1,1,http://localhost:3002/fir,35,0,0
1675771356446,6,FIr Creation Request,201,Created,Firs Test single user 1-1,text,true,,463,10422,1,1,http://localhost:3002/fir,6,0,0
1675771356453,8,FIr Creation Request,201,Created,Firs Test single user 1-1,text,true,,463,10422,1,1,http://localhost:3002/fir,8,0,0
1675771356462,6,FIr Creation Request,201,Created,Firs Test single user 1-1,text,true,,463,10422,1,1,http://localhost:3002/fir,6,0,0
1675771356470,7,FIr Creation Request,201,Created,Firs Test single user 1-1,text,true,,463,10422,1,1,http://localhost:3002/fir,7,0,0
1675771356478,8,FIr Creation Request,201,Created,Firs Test single user 1-1,text,true,,463,10422,1,1,http://localhost:3002/fir,8,0,1
1675771356487,7,FIr Creation Request,201,Created,Firs Test single user 1-1,text,true,,463,10422,1,1,http://localhost:3002/fir,7,0,1
1675771356496,7,FIr Creation Request,201,Created,Firs Test single user 1-1,text,true,,463,10422,1,1,http://localhost:3002/fir,7,0,0
1675771356504,7,FIr Creation Request,201,Created,Firs Test single user 1-1,text,true,,463,10422,1,1,http://localhost:3002/fir,7,0,1
1675771356512,7,FIr Creation Request,201,Created,Firs Test single user 1-1,text,true,,463,10422,1,1,http://localhost:3002/fir,7,0,0
1675771356520,7,FIr Creation Request,201,Created,Firs Test single user 1-1,text,true,,463,10422,1,1,http://localhost:3002/fir,7,0,0
1675771356528,8,FIr Creation Request,201,Created,Firs Test single user 1-1,text,true,,463,10422,1,1,http://localhost:3002/fir,8,0,1
1675771356537,7,FIr Creation Request,201,Created,Firs Test single user 1-1,text,true,,463,10422,1,1,http://localhost:3002/fir,7,0,1
1675771356546,7,FIr Creation Request,201,Created,Firs Test single user 1-1,text,true,,463,10422,1,1,http://localhost:3002/fir,7,0,0
1675771356554,7,FIr Creation Request,201,Created,Firs Test single user 1-1,text,true,,463,10422,1,1,http://localhost:3002/fir,7,0,0
1675771356562,7,FIr Creation Request,201,Created,Firs Test single user 1-1,text,true,,463,10422,1,1,http://localhost:3002/fir,7,0,0
1675771356570,8,FIr Creation Request,201,Created,Firs Test single user 1-1,text,true,,463,10422,1,1,http://localhost:3002/fir,8,0,1
1675771356580,6,FIr Creation Request,201,Created,Firs Test single user 1-1,text,true,,463,10422,1,1,http://localhost:3002/fir,6,0,0
1675771356587,8,FIr Creation Request,201,Created,Firs Test single user 1-1,text,true,,463,10422,1,1,http://localhost:3002/fir,8,0,1
1675771356596,7,FIr Creation Request,201,Created,Firs Test single user 1-1,text,true,,463,10422,1,1,http://localhost:3002/fir,7,0,0
1675771356604,7,FIr Creation Request,201,Created,Firs Test single user 1-1,text,true,,463,10422,1,1,http://localhost:3002/fir,7,0,1
1675771356612,7,FIr Creation Request,201,Created,Firs Test single user 1-1,text,true,,463,10422,1,1,http://localhost:3002/fir,7,0,0
1675771356620,8,FIr Creation Request,201,Created,Firs Test single user 1-1,text,true,,463,10422,1,1,http://localhost:3002/fir,8,0,1
1675771356629,7,FIr Creation Request,201,Created,Firs Test single user 1-1,text,true,,463,10422,1,1,http://localhost:3002/fir,7,0,0
1675771356637,12,FIr Creation Request,201,Created,Firs Test single user 1-1,text,true,,463,10422,1,1,http://localhost:3002/fir,12,0,1
1675771356650,7,FIr Creation Request,201,Created,Firs Test single user 1-1,text,true,,463,10422,1,1,http://localhost:3002/fir,7,0,0
1675771356658,7,FIr Creation Request,201,Created,Firs Test single user 1-1,text,true,,463,10422,1,1,http://localhost:3002/fir,7,0,0
1675771356666,7,FIr Creation Request,201,Created,Firs Test single user 1-1,text,true,,463,10422,1,1,http://localhost:3002/fir,7,0,0
1675771356674,7,FIr Creation Request,201,Created,Firs Test single user 1-1,text,true,,463,10422,1,1,http://localhost:3002/fir,7,0,0
1675771356682,8,FIr Creation Request,201,Created,Firs Test single user 1-1,text,true,,463,10422,1,1,http://localhost:3002/fir,8,0,1
1675771356691,7,FIr Creation Request,201,Created,Firs Test single user 1-1,text,true,,463,10422,1,1,http://localhost:3002/fir,7,0,0
1675771356699,7,FIr Creation Request,201,Created,Firs Test single user 1-1,text,true,,463,10422,1,1,http://localhost:3002/fir,7,0,0
1675771356707,7,FIr Creation Request,201,Created,Firs Test single user 1-1,text,true,,463,10422,1,1,http://localhost:3002/fir,7,0,1
1675771356715,6,FIr Creation Request,201,Created,Firs Test single user 1-1,text,true,,463,10422,1,1,http://localhost:3002/fir,6,0,0
1675771356722,7,FIr Creation Request,201,Created,Firs Test single user 1-1,text,true,,463,10422,1,1,http://localhost:3002/fir,7,0,1
1675771356730,5,FIr Creation Request,201,Created,Firs Test single user 1-1,text,true,,463,10422,1,1,http://localhost:3002/fir,5,0,0
1675771356737,5,FIr Creation Request,201,Created,Firs Test single user 1-1,text,true,,463,10422,1,1,http://localhost:3002/fir,5,0,0
1675771356744,5,FIr Creation Request,201,Created,Firs Test single user 1-1,text,true,,463,10422,1,1,http://localhost:3002/fir,5,0,0
1675771356751,6,FIr Creation Request,201,Created,Firs Test single user 1-1,text,true,,463,10422,1,1,http://localhost:3002/fir,6,0,0
1675771356761,9,FIr Creation Request,201,Created,Firs Test single user 1-1,text,true,,463,10422,1,1,http://localhost:3002/fir,9,0,1
1675771356771,15,FIr Creation Request,201,Created,Firs Test single user 1-1,text,true,,463,10422,1,1,http://localhost:3002/fir,15,0,0
1675771356788,7,FIr Creation Request,201,Created,Firs Test single user 1-1,text,true,,463,10422,1,1,http://localhost:3002/fir,7,0,0
1675771356796,12,FIr Creation Request,201,Created,Firs Test single user 1-1,text,true,,463,10422,1,1,http://localhost:3002/fir,12,0,0
1675771356809,6,FIr Creation Request,201,Created,Firs Test single user 1-1,text,true,,463,10422,1,1,http://localhost:3002/fir,6,0,0
1675771356816,7,FIr Creation Request,201,Created,Firs Test single user 1-1,text,true,,463,10422,1,1,http://localhost:3002/fir,7,0,0
1675771356824,7,FIr Creation Request,201,Created,Firs Test single user 1-1,text,true,,463,10422,1,1,http://localhost:3002/fir,7,0,1
1675771356833,7,FIr Creation Request,201,Created,Firs Test single user 1-1,text,true,,463,10422,1,1,http://localhost:3002/fir,7,0,0
1675771356841,7,FIr Creation Request,201,Created,Firs Test single user 1-1,text,true,,463,10422,1,1,http://localhost:3002/fir,7,0,0
1675771356850,7,FIr Creation Request,201,Created,Firs Test single user 1-1,text,true,,463,10422,1,1,http://localhost:3002/fir,7,0,0
1675771356858,7,FIr Creation Request,201,Created,Firs Test single user 1-1,text,true,,463,10422,1,1,http://localhost:3002/fir,7,0,1
1675771356866,7,FIr Creation Request,201,Created,Firs Test single user 1-1,text,true,,463,10422,1,1,http://localhost:3002/fir,7,0,0
1675771356874,8,FIr Creation Request,201,Created,Firs Test single user 1-1,text,true,,463,10422,1,1,http://localhost:3002/fir,8,0,1
1675771356883,7,FIr Creation Request,201,Created,Firs Test single user 1-1,text,true,,463,10422,1,1,http://localhost:3002/fir,7,0,1
1675771356891,8,FIr Creation Request,201,Created,Firs Test single user 1-1,text,true,,463,10422,1,1,http://localhost:3002/fir,8,0,1
1675771356900,7,FIr Creation Request,201,Created,Firs Test single user 1-1,text,true,,463,10422,1,1,http://localhost:3002/fir,7,0,0
1675771356908,6,FIr Creation Request,201,Created,Firs Test single user 1-1,text,true,,463,10422,1,1,http://localhost:3002/fir,6,0,0
1675771356916,6,FIr Creation Request,201,Created,Firs Test single user 1-1,text,true,,463,10422,1,1,http://localhost:3002/fir,6,0,0
1675771356923,6,FIr Creation Request,201,Created,Firs Test single user 1-1,text,true,,463,10422,1,1,http://localhost:3002/fir,6,0,1
1675771356933,7,FIr Creation Request,201,Created,Firs Test single user 1-1,text,true,,463,10422,1,1,http://localhost:3002/fir,7,0,0
1675771356941,7,FIr Creation Request,201,Created,Firs Test single user 1-1,text,true,,463,10422,1,1,http://localhost:3002/fir,7,0,1
1675771356949,8,FIr Creation Request,201,Created,Firs Test single user 1-1,text,true,,463,10422,1,1,http://localhost:3002/fir,8,0,0
1675771356958,12,FIr Creation Request,201,Created,Firs Test single user 1-1,text,true,,463,10422,1,1,http://localhost:3002/fir,12,0,0
1675771356971,10,FIr Creation Request,201,Created,Firs Test single user 1-1,text,true,,463,10422,1,1,http://localhost:3002/fir,10,0,0
1675771356983,7,FIr Creation Request,201,Created,Firs Test single user 1-1,text,true,,463,10422,1,1,http://localhost:3002/fir,7,0,0
1675771356991,7,FIr Creation Request,201,Created,Firs Test single user 1-1,text,true,,463,10422,1,1,http://localhost:3002/fir,7,0,0
1675771356999,8,FIr Creation Request,201,Created,Firs Test single user 1-1,text,true,,463,10422,1,1,http://localhost:3002/fir,8,0,1
1675771357008,7,FIr Creation Request,201,Created,Firs Test single user 1-1,text,true,,463,10422,1,1,http://localhost:3002/fir,7,0,0
1675771357017,6,FIr Creation Request,201,Created,Firs Test single user 1-1,text,true,,463,10422,1,1,http://localhost:3002/fir,6,0,0
1675771357024,8,FIr Creation Request,201,Created,Firs Test single user 1-1,text,true,,463,10422,1,1,http://localhost:3002/fir,8,0,0
1675771357033,6,FIr Creation Request,201,Created,Firs Test single user 1-1,text,true,,463,10422,1,1,http://localhost:3002/fir,6,0,0
1675771357041,7,FIr Creation Request,201,Created,Firs Test single user 1-1,text,true,,463,10422,1,1,http://localhost:3002/fir,7,0,0
1675771357049,8,FIr Creation Request,201,Created,Firs Test single user 1-1,text,true,,463,10422,1,1,http://localhost:3002/fir,8,0,1
1675771357058,7,FIr Creation Request,201,Created,Firs Test single user 1-1,text,true,,463,10422,1,1,http://localhost:3002/fir,7,0,0
1675771357066,7,FIr Creation Request,201,Created,Firs Test single user 1-1,text,true,,463,10422,1,1,http://localhost:3002/fir,7,0,0
1675771357075,7,FIr Creation Request,201,Created,Firs Test single user 1-1,text,true,,463,10422,1,1,http://localhost:3002/fir,7,0,0
1675771357083,7,FIr Creation Request,201,Created,Firs Test single user 1-1,text,true,,463,10422,1,1,http://localhost:3002/fir,7,0,0
1675771357091,7,FIr Creation Request,201,Created,Firs Test single user 1-1,text,true,,463,10422,1,1,http://localhost:3002/fir,7,0,0
1675771357099,8,FIr Creation Request,201,Created,Firs Test single user 1-1,text,true,,463,10422,1,1,http://localhost:3002/fir,8,0,1
1675771357108,7,FIr Creation Request,201,Created,Firs Test single user 1-1,text,true,,463,10422,1,1,http://localhost:3002/fir,7,0,0
1675771357116,8,FIr Creation Request,201,Created,Firs Test single user 1-1,text,true,,463,10422,1,1,http://localhost:3002/fir,8,0,0
1675771357125,11,FIr Creation Request,201,Created,Firs Test single user 1-1,text,true,,463,10422,1,1,http://localhost:3002/fir,11,0,0
1675771357137,8,FIr Creation Request,201,Created,Firs Test single user 1-1,text,true,,463,10422,1,1,http://localhost:3002/fir,8,0,0
1675771357146,8,FIr Creation Request,201,Created,Firs Test single user 1-1,text,true,,463,10422,1,1,http://localhost:3002/fir,8,0,0
1675771357156,250,FIr Creation Request,201,Created,Firs Test single user 1-1,text,true,,463,10422,1,1,http://localhost:3002/fir,250,0,0
1675771357408,9,FIr Creation Request,201,Created,Firs Test single user 1-1,text,true,,463,10422,1,1,http://localhost:3002/fir,9,0,0
1675771357419,8,FIr Creation Request,201,Created,Firs Test single user 1-1,text,true,,463,10422,1,1,http://localhost:3002/fir,8,0,0
1675771357428,7,FIr Creation Request,201,Created,Firs Test single user 1-1,text,true,,463,10422,1,1,http://localhost:3002/fir,7,0,0
1675771357436,6,FIr Creation Request,201,Created,Firs Test single user 1-1,text,true,,463,10422,1,1,http://localhost:3002/fir,6,0,0
1675771357447,6,FIr Creation Request,201,Created,Firs Test single user 1-1,text,true,,463,10422,1,1,http://localhost:3002/fir,6,0,0
1675771357455,7,FIr Creation Request,201,Created,Firs Test single user 1-1,text,true,,463,10422,1,1,http://localhost:3002/fir,7,0,0
1675771357463,7,FIr Creation Request,201,Created,Firs Test single user 1-1,text,true,,463,10422,1,1,http://localhost:3002/fir,7,0,0
1675771357471,8,FIr Creation Request,201,Created,Firs Test single user 1-1,text,true,,463,10422,1,1,http://localhost:3002/fir,8,0,0
1675771357480,6,FIr Creation Request,201,Created,Firs Test single user 1-1,text,true,,463,10422,1,1,http://localhost:3002/fir,6,0,0
1675771357487,8,FIr Creation Request,201,Created,Firs Test single user 1-1,text,true,,463,10422,1,1,http://localhost:3002/fir,8,0,1
1675771357496,8,FIr Creation Request,201,Created,Firs Test single user 1-1,text,true,,463,10422,1,1,http://localhost:3002/fir,8,0,0
1675771357505,7,FIr Creation Request,201,Created,Firs Test single user 1-1,text,true,,463,10422,1,1,http://localhost:3002/fir,7,0,0
1675771357513,8,FIr Creation Request,201,Created,Firs Test single user 1-1,text,true,,463,10422,1,1,http://localhost:3002/fir,8,0,1
1675771357523,7,FIr Creation Request,201,Created,Firs Test single user 1-1,text,true,,463,10422,1,1,http://localhost:3002/fir,7,0,0
1675771357531,9,FIr Creation Request,201,Created,Firs Test single user 1-1,text,true,,463,10422,1,1,http://localhost:3002/fir,9,0,0
1675771357542,7,FIr Creation Request,201,Created,Firs Test single user 1-1,text,true,,463,10422,1,1,http://localhost:3002/fir,7,0,0
1675771357550,7,FIr Creation Request,201,Created,Firs Test single user 1-1,text,true,,463,10422,1,1,http://localhost:3002/fir,7,0,1
1675771357558,7,FIr Creation Request,201,Created,Firs Test single user 1-1,text,true,,463,10422,1,1,http://localhost:3002/fir,7,0,1
1675771357566,9,FIr Creation Request,201,Created,Firs Test single user 1-1,text,true,,463,10422,1,1,http://localhost:3002/fir,9,0,0
1675771357576,7,FIr Creation Request,201,Created,Firs Test single user 1-1,text,true,,463,10422,1,1,http://localhost:3002/fir,7,0,0
1675771357584,6,FIr Creation Request,201,Created,Firs Test single user 1-1,text,true,,463,10422,1,1,http://localhost:3002/fir,6,0,0
1675771357591,7,FIr Creation Request,201,Created,Firs Test single user 1-1,text,true,,463,10422,1,1,http://localhost:3002/fir,7,0,1
1675771357599,6,FIr Creation Request,201,Created,Firs Test single user 1-1,text,true,,463,10422,1,1,http://localhost:3002/fir,6,0,0
1675771357606,6,FIr Creation Request,201,Created,Firs Test single user 1-1,text,true,,463,10422,1,1,http://localhost:3002/fir,6,0,0
1675771357613,6,FIr Creation Request,201,Created,Firs Test single user 1-1,text,true,,463,10422,1,1,http://localhost:3002/fir,6,0,0
1675771357620,6,FIr Creation Request,201,Created,Firs Test single user 1-1,text,true,,463,10422,1,1,http://localhost:3002/fir,6,0,0
1675771357628,5,FIr Creation Request,201,Created,Firs Test single user 1-1,text,true,,463,10422,1,1,http://localhost:3002/fir,5,0,0
1675771357635,7,FIr Creation Request,201,Created,Firs Test single user 1-1,text,true,,463,10422,1,1,http://localhost:3002/fir,7,0,0
1675771357643,11,FIr Creation Request,201,Created,Firs Test single user 1-1,text,true,,463,10422,1,1,http://localhost:3002/fir,11,0,0
1675771357655,7,FIr Creation Request,201,Created,Firs Test single user 1-1,text,true,,463,10422,1,1,http://localhost:3002/fir,7,0,0
1675771357663,7,FIr Creation Request,201,Created,Firs Test single user 1-1,text,true,,463,10422,1,1,http://localhost:3002/fir,7,0,1
1675771357672,8,FIr Creation Request,201,Created,Firs Test single user 1-1,text,true,,463,10422,1,1,http://localhost:3002/fir,8,0,0
1675771357681,7,FIr Creation Request,201,Created,Firs Test single user 1-1,text,true,,463,10422,1,1,http://localhost:3002/fir,7,0,0
1675771357689,7,FIr Creation Request,201,Created,Firs Test single user 1-1,text,true,,463,10422,1,1,http://localhost:3002/fir,7,0,0
1675771357697,8,FIr Creation Request,201,Created,Firs Test single user 1-1,text,true,,463,10422,1,1,http://localhost:3002/fir,8,0,0
1675771357706,6,FIr Creation Request,201,Created,Firs Test single user 1-1,text,true,,463,10422,1,1,http://localhost:3002/fir,6,0,0
1675771357713,8,FIr Creation Request,201,Created,Firs Test single user 1-1,text,true,,463,10422,1,1,http://localhost:3002/fir,8,0,0
1675771357722,7,FIr Creation Request,201,Created,Firs Test single user 1-1,text,true,,463,10422,1,1,http://localhost:3002/fir,7,0,0
1675771357730,8,FIr Creation Request,201,Created,Firs Test single user 1-1,text,true,,463,10422,1,1,http://localhost:3002/fir,8,0,0
1675771357739,6,FIr Creation Request,201,Created,Firs Test single user 1-1,text,true,,463,10422,1,1,http://localhost:3002/fir,6,0,0
1675771357747,8,FIr Creation Request,201,Created,Firs Test single user 1-1,text,true,,463,10422,1,1,http://localhost:3002/fir,8,0,0
1675771357756,7,FIr Creation Request,201,Created,Firs Test single user 1-1,text,true,,463,10422,1,1,http://localhost:3002/fir,7,0,0
1675771357764,7,FIr Creation Request,201,Created,Firs Test single user 1-1,text,true,,463,10422,1,1,http://localhost:3002/fir,7,0,0
1675771357772,7,FIr Creation Request,201,Created,Firs Test single user 1-1,text,true,,463,10422,1,1,http://localhost:3002/fir,7,0,1
1675771357781,6,FIr Creation Request,201,Created,Firs Test single user 1-1,text,true,,463,10422,1,1,http://localhost:3002/fir,6,0,0
1675771357791,9,FIr Creation Request,201,Created,Firs Test single user 1-1,text,true,,463,10422,1,1,http://localhost:3002/fir,9,0,0
1675771357802,6,FIr Creation Request,201,Created,Firs Test single user 1-1,text,true,,463,10422,1,1,http://localhost:3002/fir,6,0,0
1675771357809,15,FIr Creation Request,201,Created,Firs Test single user 1-1,text,true,,463,10422,1,1,http://localhost:3002/fir,15,0,0
1675771357825,13,FIr Creation Request,201,Created,Firs Test single user 1-1,text,true,,463,10422,1,1,http://localhost:3002/fir,13,0,1
1675771357839,7,FIr Creation Request,201,Created,Firs Test single user 1-1,text,true,,463,10422,1,1,http://localhost:3002/fir,7,0,0
1675771357846,7,FIr Creation Request,201,Created,Firs Test single user 1-1,text,true,,463,10422,1,1,http://localhost:3002/fir,7,0,0
1675771357854,7,FIr Creation Request,201,Created,Firs Test single user 1-1,text,true,,463,10422,1,1,http://localhost:3002/fir,7,0,0
1675771357862,8,FIr Creation Request,201,Created,Firs Test single user 1-1,text,true,,463,10422,1,1,http://localhost:3002/fir,8,0,1
1675771357871,7,FIr Creation Request,201,Created,Firs Test single user 1-1,text,true,,463,10422,1,1,http://localhost:3002/fir,7,0,0
1675771357879,7,FIr Creation Request,201,Created,Firs Test single user 1-1,text,true,,463,10422,1,1,http://localhost:3002/fir,7,0,0
1675771357888,6,FIr Creation Request,201,Created,Firs Test single user 1-1,text,true,,463,10422,1,1,http://localhost:3002/fir,6,0,0
1675771357896,7,FIr Creation Request,201,Created,Firs Test single user 1-1,text,true,,463,10422,1,1,http://localhost:3002/fir,7,0,0
1675771357904,8,FIr Creation Request,201,Created,Firs Test single user 1-1,text,true,,463,10422,1,1,http://localhost:3002/fir,8,0,0
1675771357913,8,FIr Creation Request,201,Created,Firs Test single user 1-1,text,true,,463,10422,1,1,http://localhost:3002/fir,8,0,1
1675771357922,7,FIr Creation Request,201,Created,Firs Test single user 1-1,text,true,,463,10422,1,1,http://localhost:3002/fir,7,0,0
1675771357930,7,FIr Creation Request,201,Created,Firs Test single user 1-1,text,true,,463,10422,1,1,http://localhost:3002/fir,7,0,0
1675771357938,7,FIr Creation Request,201,Created,Firs Test single user 1-1,text,true,,463,10422,1,1,http://localhost:3002/fir,7,0,1
1675771357946,7,FIr Creation Request,201,Created,Firs Test single user 1-1,text,true,,463,10422,1,1,http://localhost:3002/fir,7,0,0
1675771357961,9,FIr Creation Request,201,Created,Firs Test single user 1-1,text,true,,463,10422,1,1,http://localhost:3002/fir,9,0,0
1675771357971,8,FIr Creation Request,201,Created,Firs Test single user 1-1,text,true,,463,10422,1,1,http://localhost:3002/fir,8,0,0
1675771357980,7,FIr Creation Request,201,Created,Firs Test single user 1-1,text,true,,463,10422,1,1,http://localhost:3002/fir,7,0,0
1675771357988,7,FIr Creation Request,201,Created,Firs Test single user 1-1,text,true,,463,10422,1,1,http://localhost:3002/fir,7,0,0
1675771357996,7,FIr Creation Request,201,Created,Firs Test single user 1-1,text,true,,463,10422,1,1,http://localhost:3002/fir,7,0,0
1675771358004,8,FIr Creation Request,201,Created,Firs Test single user 1-1,text,true,,463,10422,1,1,http://localhost:3002/fir,8,0,1
1675771358013,7,FIr Creation Request,201,Created,Firs Test single user 1-1,text,true,,463,10422,1,1,http://localhost:3002/fir,7,0,0
1675771358021,7,FIr Creation Request,201,Created,Firs Test single user 1-1,text,true,,463,10422,1,1,http://localhost:3002/fir,7,0,0
1675771358029,6,FIr Creation Request,201,Created,Firs Test single user 1-1,text,true,,463,10422,1,1,http://localhost:3002/fir,6,0,0
1675771358036,6,FIr Creation Request,201,Created,Firs Test single user 1-1,text,true,,463,10422,1,1,http://localhost:3002/fir,6,0,1
1675771358044,6,FIr Creation Request,201,Created,Firs Test single user 1-1,text,true,,463,10422,1,1,http://localhost:3002/fir,6,0,0
1675771358052,6,FIr Creation Request,201,Created,Firs Test single user 1-1,text,true,,463,10422,1,1,http://localhost:3002/fir,6,0,0
1675771358059,7,FIr Creation Request,201,Created,Firs Test single user 1-1,text,true,,463,10422,1,1,http://localhost:3002/fir,7,0,0
1675771358067,6,FIr Creation Request,201,Created,Firs Test single user 1-1,text,true,,463,10422,1,1,http://localhost:3002/fir,6,0,1
1675771358075,6,FIr Creation Request,201,Created,Firs Test single user 1-1,text,true,,463,10422,1,1,http://localhost:3002/fir,6,0,0
1675771358083,12,FIr Creation Request,201,Created,Firs Test single user 1-1,text,true,,463,10422,1,1,http://localhost:3002/fir,12,0,0
1675771358096,7,FIr Creation Request,201,Created,Firs Test single user 1-1,text,true,,463,10422,1,1,http://localhost:3002/fir,7,0,0
1675771358104,8,FIr Creation Request,201,Created,Firs Test single user 1-1,text,true,,463,10422,1,1,http://localhost:3002/fir,8,0,1
1675771358113,7,FIr Creation Request,201,Created,Firs Test single user 1-1,text,true,,463,10422,1,1,http://localhost:3002/fir,7,0,0
1675771358121,7,FIr Creation Request,201,Created,Firs Test single user 1-1,text,true,,463,10422,1,1,http://localhost:3002/fir,7,0,0
1675771358130,6,FIr Creation Request,201,Created,Firs Test single user 1-1,text,true,,463,10422,1,1,http://localhost:3002/fir,6,0,0
1675771358137,8,FIr Creation Request,201,Created,Firs Test single user 1-1,text,true,,463,10422,1,1,http://localhost:3002/fir,8,0,1
1675771358146,7,FIr Creation Request,201,Created,Firs Test single user 1-1,text,true,,463,10422,1,1,http://localhost:3002/fir,7,0,0
1675771358154,8,FIr Creation Request,201,Created,Firs Test single user 1-1,text,true,,463,10422,1,1,http://localhost:3002/fir,8,0,1
1675771358164,6,FIr Creation Request,201,Created,Firs Test single user 1-1,text,true,,463,10422,1,1,http://localhost:3002/fir,6,0,0
1675771358171,6,FIr Creation Request,201,Created,Firs Test single user 1-1,text,true,,463,10422,1,1,http://localhost:3002/fir,6,0,0
1675771358179,5,FIr Creation Request,201,Created,Firs Test single user 1-1,text,true,,463,10422,1,1,http://localhost:3002/fir,5,0,0
1675771358186,9,FIr Creation Request,201,Created,Firs Test single user 1-1,text,true,,463,10422,1,1,http://localhost:3002/fir,9,0,0
1675771358196,7,FIr Creation Request,201,Created,Firs Test single user 1-1,text,true,,463,10422,1,1,http://localhost:3002/fir,7,0,0
1675771358205,10,FIr Creation Request,201,Created,Firs Test single user 1-1,text,true,,463,10422,1,1,http://localhost:3002/fir,10,0,0
1675771358216,7,FIr Creation Request,201,Created,Firs Test single user 1-1,text,true,,463,10422,1,1,http://localhost:3002/fir,7,0,1
1675771358225,7,FIr Creation Request,201,Created,Firs Test single user 1-1,text,true,,463,10422,1,1,http://localhost:3002/fir,7,0,0
1675771358233,8,FIr Creation Request,201,Created,Firs Test single user 1-1,text,true,,463,10422,1,1,http://localhost:3002/fir,8,0,0
1675771358242,6,FIr Creation Request,201,Created,Firs Test single user 1-1,text,true,,463,10422,1,1,http://localhost:3002/fir,6,0,0
1675771358250,7,FIr Creation Request,201,Created,Firs Test single user 1-1,text,true,,463,10422,1,1,http://localhost:3002/fir,7,0,0
1675771358258,7,FIr Creation Request,201,Created,Firs Test single user 1-1,text,true,,463,10422,1,1,http://localhost:3002/fir,7,0,0
1675771358267,7,FIr Creation Request,201,Created,Firs Test single user 1-1,text,true,,463,10422,1,1,http://localhost:3002/fir,7,0,0
1675771358275,7,FIr Creation Request,201,Created,Firs Test single user 1-1,text,true,,463,10422,1,1,http://localhost:3002/fir,7,0,1
1675771358283,7,FIr Creation Request,201,Created,Firs Test single user 1-1,text,true,,463,10422,1,1,http://localhost:3002/fir,7,0,0
1675771358291,7,FIr Creation Request,201,Created,Firs Test single user 1-1,text,true,,463,10422,1,1,http://localhost:3002/fir,7,0,1
1675771358301,8,FIr Creation Request,201,Created,Firs Test single user 1-1,text,true,,463,10422,1,1,http://localhost:3002/fir,8,0,1
1675771358310,6,FIr Creation Request,201,Created,Firs Test single user 1-1,text,true,,463,10422,1,1,http://localhost:3002/fir,6,0,0
1675771358317,7,FIr Creation Request,201,Created,Firs Test single user 1-1,text,true,,463,10422,1,1,http://localhost:3002/fir,7,0,0
1675771358326,6,FIr Creation Request,201,Created,Firs Test single user 1-1,text,true,,463,10422,1,1,http://localhost:3002/fir,6,0,0
1675771358334,7,FIr Creation Request,201,Created,Firs Test single user 1-1,text,true,,463,10422,1,1,http://localhost:3002/fir,7,0,0
1675771358342,6,FIr Creation Request,201,Created,Firs Test single user 1-1,text,true,,463,10422,1,1,http://localhost:3002/fir,6,0,0
1675771358350,6,FIr Creation Request,201,Created,Firs Test single user 1-1,text,true,,463,10422,1,1,http://localhost:3002/fir,6,0,0
1675771358357,6,FIr Creation Request,201,Created,Firs Test single user 1-1,text,true,,463,10422,1,1,http://localhost:3002/fir,6,0,0
1675771358364,6,FIr Creation Request,201,Created,Firs Test single user 1-1,text,true,,463,10422,1,1,http://localhost:3002/fir,6,0,0
1675771358372,6,FIr Creation Request,201,Created,Firs Test single user 1-1,text,true,,463,10422,1,1,http://localhost:3002/fir,6,0,0
1675771358380,6,FIr Creation Request,201,Created,Firs Test single user 1-1,text,true,,463,10422,1,1,http://localhost:3002/fir,6,0,0
1675771358387,7,FIr Creation Request,201,Created,Firs Test single user 1-1,text,true,,463,10422,1,1,http://localhost:3002/fir,7,0,1
1675771358395,6,FIr Creation Request,201,Created,Firs Test single user 1-1,text,true,,463,10422,1,1,http://localhost:3002/fir,6,0,0
1675771358402,6,FIr Creation Request,201,Created,Firs Test single user 1-1,text,true,,463,10422,1,1,http://localhost:3002/fir,6,0,1
1675771358410,10,FIr Creation Request,201,Created,Firs Test single user 1-1,text,true,,463,10422,1,1,http://localhost:3002/fir,10,0,0
1675771358422,7,FIr Creation Request,201,Created,Firs Test single user 1-1,text,true,,463,10422,1,1,http://localhost:3002/fir,7,0,0
1675771358430,8,FIr Creation Request,201,Created,Firs Test single user 1-1,text,true,,463,10422,1,1,http://localhost:3002/fir,8,0,1
1675771358439,6,FIr Creation Request,201,Created,Firs Test single user 1-1,text,true,,463,10422,1,1,http://localhost:3002/fir,6,0,0
1675771358446,8,FIr Creation Request,201,Created,Firs Test single user 1-1,text,true,,463,10422,1,1,http://localhost:3002/fir,8,0,1
1675771358455,10,FIr Creation Request,201,Created,Firs Test single user 1-1,text,true,,463,10422,1,1,http://localhost:3002/fir,10,0,0
1675771358473,7,FIr Creation Request,201,Created,Firs Test single user 1-1,text,true,,463,10422,1,1,http://localhost:3002/fir,7,0,0
1675771358481,6,FIr Creation Request,201,Created,Firs Test single user 1-1,text,true,,463,10422,1,1,http://localhost:3002/fir,6,0,1
1675771358488,6,FIr Creation Request,201,Created,Firs Test single user 1-1,text,true,,463,10422,1,1,http://localhost:3002/fir,6,0,1
1675771358496,6,FIr Creation Request,201,Created,Firs Test single user 1-1,text,true,,463,10422,1,1,http://localhost:3002/fir,6,0,0
1675771358503,7,FIr Creation Request,201,Created,Firs Test single user 1-1,text,true,,463,10422,1,1,http://localhost:3002/fir,7,0,1
1675771358511,561,FIr Creation Request,201,Created,Firs Test single user 1-1,text,true,,463,10422,1,1,http://localhost:3002/fir,561,0,0
1675771359074,7,FIr Creation Request,201,Created,Firs Test single user 1-1,text,true,,463,10422,1,1,http://localhost:3002/fir,7,0,0
1675771359082,6,FIr Creation Request,201,Created,Firs Test single user 1-1,text,true,,463,10422,1,1,http://localhost:3002/fir,6,0,1
1675771359090,6,FIr Creation Request,201,Created,Firs Test single user 1-1,text,true,,463,10422,1,1,http://localhost:3002/fir,6,0,0
1675771359098,28,FIr Creation Request,201,Created,Firs Test single user 1-1,text,true,,463,10422,1,1,http://localhost:3002/fir,28,0,0
1675771359127,7,FIr Creation Request,201,Created,Firs Test single user 1-1,text,true,,463,10422,1,1,http://localhost:3002/fir,7,0,0
1675771359135,8,FIr Creation Request,201,Created,Firs Test single user 1-1,text,true,,463,10422,1,1,http://localhost:3002/fir,8,0,0
1675771359144,7,FIr Creation Request,201,Created,Firs Test single user 1-1,text,true,,463,10422,1,1,http://localhost:3002/fir,7,0,0
1675771359152,6,FIr Creation Request,201,Created,Firs Test single user 1-1,text,true,,463,10422,1,1,http://localhost:3002/fir,6,0,0
1675771359159,11,FIr Creation Request,201,Created,Firs Test single user 1-1,text,true,,463,10422,1,1,http://localhost:3002/fir,11,0,0
1675771359171,6,FIr Creation Request,201,Created,Firs Test single user 1-1,text,true,,463,10422,1,1,http://localhost:3002/fir,6,0,0
1675771359178,8,FIr Creation Request,201,Created,Firs Test single user 1-1,text,true,,463,10422,1,1,http://localhost:3002/fir,8,0,0
1675771359187,6,FIr Creation Request,201,Created,Firs Test single user 1-1,text,true,,463,10422,1,1,http://localhost:3002/fir,6,0,0
1675771359194,7,FIr Creation Request,201,Created,Firs Test single user 1-1,text,true,,463,10422,1,1,http://localhost:3002/fir,7,0,0
1675771359202,171,FIr Creation Request,201,Created,Firs Test single user 1-1,text,true,,463,10422,1,1,http://localhost:3002/fir,171,0,0
1675771359377,9,FIr Creation Request,201,Created,Firs Test single user 1-1,text,true,,463,10422,1,1,http://localhost:3002/fir,9,0,1
1675771359387,11,FIr Creation Request,201,Created,Firs Test single user 1-1,text,true,,463,10422,1,1,http://localhost:3002/fir,11,0,1
1675771359475,9,FIr Creation Request,201,Created,Firs Test single user 1-1,text,true,,463,10422,1,1,http://localhost:3002/fir,9,0,0
1675771359485,6,FIr Creation Request,201,Created,Firs Test single user 1-1,text,true,,463,10422,1,1,http://localhost:3002/fir,6,0,1
1675771359495,9,FIr Creation Request,201,Created,Firs Test single user 1-1,text,true,,463,10422,1,1,http://localhost:3002/fir,9,0,0
1675771359505,6,FIr Creation Request,201,Created,Firs Test single user 1-1,text,true,,463,10422,1,1,http://localhost:3002/fir,6,0,0
1675771359513,7,FIr Creation Request,201,Created,Firs Test single user 1-1,text,true,,463,10422,1,1,http://localhost:3002/fir,7,0,0
1675771359521,6,FIr Creation Request,201,Created,Firs Test single user 1-1,text,true,,463,10422,1,1,http://localhost:3002/fir,6,0,0
1675771359528,7,FIr Creation Request,201,Created,Firs Test single user 1-1,text,true,,463,10422,1,1,http://localhost:3002/fir,7,0,0
1675771359536,6,FIr Creation Request,201,Created,Firs Test single user 1-1,text,true,,463,10422,1,1,http://localhost:3002/fir,6,0,0
1675771359543,6,FIr Creation Request,201,Created,Firs Test single user 1-1,text,true,,463,10422,1,1,http://localhost:3002/fir,6,0,1
1675771359550,8,FIr Creation Request,201,Created,Firs Test single user 1-1,text,true,,463,10422,1,1,http://localhost:3002/fir,8,0,1
1675771359559,7,FIr Creation Request,201,Created,Firs Test single user 1-1,text,true,,463,10422,1,1,http://localhost:3002/fir,7,0,0
1675771359567,7,FIr Creation Request,201,Created,Firs Test single user 1-1,text,true,,463,10422,1,1,http://localhost:3002/fir,7,0,0
1675771359575,8,FIr Creation Request,201,Created,Firs Test single user 1-1,text,true,,463,10422,1,1,http://localhost:3002/fir,8,0,0
1675771359584,7,FIr Creation Request,201,Created,Firs Test single user 1-1,text,true,,463,10422,1,1,http://localhost:3002/fir,7,0,0
1675771359592,8,FIr Creation Request,201,Created,Firs Test single user 1-1,text,true,,463,10422,1,1,http://localhost:3002/fir,8,0,0
1675771359602,6,FIr Creation Request,201,Created,Firs Test single user 1-1,text,true,,463,10422,1,1,http://localhost:3002/fir,6,0,0
1675771359610,6,FIr Creation Request,201,Created,Firs Test single user 1-1,text,true,,463,10422,1,1,http://localhost:3002/fir,6,0,0
1675771359618,6,FIr Creation Request,201,Created,Firs Test single user 1-1,text,true,,463,10422,1,1,http://localhost:3002/fir,6,0,0
1675771359626,12,FIr Creation Request,201,Created,Firs Test single user 1-1,text,true,,463,10422,1,1,http://localhost:3002/fir,12,0,0
1675771359639,7,FIr Creation Request,201,Created,Firs Test single user 1-1,text,true,,463,10422,1,1,http://localhost:3002/fir,7,0,1
1675771359647,8,FIr Creation Request,201,Created,Firs Test single user 1-1,text,true,,463,10422,1,1,http://localhost:3002/fir,8,0,0
1675771359656,7,FIr Creation Request,201,Created,Firs Test single user 1-1,text,true,,463,10422,1,1,http://localhost:3002/fir,7,0,0
1675771359664,7,FIr Creation Request,201,Created,Firs Test single user 1-1,text,true,,463,10422,1,1,http://localhost:3002/fir,7,0,1
1675771359672,7,FIr Creation Request,201,Created,Firs Test single user 1-1,text,true,,463,10422,1,1,http://localhost:3002/fir,7,0,1
1675771359680,11,FIr Creation Request,201,Created,Firs Test single user 1-1,text,true,,463,10422,1,1,http://localhost:3002/fir,11,0,1
1675771359692,13,FIr Creation Request,201,Created,Firs Test single user 1-1,text,true,,463,10422,1,1,http://localhost:3002/fir,13,0,1
1675771359706,7,FIr Creation Request,201,Created,Firs Test single user 1-1,text,true,,463,10422,1,1,http://localhost:3002/fir,7,0,0
1675771359714,7,FIr Creation Request,201,Created,Firs Test single user 1-1,text,true,,463,10422,1,1,http://localhost:3002/fir,7,0,0
1675771359722,8,FIr Creation Request,201,Created,Firs Test single user 1-1,text,true,,463,10422,1,1,http://localhost:3002/fir,8,0,0
1675771359731,7,FIr Creation Request,201,Created,Firs Test single user 1-1,text,true,,463,10422,1,1,http://localhost:3002/fir,7,0,0
1675771359739,7,FIr Creation Request,201,Created,Firs Test single user 1-1,text,true,,463,10422,1,1,http://localhost:3002/fir,7,0,0
1675771359747,7,FIr Creation Request,201,Created,Firs Test single user 1-1,text,true,,463,10422,1,1,http://localhost:3002/fir,7,0,1
1675771359756,7,FIr Creation Request,201,Created,Firs Test single user 1-1,text,true,,463,10422,1,1,http://localhost:3002/fir,7,0,0
1675771359765,6,FIr Creation Request,201,Created,Firs Test single user 1-1,text,true,,463,10422,1,1,http://localhost:3002/fir,6,0,0
1675771359773,8,FIr Creation Request,201,Created,Firs Test single user 1-1,text,true,,463,10422,1,1,http://localhost:3002/fir,8,0,0
1675771359782,7,FIr Creation Request,201,Created,Firs Test single user 1-1,text,true,,463,10422,1,1,http://localhost:3002/fir,7,0,1
1675771359790,6,FIr Creation Request,201,Created,Firs Test single user 1-1,text,true,,463,10422,1,1,http://localhost:3002/fir,6,0,0
1675771359797,11,FIr Creation Request,201,Created,Firs Test single user 1-1,text,true,,463,10422,1,1,http://localhost:3002/fir,11,0,1
1675771359809,7,FIr Creation Request,201,Created,Firs Test single user 1-1,text,true,,463,10422,1,1,http://localhost:3002/fir,7,0,1
1675771359817,9,FIr Creation Request,201,Created,Firs Test single user 1-1,text,true,,463,10422,1,1,http://localhost:3002/fir,9,0,1
1675771359827,6,FIr Creation Request,201,Created,Firs Test single user 1-1,text,true,,463,10422,1,1,http://localhost:3002/fir,6,0,0
1675771359835,7,FIr Creation Request,201,Created,Firs Test single user 1-1,text,true,,463,10422,1,1,http://localhost:3002/fir,7,0,1
1675771359843,7,FIr Creation Request,201,Created,Firs Test single user 1-1,text,true,,463,10422,1,1,http://localhost:3002/fir,7,0,0
1675771359851,7,FIr Creation Request,201,Created,Firs Test single user 1-1,text,true,,463,10422,1,1,http://localhost:3002/fir,7,0,0
1675771359860,6,FIr Creation Request,201,Created,Firs Test single user 1-1,text,true,,463,10422,1,1,http://localhost:3002/fir,6,0,0
1675771359867,15,FIr Creation Request,201,Created,Firs Test single user 1-1,text,true,,463,10422,1,1,http://localhost:3002/fir,15,0,1
1675771359883,325,FIr Creation Request,201,Created,Firs Test single user 1-1,text,true,,463,10422,1,1,http://localhost:3002/fir,325,0,0
1675771360210,7,FIr Creation Request,201,Created,Firs Test single user 1-1,text,true,,463,10422,1,1,http://localhost:3002/fir,7,0,1
1675771360219,6,FIr Creation Request,201,Created,Firs Test single user 1-1,text,true,,463,10422,1,1,http://localhost:3002/fir,6,0,0
1675771360226,8,FIr Creation Request,201,Created,Firs Test single user 1-1,text,true,,463,10422,1,1,http://localhost:3002/fir,8,0,0
1675771360235,6,FIr Creation Request,201,Created,Firs Test single user 1-1,text,true,,463,10422,1,1,http://localhost:3002/fir,6,0,0
1675771360242,7,FIr Creation Request,201,Created,Firs Test single user 1-1,text,true,,463,10422,1,1,http://localhost:3002/fir,7,0,0
1675771360250,6,FIr Creation Request,201,Created,Firs Test single user 1-1,text,true,,463,10422,1,1,http://localhost:3002/fir,6,0,0
1675771360257,9,FIr Creation Request,201,Created,Firs Test single user 1-1,text,true,,463,10422,1,1,http://localhost:3002/fir,9,0,0
1675771360268,7,FIr Creation Request,201,Created,Firs Test single user 1-1,text,true,,463,10422,1,1,http://localhost:3002/fir,7,0,0
1675771360276,6,FIr Creation Request,201,Created,Firs Test single user 1-1,text,true,,463,10422,1,1,http://localhost:3002/fir,6,0,0
1675771360284,6,FIr Creation Request,201,Created,Firs Test single user 1-1,text,true,,463,10422,1,1,http://localhost:3002/fir,6,0,0
1675771360291,227,FIr Creation Request,201,Created,Firs Test single user 1-1,text,true,,463,10422,1,1,http://localhost:3002/fir,227,0,0
1675771360523,7,FIr Creation Request,201,Created,Firs Test single user 1-1,text,true,,463,10422,1,1,http://localhost:3002/fir,7,0,0
1675771360531,7,FIr Creation Request,201,Created,Firs Test single user 1-1,text,true,,463,10422,1,1,http://localhost:3002/fir,7,0,0
1675771360539,7,FIr Creation Request,201,Created,Firs Test single user 1-1,text,true,,463,10422,1,1,http://localhost:3002/fir,7,0,0
1675771360548,6,FIr Creation Request,201,Created,Firs Test single user 1-1,text,true,,463,10422,1,1,http://localhost:3002/fir,6,0,0
1675771360555,8,FIr Creation Request,201,Created,Firs Test single user 1-1,text,true,,463,10422,1,1,http://localhost:3002/fir,8,0,1
1675771360564,8,FIr Creation Request,201,Created,Firs Test single user 1-1,text,true,,463,10422,1,1,http://localhost:3002/fir,8,0,0
1675771360573,12,FIr Creation Request,201,Created,Firs Test single user 1-1,text,true,,463,10422,1,1,http://localhost:3002/fir,12,0,0
1675771360586,7,FIr Creation Request,201,Created,Firs Test single user 1-1,text,true,,463,10422,1,1,http://localhost:3002/fir,7,0,0
1675771360594,6,FIr Creation Request,201,Created,Firs Test single user 1-1,text,true,,463,10422,1,1,http://localhost:3002/fir,6,0,0
1675771360601,7,FIr Creation Request,201,Created,Firs Test single user 1-1,text,true,,463,10422,1,1,http://localhost:3002/fir,7,0,1
1675771360609,9,FIr Creation Request,201,Created,Firs Test single user 1-1,text,true,,463,10422,1,1,http://localhost:3002/fir,9,0,1
1675771360619,8,FIr Creation Request,201,Created,Firs Test single user 1-1,text,true,,463,10422,1,1,http://localhost:3002/fir,8,0,0
1675771360628,10,FIr Creation Request,201,Created,Firs Test single user 1-1,text,true,,463,10422,1,1,http://localhost:3002/fir,10,0,0
1675771360639,8,FIr Creation Request,201,Created,Firs Test single user 1-1,text,true,,463,10422,1,1,http://localhost:3002/fir,8,0,0
1675771360648,7,FIr Creation Request,201,Created,Firs Test single user 1-1,text,true,,463,10422,1,1,http://localhost:3002/fir,7,0,1
1675771360656,7,FIr Creation Request,201,Created,Firs Test single user 1-1,text,true,,463,10422,1,1,http://localhost:3002/fir,7,0,0
1675771360664,8,FIr Creation Request,201,Created,Firs Test single user 1-1,text,true,,463,10422,1,1,http://localhost:3002/fir,8,0,0
1675771360673,7,FIr Creation Request,201,Created,Firs Test single user 1-1,text,true,,463,10422,1,1,http://localhost:3002/fir,7,0,1
1675771360681,8,FIr Creation Request,201,Created,Firs Test single user 1-1,text,true,,463,10422,1,1,http://localhost:3002/fir,8,0,0
1675771360690,7,FIr Creation Request,201,Created,Firs Test single user 1-1,text,true,,463,10422,1,1,http://localhost:3002/fir,7,0,1
1675771360699,6,FIr Creation Request,201,Created,Firs Test single user 1-1,text,true,,463,10422,1,1,http://localhost:3002/fir,6,0,0
1675771360706,8,FIr Creation Request,201,Created,Firs Test single user 1-1,text,true,,463,10422,1,1,http://localhost:3002/fir,8,0,0
1675771360715,7,FIr Creation Request,201,Created,Firs Test single user 1-1,text,true,,463,10422,1,1,http://localhost:3002/fir,7,0,0
1675771360723,7,FIr Creation Request,201,Created,Firs Test single user 1-1,text,true,,463,10422,1,1,http://localhost:3002/fir,7,0,0
1675771360732,8,FIr Creation Request,201,Created,Firs Test single user 1-1,text,true,,463,10422,1,1,http://localhost:3002/fir,8,0,0
1675771360742,6,FIr Creation Request,201,Created,Firs Test single user 1-1,text,true,,463,10422,1,1,http://localhost:3002/fir,6,0,0
1675771360749,7,FIr Creation Request,201,Created,Firs Test single user 1-1,text,true,,463,10422,1,1,http://localhost:3002/fir,7,0,0
1675771360757,7,FIr Creation Request,201,Created,Firs Test single user 1-1,text,true,,463,10422,1,1,http://localhost:3002/fir,7,0,0
1675771360765,10,FIr Creation Request,201,Created,Firs Test single user 1-1,text,true,,463,10422,1,1,http://localhost:3002/fir,10,0,0
1675771360777,6,FIr Creation Request,201,Created,Firs Test single user 1-1,text,true,,463,10422,1,1,http://localhost:3002/fir,6,0,0
1675771360784,6,FIr Creation Request,201,Created,Firs Test single user 1-1,text,true,,463,10422,1,1,http://localhost:3002/fir,6,0,0
1675771360791,10,FIr Creation Request,201,Created,Firs Test single user 1-1,text,true,,463,10422,1,1,http://localhost:3002/fir,10,0,0
1675771360802,7,FIr Creation Request,201,Created,Firs Test single user 1-1,text,true,,463,10422,1,1,http://localhost:3002/fir,7,0,0
1675771360810,8,FIr Creation Request,201,Created,Firs Test single user 1-1,text,true,,463,10422,1,1,http://localhost:3002/fir,8,0,1
1675771360819,6,FIr Creation Request,201,Created,Firs Test single user 1-1,text,true,,463,10422,1,1,http://localhost:3002/fir,6,0,0
1675771360827,7,FIr Creation Request,201,Created,Firs Test single user 1-1,text,true,,463,10422,1,1,http://localhost:3002/fir,7,0,0
1675771360835,7,FIr Creation Request,201,Created,Firs Test single user 1-1,text,true,,463,10422,1,1,http://localhost:3002/fir,7,0,0
1675771360844,7,FIr Creation Request,201,Created,Firs Test single user 1-1,text,true,,463,10422,1,1,http://localhost:3002/fir,7,0,0
1675771360857,11,FIr Creation Request,201,Created,Firs Test single user 1-1,text,true,,463,10422,1,1,http://localhost:3002/fir,11,0,0
1675771360870,6,FIr Creation Request,201,Created,Firs Test single user 1-1,text,true,,463,10422,1,1,http://localhost:3002/fir,6,0,0
1675771360877,8,FIr Creation Request,201,Created,Firs Test single user 1-1,text,true,,463,10422,1,1,http://localhost:3002/fir,8,0,0
1675771360886,6,FIr Creation Request,201,Created,Firs Test single user 1-1,text,true,,463,10422,1,1,http://localhost:3002/fir,6,0,0
1675771360893,8,FIr Creation Request,201,Created,Firs Test single user 1-1,text,true,,463,10422,1,1,http://localhost:3002/fir,8,0,0
1675771360902,7,FIr Creation Request,201,Created,Firs Test single user 1-1,text,true,,463,10422,1,1,http://localhost:3002/fir,7,0,0
1675771360910,8,FIr Creation Request,201,Created,Firs Test single user 1-1,text,true,,463,10422,1,1,http://localhost:3002/fir,8,0,1
1675771360919,7,FIr Creation Request,201,Created,Firs Test single user 1-1,text,true,,463,10422,1,1,http://localhost:3002/fir,7,0,0
1675771360927,7,FIr Creation Request,201,Created,Firs Test single user 1-1,text,true,,463,10422,1,1,http://localhost:3002/fir,7,0,0
1675771360935,8,FIr Creation Request,201,Created,Firs Test single user 1-1,text,true,,463,10422,1,1,http://localhost:3002/fir,8,0,1
1675771360944,7,FIr Creation Request,201,Created,Firs Test single user 1-1,text,true,,463,10422,1,1,http://localhost:3002/fir,7,0,0
1675771360952,7,FIr Creation Request,201,Created,Firs Test single user 1-1,text,true,,463,10422,1,1,http://localhost:3002/fir,7,0,0
1675771360961,6,FIr Creation Request,201,Created,Firs Test single user 1-1,text,true,,463,10422,1,1,http://localhost:3002/fir,6,0,0
1675771360969,7,FIr Creation Request,201,Created,Firs Test single user 1-1,text,true,,463,10422,1,1,http://localhost:3002/fir,7,0,0
1675771360977,7,FIr Creation Request,201,Created,Firs Test single user 1-1,text,true,,463,10422,1,1,http://localhost:3002/fir,7,0,1
1675771360985,7,FIr Creation Request,201,Created,Firs Test single user 1-1,text,true,,463,10422,1,1,http://localhost:3002/fir,7,0,0
1675771360993,6,FIr Creation Request,201,Created,Firs Test single user 1-1,text,true,,463,10422,1,1,http://localhost:3002/fir,6,0,0
1675771361000,7,FIr Creation Request,201,Created,Firs Test single user 1-1,text,true,,463,10422,1,1,http://localhost:3002/fir,7,0,1
1675771361008,7,FIr Creation Request,201,Created,Firs Test single user 1-1,text,true,,463,10422,1,1,http://localhost:3002/fir,7,0,1
1675771361016,9,FIr Creation Request,201,Created,Firs Test single user 1-1,text,true,,463,10422,1,1,http://localhost:3002/fir,9,0,0
1675771361027,6,FIr Creation Request,201,Created,Firs Test single user 1-1,text,true,,463,10422,1,1,http://localhost:3002/fir,6,0,0
1675771361034,6,FIr Creation Request,201,Created,Firs Test single user 1-1,text,true,,463,10422,1,1,http://localhost:3002/fir,6,0,0
1675771361041,6,FIr Creation Request,201,Created,Firs Test single user 1-1,text,true,,463,10422,1,1,http://localhost:3002/fir,6,0,0
1675771361049,7,FIr Creation Request,201,Created,Firs Test single user 1-1,text,true,,463,10422,1,1,http://localhost:3002/fir,7,0,0
1675771361057,8,FIr Creation Request,201,Created,Firs Test single user 1-1,text,true,,463,10422,1,1,http://localhost:3002/fir,8,0,0
1675771361066,7,FIr Creation Request,201,Created,Firs Test single user 1-1,text,true,,463,10422,1,1,http://localhost:3002/fir,7,0,0
1675771361074,8,FIr Creation Request,201,Created,Firs Test single user 1-1,text,true,,463,10422,1,1,http://localhost:3002/fir,8,0,0
1675771361083,6,FIr Creation Request,201,Created,Firs Test single user 1-1,text,true,,463,10422,1,1,http://localhost:3002/fir,6,0,0
1675771361090,8,FIr Creation Request,201,Created,Firs Test single user 1-1,text,true,,463,10422,1,1,http://localhost:3002/fir,8,0,1
1675771361099,7,FIr Creation Request,201,Created,Firs Test single user 1-1,text,true,,463,10422,1,1,http://localhost:3002/fir,7,0,0
1675771361107,7,FIr Creation Request,201,Created,Firs Test single user 1-1,text,true,,463,10422,1,1,http://localhost:3002/fir,7,0,0
1675771361116,7,FIr Creation Request,201,Created,Firs Test single user 1-1,text,true,,463,10422,1,1,http://localhost:3002/fir,7,0,0
1675771361124,7,FIr Creation Request,201,Created,Firs Test single user 1-1,text,true,,463,10422,1,1,http://localhost:3002/fir,7,0,0
1675771361132,10,FIr Creation Request,201,Created,Firs Test single user 1-1,text,true,,463,10422,1,1,http://localhost:3002/fir,10,0,0
1675771361143,7,FIr Creation Request,201,Created,Firs Test single user 1-1,text,true,,463,10422,1,1,http://localhost:3002/fir,7,0,0
1675771361151,6,FIr Creation Request,201,Created,Firs Test single user 1-1,text,true,,463,10422,1,1,http://localhost:3002/fir,6,0,0
1675771361158,6,FIr Creation Request,201,Created,Firs Test single user 1-1,text,true,,463,10422,1,1,http://localhost:3002/fir,6,0,0
1675771361166,8,FIr Creation Request,201,Created,Firs Test single user 1-1,text,true,,463,10422,1,1,http://localhost:3002/fir,8,0,0
1675771361175,9,FIr Creation Request,201,Created,Firs Test single user 1-1,text,true,,463,10422,1,1,http://localhost:3002/fir,9,0,0
1675771361186,8,FIr Creation Request,201,Created,Firs Test single user 1-1,text,true,,463,10422,1,1,http://localhost:3002/fir,8,0,0
1675771361195,6,FIr Creation Request,201,Created,Firs Test single user 1-1,text,true,,463,10422,1,1,http://localhost:3002/fir,6,0,0
1675771361202,8,FIr Creation Request,201,Created,Firs Test single user 1-1,text,true,,463,10422,1,1,http://localhost:3002/fir,8,0,1
1675771361211,7,FIr Creation Request,201,Created,Firs Test single user 1-1,text,true,,463,10422,1,1,http://localhost:3002/fir,7,0,0
1675771361219,9,FIr Creation Request,201,Created,Firs Test single user 1-1,text,true,,463,10422,1,1,http://localhost:3002/fir,9,0,0
1675771361229,375,FIr Creation Request,201,Created,Firs Test single user 1-1,text,true,,463,10422,1,1,http://localhost:3002/fir,375,0,1
1675771361606,8,FIr Creation Request,201,Created,Firs Test single user 1-1,text,true,,463,10422,1,1,http://localhost:3002/fir,8,0,0
1675771361615,7,FIr Creation Request,201,Created,Firs Test single user 1-1,text,true,,463,10422,1,1,http://localhost:3002/fir,7,0,0
1675771361624,8,FIr Creation Request,201,Created,Firs Test single user 1-1,text,true,,463,10422,1,1,http://localhost:3002/fir,8,0,0
1675771361633,5,FIr Creation Request,201,Created,Firs Test single user 1-1,text,true,,463,10422,1,1,http://localhost:3002/fir,5,0,0
1675771361640,5,FIr Creation Request,201,Created,Firs Test single user 1-1,text,true,,463,10422,1,1,http://localhost:3002/fir,5,0,0
1675771361647,860,FIr Creation Request,201,Created,Firs Test single user 1-1,text,true,,463,10422,1,1,http://localhost:3002/fir,860,0,0
1675771362511,32,FIr Creation Request,201,Created,Firs Test single user 1-1,text,true,,463,10422,1,1,http://localhost:3002/fir,32,0,0
1675771362553,11,FIr Creation Request,201,Created,Firs Test single user 1-1,text,true,,463,10422,1,1,http://localhost:3002/fir,11,0,0
1675771362565,7,FIr Creation Request,201,Created,Firs Test single user 1-1,text,true,,463,10422,1,1,http://localhost:3002/fir,7,0,0
1675771362573,7,FIr Creation Request,201,Created,Firs Test single user 1-1,text,true,,463,10422,1,1,http://localhost:3002/fir,7,0,1
1675771362581,6,FIr Creation Request,201,Created,Firs Test single user 1-1,text,true,,463,10422,1,1,http://localhost:3002/fir,6,0,0
1675771362589,6,FIr Creation Request,201,Created,Firs Test single user 1-1,text,true,,463,10422,1,1,http://localhost:3002/fir,6,0,0
1675771362597,6,FIr Creation Request,201,Created,Firs Test single user 1-1,text,true,,463,10422,1,1,http://localhost:3002/fir,6,0,0
1675771362604,350,FIr Creation Request,201,Created,Firs Test single user 1-1,text,true,,463,10422,1,1,http://localhost:3002/fir,350,0,1
1675771362955,8,FIr Creation Request,201,Created,Firs Test single user 1-1,text,true,,463,10422,1,1,http://localhost:3002/fir,8,0,0
1675771362964,6,FIr Creation Request,201,Created,Firs Test single user 1-1,text,true,,463,10422,1,1,http://localhost:3002/fir,6,0,0
1675771362972,8,FIr Creation Request,201,Created,Firs Test single user 1-1,text,true,,463,10422,1,1,http://localhost:3002/fir,8,0,0
1675771362982,8,FIr Creation Request,201,Created,Firs Test single user 1-1,text,true,,463,10422,1,1,http://localhost:3002/fir,8,0,0
1675771362992,16,FIr Creation Request,201,Created,Firs Test single user 1-1,text,true,,463,10422,1,1,http://localhost:3002/fir,16,0,0
1675771363009,7,FIr Creation Request,201,Created,Firs Test single user 1-1,text,true,,463,10422,1,1,http://localhost:3002/fir,7,0,1
1675771363018,6,FIr Creation Request,201,Created,Firs Test single user 1-1,text,true,,463,10422,1,1,http://localhost:3002/fir,6,0,0
1675771363026,6,FIr Creation Request,201,Created,Firs Test single user 1-1,text,true,,463,10422,1,1,http://localhost:3002/fir,6,0,0
1675771363033,6,FIr Creation Request,201,Created,Firs Test single user 1-1,text,true,,463,10422,1,1,http://localhost:3002/fir,6,0,0
1675771363040,9,FIr Creation Request,201,Created,Firs Test single user 1-1,text,true,,463,10422,1,1,http://localhost:3002/fir,9,0,1
1675771363050,7,FIr Creation Request,201,Created,Firs Test single user 1-1,text,true,,463,10422,1,1,http://localhost:3002/fir,7,0,0
1675771363063,9,FIr Creation Request,201,Created,Firs Test single user 1-1,text,true,,463,10422,1,1,http://localhost:3002/fir,9,0,0
1675771363073,7,FIr Creation Request,201,Created,Firs Test single user 1-1,text,true,,463,10422,1,1,http://localhost:3002/fir,7,0,0
1675771363081,7,FIr Creation Request,201,Created,Firs Test single user 1-1,text,true,,463,10422,1,1,http://localhost:3002/fir,7,0,0
1675771363089,6,FIr Creation Request,201,Created,Firs Test single user 1-1,text,true,,463,10422,1,1,http://localhost:3002/fir,6,0,0
1675771363096,6,FIr Creation Request,201,Created,Firs Test single user 1-1,text,true,,463,10422,1,1,http://localhost:3002/fir,6,0,0
1675771363103,7,FIr Creation Request,201,Created,Firs Test single user 1-1,text,true,,463,10422,1,1,http://localhost:3002/fir,7,0,1
1675771363111,8,FIr Creation Request,201,Created,Firs Test single user 1-1,text,true,,463,10422,1,1,http://localhost:3002/fir,8,0,0
1675771363120,7,FIr Creation Request,201,Created,Firs Test single user 1-1,text,true,,463,10422,1,1,http://localhost:3002/fir,7,0,0
1675771363128,7,FIr Creation Request,201,Created,Firs Test single user 1-1,text,true,,463,10422,1,1,http://localhost:3002/fir,7,0,0
1675771363137,7,FIr Creation Request,201,Created,Firs Test single user 1-1,text,true,,463,10422,1,1,http://localhost:3002/fir,7,0,0
1675771363146,5,FIr Creation Request,201,Created,Firs Test single user 1-1,text,true,,463,10422,1,1,http://localhost:3002/fir,5,0,0
1675771363153,8,FIr Creation Request,201,Created,Firs Test single user 1-1,text,true,,463,10422,1,1,http://localhost:3002/fir,8,0,0
1675771363162,7,FIr Creation Request,201,Created,Firs Test single user 1-1,text,true,,463,10422,1,1,http://localhost:3002/fir,7,0,0
1675771363171,6,FIr Creation Request,201,Created,Firs Test single user 1-1,text,true,,463,10422,1,1,http://localhost:3002/fir,6,0,0
1675771363178,6,FIr Creation Request,201,Created,Firs Test single user 1-1,text,true,,463,10422,1,1,http://localhost:3002/fir,6,0,1
1675771363186,6,FIr Creation Request,201,Created,Firs Test single user 1-1,text,true,,463,10422,1,1,http://localhost:3002/fir,6,0,0
1675771363193,7,FIr Creation Request,201,Created,Firs Test single user 1-1,text,true,,463,10422,1,1,http://localhost:3002/fir,7,0,1
1675771363201,5,FIr Creation Request,201,Created,Firs Test single user 1-1,text,true,,463,10422,1,1,http://localhost:3002/fir,5,0,0
1675771363208,9,FIr Creation Request,201,Created,Firs Test single user 1-1,text,true,,463,10422,1,1,http://localhost:3002/fir,9,0,0
1675771363218,5,FIr Creation Request,201,Created,Firs Test single user 1-1,text,true,,463,10422,1,1,http://localhost:3002/fir,5,0,0
1675771363224,10,FIr Creation Request,201,Created,Firs Test single user 1-1,text,true,,463,10422,1,1,http://localhost:3002/fir,10,0,1
1675771363235,6,FIr Creation Request,201,Created,Firs Test single user 1-1,text,true,,463,10422,1,1,http://localhost:3002/fir,6,0,0
1675771363242,6,FIr Creation Request,201,Created,Firs Test single user 1-1,text,true,,463,10422,1,1,http://localhost:3002/fir,6,0,0
1675771363249,11,FIr Creation Request,201,Created,Firs Test single user 1-1,text,true,,463,10422,1,1,http://localhost:3002/fir,11,0,1
1675771363261,7,FIr Creation Request,201,Created,Firs Test single user 1-1,text,true,,463,10422,1,1,http://localhost:3002/fir,7,0,0
1675771363269,7,FIr Creation Request,201,Created,Firs Test single user 1-1,text,true,,463,10422,1,1,http://localhost:3002/fir,7,0,1
1675771363277,6,FIr Creation Request,201,Created,Firs Test single user 1-1,text,true,,463,10422,1,1,http://localhost:3002/fir,6,0,0
1675771363284,7,FIr Creation Request,201,Created,Firs Test single user 1-1,text,true,,463,10422,1,1,http://localhost:3002/fir,7,0,0
1675771363292,5,FIr Creation Request,201,Created,Firs Test single user 1-1,text,true,,463,10422,1,1,http://localhost:3002/fir,5,0,0
1675771363299,5,FIr Creation Request,201,Created,Firs Test single user 1-1,text,true,,463,10422,1,1,http://localhost:3002/fir,5,0,0
1675771363305,6,FIr Creation Request,201,Created,Firs Test single user 1-1,text,true,,463,10422,1,1,http://localhost:3002/fir,6,0,1
1675771363313,6,FIr Creation Request,201,Created,Firs Test single user 1-1,text,true,,463,10422,1,1,http://localhost:3002/fir,6,0,0
1675771363320,7,FIr Creation Request,201,Created,Firs Test single user 1-1,text,true,,463,10422,1,1,http://localhost:3002/fir,7,0,0
1675771363328,7,FIr Creation Request,201,Created,Firs Test single user 1-1,text,true,,463,10422,1,1,http://localhost:3002/fir,7,0,0
1675771363336,6,FIr Creation Request,201,Created,Firs Test single user 1-1,text,true,,463,10422,1,1,http://localhost:3002/fir,6,0,0
1675771363343,6,FIr Creation Request,201,Created,Firs Test single user 1-1,text,true,,463,10422,1,1,http://localhost:3002/fir,6,0,1
1675771363350,7,FIr Creation Request,201,Created,Firs Test single user 1-1,text,true,,463,10422,1,1,http://localhost:3002/fir,7,0,0
1675771363358,9,FIr Creation Request,201,Created,Firs Test single user 1-1,text,true,,463,10422,1,1,http://localhost:3002/fir,9,0,0
1675771363368,9,FIr Creation Request,201,Created,Firs Test single user 1-1,text,true,,463,10422,1,1,http://localhost:3002/fir,9,0,1
1675771363378,9,FIr Creation Request,201,Created,Firs Test single user 1-1,text,true,,463,10422,1,1,http://localhost:3002/fir,9,0,1
1675771363389,6,FIr Creation Request,201,Created,Firs Test single user 1-1,text,true,,463,10422,1,1,http://localhost:3002/fir,6,0,0
1675771363404,8,FIr Creation Request,201,Created,Firs Test single user 1-1,text,true,,463,10422,1,1,http://localhost:3002/fir,8,0,0
1675771363414,6,FIr Creation Request,201,Created,Firs Test single user 1-1,text,true,,463,10422,1,1,http://localhost:3002/fir,6,0,0
1675771363422,6,FIr Creation Request,201,Created,Firs Test single user 1-1,text,true,,463,10422,1,1,http://localhost:3002/fir,6,0,0
1675771363429,6,FIr Creation Request,201,Created,Firs Test single user 1-1,text,true,,463,10422,1,1,http://localhost:3002/fir,6,0,1
1675771363437,6,FIr Creation Request,201,Created,Firs Test single user 1-1,text,true,,463,10422,1,1,http://localhost:3002/fir,6,0,0
1675771363444,6,FIr Creation Request,201,Created,Firs Test single user 1-1,text,true,,463,10422,1,1,http://localhost:3002/fir,6,0,0
1675771363451,6,FIr Creation Request,201,Created,Firs Test single user 1-1,text,true,,463,10422,1,1,http://localhost:3002/fir,6,0,0
1675771363459,6,FIr Creation Request,201,Created,Firs Test single user 1-1,text,true,,463,10422,1,1,http://localhost:3002/fir,6,0,0
1675771363467,7,FIr Creation Request,201,Created,Firs Test single user 1-1,text,true,,463,10422,1,1,http://localhost:3002/fir,7,0,0
1675771363475,7,FIr Creation Request,201,Created,Firs Test single user 1-1,text,true,,463,10422,1,1,http://localhost:3002/fir,7,0,0
1675771363483,7,FIr Creation Request,201,Created,Firs Test single user 1-1,text,true,,463,10422,1,1,http://localhost:3002/fir,7,0,0
1675771363491,12,FIr Creation Request,201,Created,Firs Test single user 1-1,text,true,,463,10422,1,1,http://localhost:3002/fir,12,0,0
1675771363505,6,FIr Creation Request,201,Created,Firs Test single user 1-1,text,true,,463,10422,1,1,http://localhost:3002/fir,6,0,0
1675771363512,12,FIr Creation Request,201,Created,Firs Test single user 1-1,text,true,,463,10422,1,1,http://localhost:3002/fir,12,0,0
1675771363525,7,FIr Creation Request,201,Created,Firs Test single user 1-1,text,true,,463,10422,1,1,http://localhost:3002/fir,7,0,0
1675771363534,6,FIr Creation Request,201,Created,Firs Test single user 1-1,text,true,,463,10422,1,1,http://localhost:3002/fir,6,0,0
1675771363541,8,FIr Creation Request,201,Created,Firs Test single user 1-1,text,true,,463,10422,1,1,http://localhost:3002/fir,8,0,1
1675771363550,7,FIr Creation Request,201,Created,Firs Test single user 1-1,text,true,,463,10422,1,1,http://localhost:3002/fir,7,0,1
1675771363559,7,FIr Creation Request,201,Created,Firs Test single user 1-1,text,true,,463,10422,1,1,http://localhost:3002/fir,7,0,0
1675771363567,6,FIr Creation Request,201,Created,Firs Test single user 1-1,text,true,,463,10422,1,1,http://localhost:3002/fir,6,0,0
1675771363575,9,FIr Creation Request,201,Created,Firs Test single user 1-1,text,true,,463,10422,1,1,http://localhost:3002/fir,9,0,1
1675771363586,6,FIr Creation Request,201,Created,Firs Test single user 1-1,text,true,,463,10422,1,1,http://localhost:3002/fir,6,0,0
1675771363593,7,FIr Creation Request,201,Created,Firs Test single user 1-1,text,true,,463,10422,1,1,http://localhost:3002/fir,7,0,1
1675771363601,6,FIr Creation Request,201,Created,Firs Test single user 1-1,text,true,,463,10422,1,1,http://localhost:3002/fir,6,0,0
1675771363608,7,FIr Creation Request,201,Created,Firs Test single user 1-1,text,true,,463,10422,1,1,http://localhost:3002/fir,7,0,1
1675771363616,7,FIr Creation Request,201,Created,Firs Test single user 1-1,text,true,,463,10422,1,1,http://localhost:3002/fir,7,0,0
1675771363625,7,FIr Creation Request,201,Created,Firs Test single user 1-1,text,true,,463,10422,1,1,http://localhost:3002/fir,7,0,0
1675771363633,8,FIr Creation Request,201,Created,Firs Test single user 1-1,text,true,,463,10422,1,1,http://localhost:3002/fir,8,0,0
1675771363642,8,FIr Creation Request,201,Created,Firs Test single user 1-1,text,true,,463,10422,1,1,http://localhost:3002/fir,8,0,0
1675771363651,6,FIr Creation Request,201,Created,Firs Test single user 1-1,text,true,,463,10422,1,1,http://localhost:3002/fir,6,0,0
1675771363658,8,FIr Creation Request,201,Created,Firs Test single user 1-1,text,true,,463,10422,1,1,http://localhost:3002/fir,8,0,1
1675771363667,7,FIr Creation Request,201,Created,Firs Test single user 1-1,text,true,,463,10422,1,1,http://localhost:3002/fir,7,0,0
1675771363675,7,FIr Creation Request,201,Created,Firs Test single user 1-1,text,true,,463,10422,1,1,http://localhost:3002/fir,7,0,0
1675771363684,7,FIr Creation Request,201,Created,Firs Test single user 1-1,text,true,,463,10422,1,1,http://localhost:3002/fir,7,0,0
1675771363692,7,FIr Creation Request,201,Created,Firs Test single user 1-1,text,true,,463,10422,1,1,http://localhost:3002/fir,7,0,1
1675771363700,7,FIr Creation Request,201,Created,Firs Test single user 1-1,text,true,,463,10422,1,1,http://localhost:3002/fir,7,0,1
1675771363708,6,FIr Creation Request,201,Created,Firs Test single user 1-1,text,true,,463,10422,1,1,http://localhost:3002/fir,6,0,0
1675771363715,6,FIr Creation Request,201,Created,Firs Test single user 1-1,text,true,,463,10422,1,1,http://localhost:3002/fir,6,0,0
1675771363723,6,FIr Creation Request,201,Created,Firs Test single user 1-1,text,true,,463,10422,1,1,http://localhost:3002/fir,6,0,0
1675771363730,6,FIr Creation Request,201,Created,Firs Test single user 1-1,text,true,,463,10422,1,1,http://localhost:3002/fir,6,0,0
1675771363737,7,FIr Creation Request,201,Created,Firs Test single user 1-1,text,true,,463,10422,1,1,http://localhost:3002/fir,7,0,1
1675771363745,8,FIr Creation Request,201,Created,Firs Test single user 1-1,text,true,,463,10422,1,1,http://localhost:3002/fir,8,0,0
1675771363754,6,FIr Creation Request,201,Created,Firs Test single user 1-1,text,true,,463,10422,1,1,http://localhost:3002/fir,6,0,0
1675771363762,7,FIr Creation Request,201,Created,Firs Test single user 1-1,text,true,,463,10422,1,1,http://localhost:3002/fir,7,0,0
1675771363770,7,FIr Creation Request,201,Created,Firs Test single user 1-1,text,true,,463,10422,1,1,http://localhost:3002/fir,7,0,1
1675771363778,9,FIr Creation Request,201,Created,Firs Test single user 1-1,text,true,,463,10422,1,1,http://localhost:3002/fir,9,0,1
1675771363788,6,FIr Creation Request,201,Created,Firs Test single user 1-1,text,true,,463,10422,1,1,http://localhost:3002/fir,6,0,0
1675771363795,12,FIr Creation Request,201,Created,Firs Test single user 1-1,text,true,,463,10422,1,1,http://localhost:3002/fir,12,0,0
1675771363808,8,FIr Creation Request,201,Created,Firs Test single user 1-1,text,true,,463,10422,1,1,http://localhost:3002/fir,8,0,0
1675771363817,7,FIr Creation Request,201,Created,Firs Test single user 1-1,text,true,,463,10422,1,1,http://localhost:3002/fir,7,0,0
1675771363825,7,FIr Creation Request,201,Created,Firs Test single user 1-1,text,true,,463,10422,1,1,http://localhost:3002/fir,7,0,0
1675771363833,7,FIr Creation Request,201,Created,Firs Test single user 1-1,text,true,,463,10422,1,1,http://localhost:3002/fir,7,0,1
1675771363841,6,FIr Creation Request,201,Created,Firs Test single user 1-1,text,true,,463,10422,1,1,http://localhost:3002/fir,6,0,0
1675771363848,6,FIr Creation Request,201,Created,Firs Test single user 1-1,text,true,,463,10422,1,1,http://localhost:3002/fir,6,0,1
1675771363855,7,FIr Creation Request,201,Created,Firs Test single user 1-1,text,true,,463,10422,1,1,http://localhost:3002/fir,7,0,1
1675771363863,24,FIr Creation Request,201,Created,Firs Test single user 1-1,text,true,,463,10422,1,1,http://localhost:3002/fir,24,0,0
1675771363888,7,FIr Creation Request,201,Created,Firs Test single user 1-1,text,true,,463,10422,1,1,http://localhost:3002/fir,7,0,1
1675771363896,6,FIr Creation Request,201,Created,Firs Test single user 1-1,text,true,,463,10422,1,1,http://localhost:3002/fir,6,0,0
1675771363903,9,FIr Creation Request,201,Created,Firs Test single user 1-1,text,true,,463,10422,1,1,http://localhost:3002/fir,9,0,0
1675771363916,8,FIr Creation Request,201,Created,Firs Test single user 1-1,text,true,,463,10422,1,1,http://localhost:3002/fir,8,0,0
1675771363925,8,FIr Creation Request,201,Created,Firs Test single user 1-1,text,true,,463,10422,1,1,http://localhost:3002/fir,8,0,1
1675771363934,10,FIr Creation Request,201,Created,Firs Test single user 1-1,text,true,,463,10422,1,1,http://localhost:3002/fir,10,0,0
1675771363945,8,FIr Creation Request,201,Created,Firs Test single user 1-1,text,true,,463,10422,1,1,http://localhost:3002/fir,8,0,1
1675771363954,825,FIr Creation Request,201,Created,Firs Test single user 1-1,text,true,,463,10422,1,1,http://localhost:3002/fir,825,0,1
1675771364781,27,FIr Creation Request,201,Created,Firs Test single user 1-1,text,true,,463,10422,1,1,http://localhost:3002/fir,27,0,0
1675771364809,42,FIr Creation Request,201,Created,Firs Test single user 1-1,text,true,,463,10422,1,1,http://localhost:3002/fir,42,0,1
1675771364854,68,FIr Creation Request,201,Created,Firs Test single user 1-1,text,true,,463,10422,1,1,http://localhost:3002/fir,68,0,0
1675771364923,9,FIr Creation Request,201,Created,Firs Test single user 1-1,text,true,,463,10422,1,1,http://localhost:3002/fir,9,0,1
1675771364939,9,FIr Creation Request,201,Created,Firs Test single user 1-1,text,true,,463,10422,1,1,http://localhost:3002/fir,9,0,1
1675771364949,12,FIr Creation Request,201,Created,Firs Test single user 1-1,text,true,,463,10422,1,1,http://localhost:3002/fir,12,0,1
1675771364962,7,FIr Creation Request,201,Created,Firs Test single user 1-1,text,true,,463,10422,1,1,http://localhost:3002/fir,7,0,0
1675771364970,6,FIr Creation Request,201,Created,Firs Test single user 1-1,text,true,,463,10422,1,1,http://localhost:3002/fir,6,0,0
1675771364977,6,FIr Creation Request,201,Created,Firs Test single user 1-1,text,true,,463,10422,1,1,http://localhost:3002/fir,6,0,0
1675771364985,6,FIr Creation Request,201,Created,Firs Test single user 1-1,text,true,,463,10422,1,1,http://localhost:3002/fir,6,0,0
1675771364992,7,FIr Creation Request,201,Created,Firs Test single user 1-1,text,true,,463,10422,1,1,http://localhost:3002/fir,7,0,0
1675771365000,8,FIr Creation Request,201,Created,Firs Test single user 1-1,text,true,,463,10422,1,1,http://localhost:3002/fir,8,0,1
1675771365010,7,FIr Creation Request,201,Created,Firs Test single user 1-1,text,true,,463,10422,1,1,http://localhost:3002/fir,7,0,0
1675771365018,7,FIr Creation Request,201,Created,Firs Test single user 1-1,text,true,,463,10422,1,1,http://localhost:3002/fir,7,0,0
1675771365026,7,FIr Creation Request,201,Created,Firs Test single user 1-1,text,true,,463,10422,1,1,http://localhost:3002/fir,7,0,0
1675771365034,8,FIr Creation Request,201,Created,Firs Test single user 1-1,text,true,,463,10422,1,1,http://localhost:3002/fir,8,0,1
1675771365043,6,FIr Creation Request,201,Created,Firs Test single user 1-1,text,true,,463,10422,1,1,http://localhost:3002/fir,6,0,0
1675771365050,6,FIr Creation Request,201,Created,Firs Test single user 1-1,text,true,,463,10422,1,1,http://localhost:3002/fir,6,0,0
1675771365058,6,FIr Creation Request,201,Created,Firs Test single user 1-1,text,true,,463,10422,1,1,http://localhost:3002/fir,6,0,0
1675771365065,9,FIr Creation Request,201,Created,Firs Test single user 1-1,text,true,,463,10422,1,1,http://localhost:3002/fir,9,0,0
1675771365075,6,FIr Creation Request,201,Created,Firs Test single user 1-1,text,true,,463,10422,1,1,http://localhost:3002/fir,6,0,0
1675771365082,6,FIr Creation Request,201,Created,Firs Test single user 1-1,text,true,,463,10422,1,1,http://localhost:3002/fir,6,0,0
1675771365094,9,FIr Creation Request,201,Created,Firs Test single user 1-1,text,true,,463,10422,1,1,http://localhost:3002/fir,9,0,1
1675771365104,8,FIr Creation Request,201,Created,Firs Test single user 1-1,text,true,,463,10422,1,1,http://localhost:3002/fir,8,0,0
1675771365113,7,FIr Creation Request,201,Created,Firs Test single user 1-1,text,true,,463,10422,1,1,http://localhost:3002/fir,7,0,0
1675771365121,7,FIr Creation Request,201,Created,Firs Test single user 1-1,text,true,,463,10422,1,1,http://localhost:3002/fir,7,0,1
1675771365129,8,FIr Creation Request,201,Created,Firs Test single user 1-1,text,true,,463,10422,1,1,http://localhost:3002/fir,8,0,1
1675771365138,7,FIr Creation Request,201,Created,Firs Test single user 1-1,text,true,,463,10422,1,1,http://localhost:3002/fir,7,0,0
1675771365146,10,FIr Creation Request,201,Created,Firs Test single user 1-1,text,true,,463,10422,1,1,http://localhost:3002/fir,10,0,0
1675771365157,6,FIr Creation Request,201,Created,Firs Test single user 1-1,text,true,,463,10422,1,1,http://localhost:3002/fir,6,0,0
1675771365164,7,FIr Creation Request,201,Created,Firs Test single user 1-1,text,true,,463,10422,1,1,http://localhost:3002/fir,7,0,0
1675771365172,7,FIr Creation Request,201,Created,Firs Test single user 1-1,text,true,,463,10422,1,1,http://localhost:3002/fir,7,0,0
1675771365180,7,FIr Creation Request,201,Created,Firs Test single user 1-1,text,true,,463,10422,1,1,http://localhost:3002/fir,7,0,0
1675771365189,5,FIr Creation Request,201,Created,Firs Test single user 1-1,text,true,,463,10422,1,1,http://localhost:3002/fir,5,0,0
1675771365196,12,FIr Creation Request,201,Created,Firs Test single user 1-1,text,true,,463,10422,1,1,http://localhost:3002/fir,12,0,0
1675771365209,8,FIr Creation Request,201,Created,Firs Test single user 1-1,text,true,,463,10422,1,1,http://localhost:3002/fir,8,0,1
1675771365219,6,FIr Creation Request,201,Created,Firs Test single user 1-1,text,true,,463,10422,1,1,http://localhost:3002/fir,6,0,0
1675771365226,7,FIr Creation Request,201,Created,Firs Test single user 1-1,text,true,,463,10422,1,1,http://localhost:3002/fir,7,0,1
1675771365235,7,FIr Creation Request,201,Created,Firs Test single user 1-1,text,true,,463,10422,1,1,http://localhost:3002/fir,7,0,0
1675771365243,7,FIr Creation Request,201,Created,Firs Test single user 1-1,text,true,,463,10422,1,1,http://localhost:3002/fir,7,0,0
1675771365251,7,FIr Creation Request,201,Created,Firs Test single user 1-1,text,true,,463,10422,1,1,http://localhost:3002/fir,7,0,0
1675771365260,7,FIr Creation Request,201,Created,Firs Test single user 1-1,text,true,,463,10422,1,1,http://localhost:3002/fir,7,0,0
1675771365269,10,FIr Creation Request,201,Created,Firs Test single user 1-1,text,true,,463,10422,1,1,http://localhost:3002/fir,10,0,0
1675771365281,6,FIr Creation Request,201,Created,Firs Test single user 1-1,text,true,,463,10422,1,1,http://localhost:3002/fir,6,0,0
1675771365288,6,FIr Creation Request,201,Created,Firs Test single user 1-1,text,true,,463,10422,1,1,http://localhost:3002/fir,6,0,0
1675771365295,7,FIr Creation Request,201,Created,Firs Test single user 1-1,text,true,,463,10422,1,1,http://localhost:3002/fir,7,0,1
1675771365303,7,FIr Creation Request,201,Created,Firs Test single user 1-1,text,true,,463,10422,1,1,http://localhost:3002/fir,7,0,0
1675771365311,6,FIr Creation Request,201,Created,Firs Test single user 1-1,text,true,,463,10422,1,1,http://localhost:3002/fir,6,0,0
1675771365318,204,FIr Creation Request,201,Created,Firs Test single user 1-1,text,true,,463,10422,1,1,http://localhost:3002/fir,204,0,0
1675771365527,423,FIr Creation Request,201,Created,Firs Test single user 1-1,text,true,,463,10422,1,1,http://localhost:3002/fir,423,0,0
1675771365954,15,FIr Creation Request,201,Created,Firs Test single user 1-1,text,true,,463,10422,1,1,http://localhost:3002/fir,15,0,0
1675771365970,12,FIr Creation Request,201,Created,Firs Test single user 1-1,text,true,,463,10422,1,1,http://localhost:3002/fir,12,0,0
1675771365984,6,FIr Creation Request,201,Created,Firs Test single user 1-1,text,true,,463,10422,1,1,http://localhost:3002/fir,6,0,0
1675771365991,7,FIr Creation Request,201,Created,Firs Test single user 1-1,text,true,,463,10422,1,1,http://localhost:3002/fir,7,0,1
1675771366000,7,FIr Creation Request,201,Created,Firs Test single user 1-1,text,true,,463,10422,1,1,http://localhost:3002/fir,7,0,0
1675771366008,6,FIr Creation Request,201,Created,Firs Test single user 1-1,text,true,,463,10422,1,1,http://localhost:3002/fir,6,0,0
1675771366015,7,FIr Creation Request,201,Created,Firs Test single user 1-1,text,true,,463,10422,1,1,http://localhost:3002/fir,7,0,1
1675771366024,10,FIr Creation Request,201,Created,Firs Test single user 1-1,text,true,,463,10422,1,1,http://localhost:3002/fir,10,0,0
1675771366036,6,FIr Creation Request,201,Created,Firs Test single user 1-1,text,true,,463,10422,1,1,http://localhost:3002/fir,6,0,0
1675771366044,6,FIr Creation Request,201,Created,Firs Test single user 1-1,text,true,,463,10422,1,1,http://localhost:3002/fir,6,0,0
1675771366051,9,FIr Creation Request,201,Created,Firs Test single user 1-1,text,true,,463,10422,1,1,http://localhost:3002/fir,9,0,1
1675771366061,6,FIr Creation Request,201,Created,Firs Test single user 1-1,text,true,,463,10422,1,1,http://localhost:3002/fir,6,0,0
1675771366068,7,FIr Creation Request,201,Created,Firs Test single user 1-1,text,true,,463,10422,1,1,http://localhost:3002/fir,7,0,1
1675771366076,10,FIr Creation Request,201,Created,Firs Test single user 1-1,text,true,,463,10422,1,1,http://localhost:3002/fir,10,0,0
1675771366087,6,FIr Creation Request,201,Created,Firs Test single user 1-1,text,true,,463,10422,1,1,http://localhost:3002/fir,6,0,0
1675771366095,6,FIr Creation Request,201,Created,Firs Test single user 1-1,text,true,,463,10422,1,1,http://localhost:3002/fir,6,0,0
1675771366102,7,FIr Creation Request,201,Created,Firs Test single user 1-1,text,true,,463,10422,1,1,http://localhost:3002/fir,7,0,0
1675771366110,10,FIr Creation Request,201,Created,Firs Test single user 1-1,text,true,,463,10422,1,1,http://localhost:3002/fir,10,0,1
1675771366122,8,FIr Creation Request,201,Created,Firs Test single user 1-1,text,true,,463,10422,1,1,http://localhost:3002/fir,8,0,0
1675771366131,6,FIr Creation Request,201,Created,Firs Test single user 1-1,text,true,,463,10422,1,1,http://localhost:3002/fir,6,0,0
1675771366139,7,FIr Creation Request,201,Created,Firs Test single user 1-1,text,true,,463,10422,1,1,http://localhost:3002/fir,7,0,0
1675771366148,6,FIr Creation Request,201,Created,Firs Test single user 1-1,text,true,,463,10422,1,1,http://localhost:3002/fir,6,0,0
1675771366156,7,FIr Creation Request,201,Created,Firs Test single user 1-1,text,true,,463,10422,1,1,http://localhost:3002/fir,7,0,0
1675771366164,7,FIr Creation Request,201,Created,Firs Test single user 1-1,text,true,,463,10422,1,1,http://localhost:3002/fir,7,0,0
1675771366173,6,FIr Creation Request,201,Created,Firs Test single user 1-1,text,true,,463,10422,1,1,http://localhost:3002/fir,6,0,0
1675771366180,7,FIr Creation Request,201,Created,Firs Test single user 1-1,text,true,,463,10422,1,1,http://localhost:3002/fir,7,0,0
1675771366188,7,FIr Creation Request,201,Created,Firs Test single user 1-1,text,true,,463,10422,1,1,http://localhost:3002/fir,7,0,1
1675771366196,8,FIr Creation Request,201,Created,Firs Test single user 1-1,text,true,,463,10422,1,1,http://localhost:3002/fir,8,0,1
1675771366205,6,FIr Creation Request,201,Created,Firs Test single user 1-1,text,true,,463,10422,1,1,http://localhost:3002/fir,6,0,0
1675771366212,6,FIr Creation Request,201,Created,Firs Test single user 1-1,text,true,,463,10422,1,1,http://localhost:3002/fir,6,0,0
1675771366219,7,FIr Creation Request,201,Created,Firs Test single user 1-1,text,true,,463,10422,1,1,http://localhost:3002/fir,7,0,0
1675771366227,7,FIr Creation Request,201,Created,Firs Test single user 1-1,text,true,,463,10422,1,1,http://localhost:3002/fir,7,0,0
1675771366235,7,FIr Creation Request,201,Created,Firs Test single user 1-1,text,true,,463,10422,1,1,http://localhost:3002/fir,7,0,0
1675771366243,6,FIr Creation Request,201,Created,Firs Test single user 1-1,text,true,,463,10422,1,1,http://localhost:3002/fir,6,0,0
1675771366250,7,FIr Creation Request,201,Created,Firs Test single user 1-1,text,true,,463,10422,1,1,http://localhost:3002/fir,7,0,1
1675771366258,6,FIr Creation Request,201,Created,Firs Test single user 1-1,text,true,,463,10422,1,1,http://localhost:3002/fir,6,0,0
1675771366265,7,FIr Creation Request,201,Created,Firs Test single user 1-1,text,true,,463,10422,1,1,http://localhost:3002/fir,7,0,0
1675771366273,11,FIr Creation Request,201,Created,Firs Test single user 1-1,text,true,,463,10422,1,1,http://localhost:3002/fir,11,0,0
1675771366286,7,FIr Creation Request,201,Created,Firs Test single user 1-1,text,true,,463,10422,1,1,http://localhost:3002/fir,7,0,0
1675771366294,6,FIr Creation Request,201,Created,Firs Test single user 1-1,text,true,,463,10422,1,1,http://localhost:3002/fir,6,0,0
1675771366302,7,FIr Creation Request,201,Created,Firs Test single user 1-1,text,true,,463,10422,1,1,http://localhost:3002/fir,7,0,0
1675771366310,8,FIr Creation Request,201,Created,Firs Test single user 1-1,text,true,,463,10422,1,1,http://localhost:3002/fir,8,0,0
1675771366319,7,FIr Creation Request,201,Created,Firs Test single user 1-1,text,true,,463,10422,1,1,http://localhost:3002/fir,7,0,0
1675771366328,7,FIr Creation Request,201,Created,Firs Test single user 1-1,text,true,,463,10422,1,1,http://localhost:3002/fir,7,0,0
1675771366336,10,FIr Creation Request,201,Created,Firs Test single user 1-1,text,true,,463,10422,1,1,http://localhost:3002/fir,10,0,0
1675771366347,7,FIr Creation Request,201,Created,Firs Test single user 1-1,text,true,,463,10422,1,1,http://localhost:3002/fir,7,0,0
1675771366356,6,FIr Creation Request,201,Created,Firs Test single user 1-1,text,true,,463,10422,1,1,http://localhost:3002/fir,6,0,0
1675771366364,6,FIr Creation Request,201,Created,Firs Test single user 1-1,text,true,,463,10422,1,1,http://localhost:3002/fir,6,0,0
1675771366371,6,FIr Creation Request,201,Created,Firs Test single user 1-1,text,true,,463,10422,1,1,http://localhost:3002/fir,6,0,0
1675771366379,7,FIr Creation Request,201,Created,Firs Test single user 1-1,text,true,,463,10422,1,1,http://localhost:3002/fir,7,0,0
1675771366387,6,FIr Creation Request,201,Created,Firs Test single user 1-1,text,true,,463,10422,1,1,http://localhost:3002/fir,6,0,1
1675771366395,6,FIr Creation Request,201,Created,Firs Test single user 1-1,text,true,,463,10422,1,1,http://localhost:3002/fir,6,0,0
1675771366402,7,FIr Creation Request,201,Created,Firs Test single user 1-1,text,true,,463,10422,1,1,http://localhost:3002/fir,7,0,0
1675771366410,8,FIr Creation Request,201,Created,Firs Test single user 1-1,text,true,,463,10422,1,1,http://localhost:3002/fir,8,0,1
1675771366419,8,FIr Creation Request,201,Created,Firs Test single user 1-1,text,true,,463,10422,1,1,http://localhost:3002/fir,8,0,0
1675771366428,7,FIr Creation Request,201,Created,Firs Test single user 1-1,text,true,,463,10422,1,1,http://localhost:3002/fir,7,0,0
1675771366436,6,FIr Creation Request,201,Created,Firs Test single user 1-1,text,true,,463,10422,1,1,http://localhost:3002/fir,6,0,0
1675771366444,7,FIr Creation Request,201,Created,Firs Test single user 1-1,text,true,,463,10422,1,1,http://localhost:3002/fir,7,0,0
1675771366453,7,FIr Creation Request,201,Created,Firs Test single user 1-1,text,true,,463,10422,1,1,http://localhost:3002/fir,7,0,0
1675771366461,10,FIr Creation Request,201,Created,Firs Test single user 1-1,text,true,,463,10422,1,1,http://localhost:3002/fir,10,0,0
1675771366478,11,FIr Creation Request,201,Created,Firs Test single user 1-1,text,true,,463,10422,1,1,http://localhost:3002/fir,11,0,0
1675771366490,6,FIr Creation Request,201,Created,Firs Test single user 1-1,text,true,,463,10422,1,1,http://localhost:3002/fir,6,0,0
1675771366497,7,FIr Creation Request,201,Created,Firs Test single user 1-1,text,true,,463,10422,1,1,http://localhost:3002/fir,7,0,1
1675771366506,9,FIr Creation Request,201,Created,Firs Test single user 1-1,text,true,,463,10422,1,1,http://localhost:3002/fir,9,0,0
1675771366516,7,FIr Creation Request,201,Created,Firs Test single user 1-1,text,true,,463,10422,1,1,http://localhost:3002/fir,7,0,0
1675771366524,9,FIr Creation Request,201,Created,Firs Test single user 1-1,text,true,,463,10422,1,1,http://localhost:3002/fir,9,0,0
1675771366534,6,FIr Creation Request,201,Created,Firs Test single user 1-1,text,true,,463,10422,1,1,http://localhost:3002/fir,6,0,1
1675771366541,10,FIr Creation Request,201,Created,Firs Test single user 1-1,text,true,,463,10422,1,1,http://localhost:3002/fir,10,0,0
1675771366552,7,FIr Creation Request,201,Created,Firs Test single user 1-1,text,true,,463,10422,1,1,http://localhost:3002/fir,7,0,0
1675771366561,7,FIr Creation Request,201,Created,Firs Test single user 1-1,text,true,,463,10422,1,1,http://localhost:3002/fir,7,0,0
1675771366569,6,FIr Creation Request,201,Created,Firs Test single user 1-1,text,true,,463,10422,1,1,http://localhost:3002/fir,6,0,0
1675771366577,7,FIr Creation Request,201,Created,Firs Test single user 1-1,text,true,,463,10422,1,1,http://localhost:3002/fir,7,0,0
1675771366585,31,FIr Creation Request,201,Created,Firs Test single user 1-1,text,true,,463,10422,1,1,http://localhost:3002/fir,31,0,0
1675771366617,7,FIr Creation Request,201,Created,Firs Test single user 1-1,text,true,,463,10422,1,1,http://localhost:3002/fir,7,0,0
1675771366632,13,FIr Creation Request,201,Created,Firs Test single user 1-1,text,true,,463,10422,1,1,http://localhost:3002/fir,13,0,1
1675771366646,6,FIr Creation Request,201,Created,Firs Test single user 1-1,text,true,,463,10422,1,1,http://localhost:3002/fir,6,0,1
1675771366653,6,FIr Creation Request,201,Created,Firs Test single user 1-1,text,true,,463,10422,1,1,http://localhost:3002/fir,6,0,1
1675771366661,8,FIr Creation Request,201,Created,Firs Test single user 1-1,text,true,,463,10422,1,1,http://localhost:3002/fir,8,0,0
1675771366670,7,FIr Creation Request,201,Created,Firs Test single user 1-1,text,true,,463,10422,1,1,http://localhost:3002/fir,7,0,1
1675771366678,7,FIr Creation Request,201,Created,Firs Test single user 1-1,text,true,,463,10422,1,1,http://localhost:3002/fir,7,0,0
1675771366686,7,FIr Creation Request,201,Created,Firs Test single user 1-1,text,true,,463,10422,1,1,http://localhost:3002/fir,7,0,0
1675771366694,8,FIr Creation Request,201,Created,Firs Test single user 1-1,text,true,,463,10422,1,1,http://localhost:3002/fir,8,0,1
1675771366703,201,FIr Creation Request,201,Created,Firs Test single user 1-1,text,true,,463,10422,1,1,http://localhost:3002/fir,201,0,0
1675771366906,9,FIr Creation Request,201,Created,Firs Test single user 1-1,text,true,,463,10422,1,1,http://localhost:3002/fir,9,0,0
1675771366916,9,FIr Creation Request,201,Created,Firs Test single user 1-1,text,true,,463,10422,1,1,http://localhost:3002/fir,9,0,1
1675771366926,9,FIr Creation Request,201,Created,Firs Test single user 1-1,text,true,,463,10422,1,1,http://localhost:3002/fir,9,0,0
1675771366936,7,FIr Creation Request,201,Created,Firs Test single user 1-1,text,true,,463,10422,1,1,http://localhost:3002/fir,7,0,0
1675771366945,6,FIr Creation Request,201,Created,Firs Test single user 1-1,text,true,,463,10422,1,1,http://localhost:3002/fir,6,0,0
1675771366952,8,FIr Creation Request,201,Created,Firs Test single user 1-1,text,true,,463,10422,1,1,http://localhost:3002/fir,8,0,0
1675771366961,7,FIr Creation Request,201,Created,Firs Test single user 1-1,text,true,,463,10422,1,1,http://localhost:3002/fir,7,0,0
1675771366969,9,FIr Creation Request,201,Created,Firs Test single user 1-1,text,true,,463,10422,1,1,http://localhost:3002/fir,9,0,0
1675771366985,8,FIr Creation Request,201,Created,Firs Test single user 1-1,text,true,,463,10422,1,1,http://localhost:3002/fir,8,0,0
1675771366994,8,FIr Creation Request,201,Created,Firs Test single user 1-1,text,true,,463,10422,1,1,http://localhost:3002/fir,8,0,1
1675771367003,7,FIr Creation Request,201,Created,Firs Test single user 1-1,text,true,,463,10422,1,1,http://localhost:3002/fir,7,0,0
1675771367011,7,FIr Creation Request,201,Created,Firs Test single user 1-1,text,true,,463,10422,1,1,http://localhost:3002/fir,7,0,0
1675771367019,10,FIr Creation Request,201,Created,Firs Test single user 1-1,text,true,,463,10422,1,1,http://localhost:3002/fir,10,0,0
1675771367030,7,FIr Creation Request,201,Created,Firs Test single user 1-1,text,true,,463,10422,1,1,http://localhost:3002/fir,7,0,1
1675771367038,6,FIr Creation Request,201,Created,Firs Test single user 1-1,text,true,,463,10422,1,1,http://localhost:3002/fir,6,0,1
1675771367045,7,FIr Creation Request,201,Created,Firs Test single user 1-1,text,true,,463,10422,1,1,http://localhost:3002/fir,7,0,1
1675771367054,5,FIr Creation Request,201,Created,Firs Test single user 1-1,text,true,,463,10422,1,1,http://localhost:3002/fir,5,0,0
1675771367061,9,FIr Creation Request,201,Created,Firs Test single user 1-1,text,true,,463,10422,1,1,http://localhost:3002/fir,9,0,0
1675771367071,9,FIr Creation Request,201,Created,Firs Test single user 1-1,text,true,,463,10422,1,1,http://localhost:3002/fir,9,0,0
1675771367081,7,FIr Creation Request,201,Created,Firs Test single user 1-1,text,true,,463,10422,1,1,http://localhost:3002/fir,7,0,0
1675771367089,8,FIr Creation Request,201,Created,Firs Test single user 1-1,text,true,,463,10422,1,1,http://localhost:3002/fir,8,0,0
1675771367098,17,FIr Creation Request,201,Created,Firs Test single user 1-1,text,true,,463,10422,1,1,http://localhost:3002/fir,17,0,1
1675771367116,7,FIr Creation Request,201,Created,Firs Test single user 1-1,text,true,,463,10422,1,1,http://localhost:3002/fir,7,0,1
1675771367124,10,FIr Creation Request,201,Created,Firs Test single user 1-1,text,true,,463,10422,1,1,http://localhost:3002/fir,10,0,0
1675771367141,7,FIr Creation Request,201,Created,Firs Test single user 1-1,text,true,,463,10422,1,1,http://localhost:3002/fir,7,0,1
1675771367150,6,FIr Creation Request,201,Created,Firs Test single user 1-1,text,true,,463,10422,1,1,http://localhost:3002/fir,6,0,0
1675771367158,7,FIr Creation Request,201,Created,Firs Test single user 1-1,text,true,,463,10422,1,1,http://localhost:3002/fir,7,0,0
1675771367166,7,FIr Creation Request,201,Created,Firs Test single user 1-1,text,true,,463,10422,1,1,http://localhost:3002/fir,7,0,0
1675771367174,7,FIr Creation Request,201,Created,Firs Test single user 1-1,text,true,,463,10422,1,1,http://localhost:3002/fir,7,0,0
1675771367182,10,FIr Creation Request,201,Created,Firs Test single user 1-1,text,true,,463,10422,1,1,http://localhost:3002/fir,10,0,0
1675771367193,8,FIr Creation Request,201,Created,Firs Test single user 1-1,text,true,,463,10422,1,1,http://localhost:3002/fir,8,0,0
1675771367202,9,FIr Creation Request,201,Created,Firs Test single user 1-1,text,true,,463,10422,1,1,http://localhost:3002/fir,9,0,0
1675771367212,7,FIr Creation Request,201,Created,Firs Test single user 1-1,text,true,,463,10422,1,1,http://localhost:3002/fir,7,0,0
1675771367220,8,FIr Creation Request,201,Created,Firs Test single user 1-1,text,true,,463,10422,1,1,http://localhost:3002/fir,8,0,0
1675771367229,6,FIr Creation Request,201,Created,Firs Test single user 1-1,text,true,,463,10422,1,1,http://localhost:3002/fir,6,0,0
1675771367237,7,FIr Creation Request,201,Created,Firs Test single user 1-1,text,true,,463,10422,1,1,http://localhost:3002/fir,7,0,0
1675771367245,7,FIr Creation Request,201,Created,Firs Test single user 1-1,text,true,,463,10422,1,1,http://localhost:3002/fir,7,0,1
1675771367253,7,FIr Creation Request,201,Created,Firs Test single user 1-1,text,true,,463,10422,1,1,http://localhost:3002/fir,7,0,1
1675771367262,7,FIr Creation Request,201,Created,Firs Test single user 1-1,text,true,,463,10422,1,1,http://localhost:3002/fir,7,0,0
1675771367270,7,FIr Creation Request,201,Created,Firs Test single user 1-1,text,true,,463,10422,1,1,http://localhost:3002/fir,7,0,0
1675771367278,8,FIr Creation Request,201,Created,Firs Test single user 1-1,text,true,,463,10422,1,1,http://localhost:3002/fir,8,0,0
1675771367288,6,FIr Creation Request,201,Created,Firs Test single user 1-1,text,true,,463,10422,1,1,http://localhost:3002/fir,6,0,0
1675771367295,7,FIr Creation Request,201,Created,Firs Test single user 1-1,text,true,,463,10422,1,1,http://localhost:3002/fir,7,0,0
1675771367303,7,FIr Creation Request,201,Created,Firs Test single user 1-1,text,true,,463,10422,1,1,http://localhost:3002/fir,7,0,1
1675771367311,670,FIr Creation Request,201,Created,Firs Test single user 1-1,text,true,,463,10422,1,1,http://localhost:3002/fir,670,0,1
1675771367984,35,FIr Creation Request,201,Created,Firs Test single user 1-1,text,true,,463,10422,1,1,http://localhost:3002/fir,35,0,0
1675771368020,6,FIr Creation Request,201,Created,Firs Test single user 1-1,text,true,,463,10422,1,1,http://localhost:3002/fir,6,0,0
1675771368027,7,FIr Creation Request,201,Created,Firs Test single user 1-1,text,true,,463,10422,1,1,http://localhost:3002/fir,7,0,1
1675771368035,6,FIr Creation Request,201,Created,Firs Test single user 1-1,text,true,,463,10422,1,1,http://localhost:3002/fir,6,0,0
1675771368042,6,FIr Creation Request,201,Created,Firs Test single user 1-1,text,true,,463,10422,1,1,http://localhost:3002/fir,6,0,0
1675771368049,7,FIr Creation Request,201,Created,Firs Test single user 1-1,text,true,,463,10422,1,1,http://localhost:3002/fir,7,0,1
1675771368057,222,FIr Creation Request,201,Created,Firs Test single user 1-1,text,true,,463,10422,1,1,http://localhost:3002/fir,222,0,0
1675771368284,221,FIr Creation Request,201,Created,Firs Test single user 1-1,text,true,,463,10422,1,1,http://localhost:3002/fir,221,0,1
1675771368508,9,FIr Creation Request,201,Created,Firs Test single user 1-1,text,true,,463,10422,1,1,http://localhost:3002/fir,9,0,0
1675771368519,7,FIr Creation Request,201,Created,Firs Test single user 1-1,text,true,,463,10422,1,1,http://localhost:3002/fir,7,0,0
1675771368527,7,FIr Creation Request,201,Created,Firs Test single user 1-1,text,true,,463,10422,1,1,http://localhost:3002/fir,7,0,0
1675771368535,8,FIr Creation Request,201,Created,Firs Test single user 1-1,text,true,,463,10422,1,1,http://localhost:3002/fir,8,0,0
1675771368545,6,FIr Creation Request,201,Created,Firs Test single user 1-1,text,true,,463,10422,1,1,http://localhost:3002/fir,6,0,0
1675771368552,8,FIr Creation Request,201,Created,Firs Test single user 1-1,text,true,,463,10422,1,1,http://localhost:3002/fir,8,0,0
1675771368561,7,FIr Creation Request,201,Created,Firs Test single user 1-1,text,true,,463,10422,1,1,http://localhost:3002/fir,7,0,0
1675771368569,6,FIr Creation Request,201,Created,Firs Test single user 1-1,text,true,,463,10422,1,1,http://localhost:3002/fir,6,0,1
1675771368576,6,FIr Creation Request,201,Created,Firs Test single user 1-1,text,true,,463,10422,1,1,http://localhost:3002/fir,6,0,1
1675771368584,6,FIr Creation Request,201,Created,Firs Test single user 1-1,text,true,,463,10422,1,1,http://localhost:3002/fir,6,0,0
1675771368591,6,FIr Creation Request,201,Created,Firs Test single user 1-1,text,true,,463,10422,1,1,http://localhost:3002/fir,6,0,0
1675771368599,7,FIr Creation Request,201,Created,Firs Test single user 1-1,text,true,,463,10422,1,1,http://localhost:3002/fir,7,0,0
1675771368607,7,FIr Creation Request,201,Created,Firs Test single user 1-1,text,true,,463,10422,1,1,http://localhost:3002/fir,7,0,0
1675771368616,12,FIr Creation Request,201,Created,Firs Test single user 1-1,text,true,,463,10422,1,1,http://localhost:3002/fir,12,0,0
1675771368629,7,FIr Creation Request,201,Created,Firs Test single user 1-1,text,true,,463,10422,1,1,http://localhost:3002/fir,7,0,0
1675771368638,6,FIr Creation Request,201,Created,Firs Test single user 1-1,text,true,,463,10422,1,1,http://localhost:3002/fir,6,0,0
1675771368645,12,FIr Creation Request,201,Created,Firs Test single user 1-1,text,true,,463,10422,1,1,http://localhost:3002/fir,12,0,1
1675771368658,7,FIr Creation Request,201,Created,Firs Test single user 1-1,text,true,,463,10422,1,1,http://localhost:3002/fir,7,0,0
1675771368673,6,FIr Creation Request,201,Created,Firs Test single user 1-1,text,true,,463,10422,1,1,http://localhost:3002/fir,6,0,0
1675771368681,6,FIr Creation Request,201,Created,Firs Test single user 1-1,text,true,,463,10422,1,1,http://localhost:3002/fir,6,0,0
1675771368688,6,FIr Creation Request,201,Created,Firs Test single user 1-1,text,true,,463,10422,1,1,http://localhost:3002/fir,6,0,0
1675771368695,11,FIr Creation Request,201,Created,Firs Test single user 1-1,text,true,,463,10422,1,1,http://localhost:3002/fir,11,0,1
1675771368707,8,FIr Creation Request,201,Created,Firs Test single user 1-1,text,true,,463,10422,1,1,http://localhost:3002/fir,8,0,0
1675771368716,6,FIr Creation Request,201,Created,Firs Test single user 1-1,text,true,,463,10422,1,1,http://localhost:3002/fir,6,0,1
1675771368723,8,FIr Creation Request,201,Created,Firs Test single user 1-1,text,true,,463,10422,1,1,http://localhost:3002/fir,8,0,1
1675771368732,8,FIr Creation Request,201,Created,Firs Test single user 1-1,text,true,,463,10422,1,1,http://localhost:3002/fir,8,0,0
1675771368741,7,FIr Creation Request,201,Created,Firs Test single user 1-1,text,true,,463,10422,1,1,http://localhost:3002/fir,7,0,0
1675771368749,7,FIr Creation Request,201,Created,Firs Test single user 1-1,text,true,,463,10422,1,1,http://localhost:3002/fir,7,0,0
1675771368758,6,FIr Creation Request,201,Created,Firs Test single user 1-1,text,true,,463,10422,1,1,http://localhost:3002/fir,6,0,0
1675771368765,6,FIr Creation Request,201,Created,Firs Test single user 1-1,text,true,,463,10422,1,1,http://localhost:3002/fir,6,0,0
1675771368772,6,FIr Creation Request,201,Created,Firs Test single user 1-1,text,true,,463,10422,1,1,http://localhost:3002/fir,6,0,0
1675771368779,7,FIr Creation Request,201,Created,Firs Test single user 1-1,text,true,,463,10422,1,1,http://localhost:3002/fir,7,0,0
1675771368787,7,FIr Creation Request,201,Created,Firs Test single user 1-1,text,true,,463,10422,1,1,http://localhost:3002/fir,7,0,1
1675771368795,7,FIr Creation Request,201,Created,Firs Test single user 1-1,text,true,,463,10422,1,1,http://localhost:3002/fir,7,0,0
1675771368803,6,FIr Creation Request,201,Created,Firs Test single user 1-1,text,true,,463,10422,1,1,http://localhost:3002/fir,6,0,0
1675771368810,6,FIr Creation Request,201,Created,Firs Test single user 1-1,text,true,,463,10422,1,1,http://localhost:3002/fir,6,0,0
1675771368817,6,FIr Creation Request,201,Created,Firs Test single user 1-1,text,true,,463,10422,1,1,http://localhost:3002/fir,6,0,0
1675771368824,8,FIr Creation Request,201,Created,Firs Test single user 1-1,text,true,,463,10422,1,1,http://localhost:3002/fir,8,0,1
1675771368834,6,FIr Creation Request,201,Created,Firs Test single user 1-1,text,true,,463,10422,1,1,http://localhost:3002/fir,6,0,0
1675771368841,7,FIr Creation Request,201,Created,Firs Test single user 1-1,text,true,,463,10422,1,1,http://localhost:3002/fir,7,0,1
1675771368849,7,FIr Creation Request,201,Created,Firs Test single user 1-1,text,true,,463,10422,1,1,http://localhost:3002/fir,7,0,0
1675771368857,8,FIr Creation Request,201,Created,Firs Test single user 1-1,text,true,,463,10422,1,1,http://localhost:3002/fir,8,0,1
1675771368866,7,FIr Creation Request,201,Created,Firs Test single user 1-1,text,true,,463,10422,1,1,http://localhost:3002/fir,7,0,1
1675771368874,8,FIr Creation Request,201,Created,Firs Test single user 1-1,text,true,,463,10422,1,1,http://localhost:3002/fir,8,0,0
1675771368883,6,FIr Creation Request,201,Created,Firs Test single user 1-1,text,true,,463,10422,1,1,http://localhost:3002/fir,6,0,0
1675771368890,8,FIr Creation Request,201,Created,Firs Test single user 1-1,text,true,,463,10422,1,1,http://localhost:3002/fir,8,0,1
1675771368899,7,FIr Creation Request,201,Created,Firs Test single user 1-1,text,true,,463,10422,1,1,http://localhost:3002/fir,7,0,1
1675771368908,7,FIr Creation Request,201,Created,Firs Test single user 1-1,text,true,,463,10422,1,1,http://localhost:3002/fir,7,0,0
1675771368916,7,FIr Creation Request,201,Created,Firs Test single user 1-1,text,true,,463,10422,1,1,http://localhost:3002/fir,7,0,0
1675771368925,7,FIr Creation Request,201,Created,Firs Test single user 1-1,text,true,,463,10422,1,1,http://localhost:3002/fir,7,0,0
1675771368933,6,FIr Creation Request,201,Created,Firs Test single user 1-1,text,true,,463,10422,1,1,http://localhost:3002/fir,6,0,0
1675771368941,7,FIr Creation Request,201,Created,Firs Test single user 1-1,text,true,,463,10422,1,1,http://localhost:3002/fir,7,0,0
1675771368949,8,FIr Creation Request,201,Created,Firs Test single user 1-1,text,true,,463,10422,1,1,http://localhost:3002/fir,8,0,0
1675771368958,7,FIr Creation Request,201,Created,Firs Test single user 1-1,text,true,,463,10422,1,1,http://localhost:3002/fir,7,0,0
1675771368966,7,FIr Creation Request,201,Created,Firs Test single user 1-1,text,true,,463,10422,1,1,http://localhost:3002/fir,7,0,0
1675771368975,6,FIr Creation Request,201,Created,Firs Test single user 1-1,text,true,,463,10422,1,1,http://localhost:3002/fir,6,0,0
1675771368982,8,FIr Creation Request,201,Created,Firs Test single user 1-1,text,true,,463,10422,1,1,http://localhost:3002/fir,8,0,1
1675771368991,7,FIr Creation Request,201,Created,Firs Test single user 1-1,text,true,,463,10422,1,1,http://localhost:3002/fir,7,0,1
1675771368999,8,FIr Creation Request,201,Created,Firs Test single user 1-1,text,true,,463,10422,1,1,http://localhost:3002/fir,8,0,1
1675771369008,6,FIr Creation Request,201,Created,Firs Test single user 1-1,text,true,,463,10422,1,1,http://localhost:3002/fir,6,0,0
1675771369016,7,FIr Creation Request,201,Created,Firs Test single user 1-1,text,true,,463,10422,1,1,http://localhost:3002/fir,7,0,0
1675771369030,10,FIr Creation Request,201,Created,Firs Test single user 1-1,text,true,,463,10422,1,1,http://localhost:3002/fir,10,0,0
1675771369041,7,FIr Creation Request,201,Created,Firs Test single user 1-1,text,true,,463,10422,1,1,http://localhost:3002/fir,7,0,0
1675771369049,35,FIr Creation Request,201,Created,Firs Test single user 1-1,text,true,,463,10422,1,1,http://localhost:3002/fir,35,0,1
1675771369085,6,FIr Creation Request,201,Created,Firs Test single user 1-1,text,true,,463,10422,1,1,http://localhost:3002/fir,6,0,0
1675771369092,8,FIr Creation Request,201,Created,Firs Test single user 1-1,text,true,,463,10422,1,1,http://localhost:3002/fir,8,0,1
1675771369101,6,FIr Creation Request,201,Created,Firs Test single user 1-1,text,true,,463,10422,1,1,http://localhost:3002/fir,6,0,1
1675771369109,6,FIr Creation Request,201,Created,Firs Test single user 1-1,text,true,,463,10422,1,1,http://localhost:3002/fir,6,0,0
1675771369116,6,FIr Creation Request,201,Created,Firs Test single user 1-1,text,true,,463,10422,1,1,http://localhost:3002/fir,6,0,0
1675771369123,7,FIr Creation Request,201,Created,Firs Test single user 1-1,text,true,,463,10422,1,1,http://localhost:3002/fir,7,0,1
1675771369131,6,FIr Creation Request,201,Created,Firs Test single user 1-1,text,true,,463,10422,1,1,http://localhost:3002/fir,6,0,0
1675771369138,9,FIr Creation Request,201,Created,Firs Test single user 1-1,text,true,,463,10422,1,1,http://localhost:3002/fir,9,0,1
1675771369149,5,FIr Creation Request,201,Created,Firs Test single user 1-1,text,true,,463,10422,1,1,http://localhost:3002/fir,5,0,0
1675771369156,5,FIr Creation Request,201,Created,Firs Test single user 1-1,text,true,,463,10422,1,1,http://localhost:3002/fir,5,0,0
1675771369163,7,FIr Creation Request,201,Created,Firs Test single user 1-1,text,true,,463,10422,1,1,http://localhost:3002/fir,7,0,0
1675771369171,7,FIr Creation Request,201,Created,Firs Test single user 1-1,text,true,,463,10422,1,1,http://localhost:3002/fir,7,0,0
1675771369183,8,FIr Creation Request,201,Created,Firs Test single user 1-1,text,true,,463,10422,1,1,http://localhost:3002/fir,8,0,1
1675771369192,6,FIr Creation Request,201,Created,Firs Test single user 1-1,text,true,,463,10422,1,1,http://localhost:3002/fir,6,0,0
1675771369199,8,FIr Creation Request,201,Created,Firs Test single user 1-1,text,true,,463,10422,1,1,http://localhost:3002/fir,8,0,1
1675771369208,7,FIr Creation Request,201,Created,Firs Test single user 1-1,text,true,,463,10422,1,1,http://localhost:3002/fir,7,0,0
1675771369217,6,FIr Creation Request,201,Created,Firs Test single user 1-1,text,true,,463,10422,1,1,http://localhost:3002/fir,6,0,0
1675771369225,6,FIr Creation Request,201,Created,Firs Test single user 1-1,text,true,,463,10422,1,1,http://localhost:3002/fir,6,0,0
1675771369233,7,FIr Creation Request,201,Created,Firs Test single user 1-1,text,true,,463,10422,1,1,http://localhost:3002/fir,7,0,0
1675771369241,7,FIr Creation Request,201,Created,Firs Test single user 1-1,text,true,,463,10422,1,1,http://localhost:3002/fir,7,0,1
1675771369249,7,FIr Creation Request,201,Created,Firs Test single user 1-1,text,true,,463,10422,1,1,http://localhost:3002/fir,7,0,0
1675771369258,7,FIr Creation Request,201,Created,Firs Test single user 1-1,text,true,,463,10422,1,1,http://localhost:3002/fir,7,0,0
1675771369266,8,FIr Creation Request,201,Created,Firs Test single user 1-1,text,true,,463,10422,1,1,http://localhost:3002/fir,8,0,0
1675771369275,7,FIr Creation Request,201,Created,Firs Test single user 1-1,text,true,,463,10422,1,1,http://localhost:3002/fir,7,0,0
1675771369283,6,FIr Creation Request,201,Created,Firs Test single user 1-1,text,true,,463,10422,1,1,http://localhost:3002/fir,6,0,0
1675771369291,5,FIr Creation Request,201,Created,Firs Test single user 1-1,text,true,,463,10422,1,1,http://localhost:3002/fir,5,0,0
1675771369297,7,FIr Creation Request,201,Created,Firs Test single user 1-1,text,true,,463,10422,1,1,http://localhost:3002/fir,7,0,1
1675771369305,6,FIr Creation Request,201,Created,Firs Test single user 1-1,text,true,,463,10422,1,1,http://localhost:3002/fir,6,0,0
1675771369312,7,FIr Creation Request,201,Created,Firs Test single user 1-1,text,true,,463,10422,1,1,http://localhost:3002/fir,7,0,0
1675771369320,7,FIr Creation Request,201,Created,Firs Test single user 1-1,text,true,,463,10422,1,1,http://localhost:3002/fir,7,0,1
1675771369328,6,FIr Creation Request,201,Created,Firs Test single user 1-1,text,true,,463,10422,1,1,http://localhost:3002/fir,6,0,0
1675771369336,6,FIr Creation Request,201,Created,Firs Test single user 1-1,text,true,,463,10422,1,1,http://localhost:3002/fir,6,0,0
1675771369343,6,FIr Creation Request,201,Created,Firs Test single user 1-1,text,true,,463,10422,1,1,http://localhost:3002/fir,6,0,0
1675771369350,7,FIr Creation Request,201,Created,Firs Test single user 1-1,text,true,,463,10422,1,1,http://localhost:3002/fir,7,0,1
1675771369358,7,FIr Creation Request,201,Created,Firs Test single user 1-1,text,true,,463,10422,1,1,http://localhost:3002/fir,7,0,0
1675771369366,8,FIr Creation Request,201,Created,Firs Test single user 1-1,text,true,,463,10422,1,1,http://localhost:3002/fir,8,0,1
1675771369375,6,FIr Creation Request,201,Created,Firs Test single user 1-1,text,true,,463,10422,1,1,http://localhost:3002/fir,6,0,0
1675771369383,7,FIr Creation Request,201,Created,Firs Test single user 1-1,text,true,,463,10422,1,1,http://localhost:3002/fir,7,0,0
1675771369391,8,FIr Creation Request,201,Created,Firs Test single user 1-1,text,true,,463,10422,1,1,http://localhost:3002/fir,8,0,1
1675771369400,6,FIr Creation Request,201,Created,Firs Test single user 1-1,text,true,,463,10422,1,1,http://localhost:3002/fir,6,0,0
1675771369408,399,FIr Creation Request,201,Created,Firs Test single user 1-1,text,true,,463,10422,1,1,http://localhost:3002/fir,399,0,0
1675771369809,19,FIr Creation Request,201,Created,Firs Test single user 1-1,text,true,,463,10422,1,1,http://localhost:3002/fir,19,0,0
1675771369829,7,FIr Creation Request,201,Created,Firs Test single user 1-1,text,true,,463,10422,1,1,http://localhost:3002/fir,7,0,0
1675771369838,8,FIr Creation Request,201,Created,Firs Test single user 1-1,text,true,,463,10422,1,1,http://localhost:3002/fir,8,0,0
1675771369848,5,FIr Creation Request,201,Created,Firs Test single user 1-1,text,true,,463,10422,1,1,http://localhost:3002/fir,5,0,0
1675771369854,7,FIr Creation Request,201,Created,Firs Test single user 1-1,text,true,,463,10422,1,1,http://localhost:3002/fir,7,0,0
1675771369862,6,FIr Creation Request,201,Created,Firs Test single user 1-1,text,true,,463,10422,1,1,http://localhost:3002/fir,6,0,0
1675771369869,179,FIr Creation Request,201,Created,Firs Test single user 1-1,text,true,,463,10422,1,1,http://localhost:3002/fir,179,0,0
1675771370059,8,FIr Creation Request,201,Created,Firs Test single user 1-1,text,true,,463,10422,1,1,http://localhost:3002/fir,8,0,0
1675771370069,7,FIr Creation Request,201,Created,Firs Test single user 1-1,text,true,,463,10422,1,1,http://localhost:3002/fir,7,0,0
1675771370077,9,FIr Creation Request,201,Created,Firs Test single user 1-1,text,true,,463,10422,1,1,http://localhost:3002/fir,9,0,1
1675771370087,7,FIr Creation Request,201,Created,Firs Test single user 1-1,text,true,,463,10422,1,1,http://localhost:3002/fir,7,0,0
1675771370096,6,FIr Creation Request,201,Created,Firs Test single user 1-1,text,true,,463,10422,1,1,http://localhost:3002/fir,6,0,0
1675771370103,7,FIr Creation Request,201,Created,Firs Test single user 1-1,text,true,,463,10422,1,1,http://localhost:3002/fir,7,0,0
1675771370111,7,FIr Creation Request,201,Created,Firs Test single user 1-1,text,true,,463,10422,1,1,http://localhost:3002/fir,7,0,0
1675771370119,7,FIr Creation Request,201,Created,Firs Test single user 1-1,text,true,,463,10422,1,1,http://localhost:3002/fir,7,0,0
1675771370198,7,FIr Creation Request,201,Created,Firs Test single user 1-1,text,true,,463,10422,1,1,http://localhost:3002/fir,7,0,1
1675771370208,8,FIr Creation Request,201,Created,Firs Test single user 1-1,text,true,,463,10422,1,1,http://localhost:3002/fir,8,0,1
1675771370217,7,FIr Creation Request,201,Created,Firs Test single user 1-1,text,true,,463,10422,1,1,http://localhost:3002/fir,7,0,0
1675771370225,8,FIr Creation Request,201,Created,Firs Test single user 1-1,text,true,,463,10422,1,1,http://localhost:3002/fir,8,0,1
1675771370234,7,FIr Creation Request,201,Created,Firs Test single user 1-1,text,true,,463,10422,1,1,http://localhost:3002/fir,7,0,0
1675771370242,8,FIr Creation Request,201,Created,Firs Test single user 1-1,text,true,,463,10422,1,1,http://localhost:3002/fir,8,0,0
1675771370251,6,FIr Creation Request,201,Created,Firs Test single user 1-1,text,true,,463,10422,1,1,http://localhost:3002/fir,6,0,0
1675771370258,6,FIr Creation Request,201,Created,Firs Test single user 1-1,text,true,,463,10422,1,1,http://localhost:3002/fir,6,0,0
1675771370266,5,FIr Creation Request,201,Created,Firs Test single user 1-1,text,true,,463,10422,1,1,http://localhost:3002/fir,5,0,0
1675771370273,6,FIr Creation Request,201,Created,Firs Test single user 1-1,text,true,,463,10422,1,1,http://localhost:3002/fir,6,0,0
1675771370281,5,FIr Creation Request,201,Created,Firs Test single user 1-1,text,true,,463,10422,1,1,http://localhost:3002/fir,5,0,0
1675771370288,6,FIr Creation Request,201,Created,Firs Test single user 1-1,text,true,,463,10422,1,1,http://localhost:3002/fir,6,0,0
1675771370295,6,FIr Creation Request,201,Created,Firs Test single user 1-1,text,true,,463,10422,1,1,http://localhost:3002/fir,6,0,0
1675771370302,6,FIr Creation Request,201,Created,Firs Test single user 1-1,text,true,,463,10422,1,1,http://localhost:3002/fir,6,0,0
1675771370309,7,FIr Creation Request,201,Created,Firs Test single user 1-1,text,true,,463,10422,1,1,http://localhost:3002/fir,7,0,0
1675771370317,6,FIr Creation Request,201,Created,Firs Test single user 1-1,text,true,,463,10422,1,1,http://localhost:3002/fir,6,0,0
1675771370324,7,FIr Creation Request,201,Created,Firs Test single user 1-1,text,true,,463,10422,1,1,http://localhost:3002/fir,7,0,1
1675771370332,6,FIr Creation Request,201,Created,Firs Test single user 1-1,text,true,,463,10422,1,1,http://localhost:3002/fir,6,0,0
1675771370339,6,FIr Creation Request,201,Created,Firs Test single user 1-1,text,true,,463,10422,1,1,http://localhost:3002/fir,6,0,1
1675771370347,7,FIr Creation Request,201,Created,Firs Test single user 1-1,text,true,,463,10422,1,1,http://localhost:3002/fir,7,0,0
1675771370356,6,FIr Creation Request,201,Created,Firs Test single user 1-1,text,true,,463,10422,1,1,http://localhost:3002/fir,6,0,0
1675771370363,8,FIr Creation Request,201,Created,Firs Test single user 1-1,text,true,,463,10422,1,1,http://localhost:3002/fir,8,0,1
1675771370372,7,FIr Creation Request,201,Created,Firs Test single user 1-1,text,true,,463,10422,1,1,http://localhost:3002/fir,7,0,0
1675771370380,8,FIr Creation Request,201,Created,Firs Test single user 1-1,text,true,,463,10422,1,1,http://localhost:3002/fir,8,0,1
1675771370389,7,FIr Creation Request,201,Created,Firs Test single user 1-1,text,true,,463,10422,1,1,http://localhost:3002/fir,7,0,0
1675771370397,7,FIr Creation Request,201,Created,Firs Test single user 1-1,text,true,,463,10422,1,1,http://localhost:3002/fir,7,0,0
1675771370405,12,FIr Creation Request,201,Created,Firs Test single user 1-1,text,true,,463,10422,1,1,http://localhost:3002/fir,12,0,0
1675771370418,6,FIr Creation Request,201,Created,Firs Test single user 1-1,text,true,,463,10422,1,1,http://localhost:3002/fir,6,0,0
1675771370425,10,FIr Creation Request,201,Created,Firs Test single user 1-1,text,true,,463,10422,1,1,http://localhost:3002/fir,10,0,0
1675771370436,6,FIr Creation Request,201,Created,Firs Test single user 1-1,text,true,,463,10422,1,1,http://localhost:3002/fir,6,0,1
1675771370444,5,FIr Creation Request,201,Created,Firs Test single user 1-1,text,true,,463,10422,1,1,http://localhost:3002/fir,5,0,0
1675771370451,5,FIr Creation Request,201,Created,Firs Test single user 1-1,text,true,,463,10422,1,1,http://localhost:3002/fir,5,0,0
1675771370457,6,FIr Creation Request,201,Created,Firs Test single user 1-1,text,true,,463,10422,1,1,http://localhost:3002/fir,6,0,1
1675771370464,7,FIr Creation Request,201,Created,Firs Test single user 1-1,text,true,,463,10422,1,1,http://localhost:3002/fir,7,0,1
1675771370472,7,FIr Creation Request,201,Created,Firs Test single user 1-1,text,true,,463,10422,1,1,http://localhost:3002/fir,7,0,0
1675771370480,7,FIr Creation Request,201,Created,Firs Test single user 1-1,text,true,,463,10422,1,1,http://localhost:3002/fir,7,0,0
1675771370489,7,FIr Creation Request,201,Created,Firs Test single user 1-1,text,true,,463,10422,1,1,http://localhost:3002/fir,7,0,0
1675771370497,8,FIr Creation Request,201,Created,Firs Test single user 1-1,text,true,,463,10422,1,1,http://localhost:3002/fir,8,0,0
1675771370506,7,FIr Creation Request,201,Created,Firs Test single user 1-1,text,true,,463,10422,1,1,http://localhost:3002/fir,7,0,0
1675771370514,7,FIr Creation Request,201,Created,Firs Test single user 1-1,text,true,,463,10422,1,1,http://localhost:3002/fir,7,0,0
1675771370522,8,FIr Creation Request,201,Created,Firs Test single user 1-1,text,true,,463,10422,1,1,http://localhost:3002/fir,8,0,0
1675771370531,7,FIr Creation Request,201,Created,Firs Test single user 1-1,text,true,,463,10422,1,1,http://localhost:3002/fir,7,0,0
1675771370539,7,FIr Creation Request,201,Created,Firs Test single user 1-1,text,true,,463,10422,1,1,http://localhost:3002/fir,7,0,1
1675771370547,11,FIr Creation Request,201,Created,Firs Test single user 1-1,text,true,,463,10422,1,1,http://localhost:3002/fir,11,0,1
1675771370563,9,FIr Creation Request,201,Created,Firs Test single user 1-1,text,true,,463,10422,1,1,http://localhost:3002/fir,9,0,0
1675771370573,6,FIr Creation Request,201,Created,Firs Test single user 1-1,text,true,,463,10422,1,1,http://localhost:3002/fir,6,0,0
1675771370581,6,FIr Creation Request,201,Created,Firs Test single user 1-1,text,true,,463,10422,1,1,http://localhost:3002/fir,6,0,0
1675771370589,7,FIr Creation Request,201,Created,Firs Test single user 1-1,text,true,,463,10422,1,1,http://localhost:3002/fir,7,0,0
1675771370597,7,FIr Creation Request,201,Created,Firs Test single user 1-1,text,true,,463,10422,1,1,http://localhost:3002/fir,7,0,1
1675771370605,8,FIr Creation Request,201,Created,Firs Test single user 1-1,text,true,,463,10422,1,1,http://localhost:3002/fir,8,0,1
1675771370614,7,FIr Creation Request,201,Created,Firs Test single user 1-1,text,true,,463,10422,1,1,http://localhost:3002/fir,7,0,0
1675771370623,6,FIr Creation Request,201,Created,Firs Test single user 1-1,text,true,,463,10422,1,1,http://localhost:3002/fir,6,0,0
1675771370631,11,FIr Creation Request,201,Created,Firs Test single user 1-1,text,true,,463,10422,1,1,http://localhost:3002/fir,11,0,0
1675771370643,7,FIr Creation Request,201,Created,Firs Test single user 1-1,text,true,,463,10422,1,1,http://localhost:3002/fir,7,0,0
1675771370651,7,FIr Creation Request,201,Created,Firs Test single user 1-1,text,true,,463,10422,1,1,http://localhost:3002/fir,7,0,0
1675771370659,35,FIr Creation Request,201,Created,Firs Test single user 1-1,text,true,,463,10422,1,1,http://localhost:3002/fir,35,0,0
1675771370695,7,FIr Creation Request,201,Created,Firs Test single user 1-1,text,true,,463,10422,1,1,http://localhost:3002/fir,7,0,0
1675771370703,8,FIr Creation Request,201,Created,Firs Test single user 1-1,text,true,,463,10422,1,1,http://localhost:3002/fir,8,0,0
1675771370718,7,FIr Creation Request,201,Created,Firs Test single user 1-1,text,true,,463,10422,1,1,http://localhost:3002/fir,7,0,1
1675771370726,7,FIr Creation Request,201,Created,Firs Test single user 1-1,text,true,,463,10422,1,1,http://localhost:3002/fir,7,0,0
1675771370734,7,FIr Creation Request,201,Created,Firs Test single user 1-1,text,true,,463,10422,1,1,http://localhost:3002/fir,7,0,0
1675771370743,11,FIr Creation Request,201,Created,Firs Test single user 1-1,text,true,,463,10422,1,1,http://localhost:3002/fir,11,0,0
1675771370756,6,FIr Creation Request,201,Created,Firs Test single user 1-1,text,true,,463,10422,1,1,http://localhost:3002/fir,6,0,0
1675771370764,7,FIr Creation Request,201,Created,Firs Test single user 1-1,text,true,,463,10422,1,1,http://localhost:3002/fir,7,0,0
1675771370773,424,FIr Creation Request,201,Created,Firs Test single user 1-1,text,true,,463,10422,1,1,http://localhost:3002/fir,424,0,0
1675771371198,8,FIr Creation Request,201,Created,Firs Test single user 1-1,text,true,,463,10422,1,1,http://localhost:3002/fir,8,0,0
1675771371207,6,FIr Creation Request,201,Created,Firs Test single user 1-1,text,true,,463,10422,1,1,http://localhost:3002/fir,6,0,0
1675771371214,6,FIr Creation Request,201,Created,Firs Test single user 1-1,text,true,,463,10422,1,1,http://localhost:3002/fir,6,0,0
1675771371221,7,FIr Creation Request,201,Created,Firs Test single user 1-1,text,true,,463,10422,1,1,http://localhost:3002/fir,7,0,1
1675771371232,6,FIr Creation Request,201,Created,Firs Test single user 1-1,text,true,,463,10422,1,1,http://localhost:3002/fir,6,0,0
1675771371240,109,FIr Creation Request,201,Created,Firs Test single user 1-1,text,true,,463,10422,1,1,http://localhost:3002/fir,109,0,0
1675771371351,12,FIr Creation Request,201,Created,Firs Test single user 1-1,text,true,,463,10422,1,1,http://localhost:3002/fir,12,0,0
1675771371364,8,FIr Creation Request,201,Created,Firs Test single user 1-1,text,true,,463,10422,1,1,http://localhost:3002/fir,8,0,1
1675771371373,7,FIr Creation Request,201,Created,Firs Test single user 1-1,text,true,,463,10422,1,1,http://localhost:3002/fir,7,0,1
1675771371381,7,FIr Creation Request,201,Created,Firs Test single user 1-1,text,true,,463,10422,1,1,http://localhost:3002/fir,7,0,0
1675771371389,7,FIr Creation Request,201,Created,Firs Test single user 1-1,text,true,,463,10422,1,1,http://localhost:3002/fir,7,0,0
1675771371397,6,FIr Creation Request,201,Created,Firs Test single user 1-1,text,true,,463,10422,1,1,http://localhost:3002/fir,6,0,1
1675771371404,6,FIr Creation Request,201,Created,Firs Test single user 1-1,text,true,,463,10422,1,1,http://localhost:3002/fir,6,0,1
1675771371412,6,FIr Creation Request,201,Created,Firs Test single user 1-1,text,true,,463,10422,1,1,http://localhost:3002/fir,6,0,0
1675771371420,6,FIr Creation Request,201,Created,Firs Test single user 1-1,text,true,,463,10422,1,1,http://localhost:3002/fir,6,0,0
1675771371427,7,FIr Creation Request,201,Created,Firs Test single user 1-1,text,true,,463,10422,1,1,http://localhost:3002/fir,7,0,0
1675771371435,8,FIr Creation Request,201,Created,Firs Test single user 1-1,text,true,,463,10422,1,1,http://localhost:3002/fir,8,0,0
1675771371444,7,FIr Creation Request,201,Created,Firs Test single user 1-1,text,true,,463,10422,1,1,http://localhost:3002/fir,7,0,0
1675771371452,8,FIr Creation Request,201,Created,Firs Test single user 1-1,text,true,,463,10422,1,1,http://localhost:3002/fir,8,0,0
1675771371461,6,FIr Creation Request,201,Created,Firs Test single user 1-1,text,true,,463,10422,1,1,http://localhost:3002/fir,6,0,0
1675771371469,7,FIr Creation Request,201,Created,Firs Test single user 1-1,text,true,,463,10422,1,1,http://localhost:3002/fir,7,0,0
1675771371477,8,FIr Creation Request,201,Created,Firs Test single user 1-1,text,true,,463,10422,1,1,http://localhost:3002/fir,8,0,0
1675771371486,7,FIr Creation Request,201,Created,Firs Test single user 1-1,text,true,,463,10422,1,1,http://localhost:3002/fir,7,0,1
1675771371494,8,FIr Creation Request,201,Created,Firs Test single user 1-1,text,true,,463,10422,1,1,http://localhost:3002/fir,8,0,0
1675771371503,6,FIr Creation Request,201,Created,Firs Test single user 1-1,text,true,,463,10422,1,1,http://localhost:3002/fir,6,0,0
1675771371511,7,FIr Creation Request,201,Created,Firs Test single user 1-1,text,true,,463,10422,1,1,http://localhost:3002/fir,7,0,0
1675771371519,7,FIr Creation Request,201,Created,Firs Test single user 1-1,text,true,,463,10422,1,1,http://localhost:3002/fir,7,0,0
1675771371527,6,FIr Creation Request,201,Created,Firs Test single user 1-1,text,true,,463,10422,1,1,http://localhost:3002/fir,6,0,0
1675771371534,7,FIr Creation Request,201,Created,Firs Test single user 1-1,text,true,,463,10422,1,1,http://localhost:3002/fir,7,0,1
1675771371542,6,FIr Creation Request,201,Created,Firs Test single user 1-1,text,true,,463,10422,1,1,http://localhost:3002/fir,6,0,0
1675771371550,6,FIr Creation Request,201,Created,Firs Test single user 1-1,text,true,,463,10422,1,1,http://localhost:3002/fir,6,0,0
1675771371557,8,FIr Creation Request,201,Created,Firs Test single user 1-1,text,true,,463,10422,1,1,http://localhost:3002/fir,8,0,0
1675771371566,7,FIr Creation Request,201,Created,Firs Test single user 1-1,text,true,,463,10422,1,1,http://localhost:3002/fir,7,0,0
1675771371574,7,FIr Creation Request,201,Created,Firs Test single user 1-1,text,true,,463,10422,1,1,http://localhost:3002/fir,7,0,1
1675771371587,6,FIr Creation Request,201,Created,Firs Test single user 1-1,text,true,,463,10422,1,1,http://localhost:3002/fir,6,0,0
1675771371594,7,FIr Creation Request,201,Created,Firs Test single user 1-1,text,true,,463,10422,1,1,http://localhost:3002/fir,7,0,1
1675771371602,8,FIr Creation Request,201,Created,Firs Test single user 1-1,text,true,,463,10422,1,1,http://localhost:3002/fir,8,0,1
1675771371611,7,FIr Creation Request,201,Created,Firs Test single user 1-1,text,true,,463,10422,1,1,http://localhost:3002/fir,7,0,0
1675771371619,7,FIr Creation Request,201,Created,Firs Test single user 1-1,text,true,,463,10422,1,1,http://localhost:3002/fir,7,0,0
1675771371628,7,FIr Creation Request,201,Created,Firs Test single user 1-1,text,true,,463,10422,1,1,http://localhost:3002/fir,7,0,0
1675771371636,7,FIr Creation Request,201,Created,Firs Test single user 1-1,text,true,,463,10422,1,1,http://localhost:3002/fir,7,0,0
1675771371644,7,FIr Creation Request,201,Created,Firs Test single user 1-1,text,true,,463,10422,1,1,http://localhost:3002/fir,7,0,0
1675771371652,8,FIr Creation Request,201,Created,Firs Test single user 1-1,text,true,,463,10422,1,1,http://localhost:3002/fir,8,0,1
1675771371661,7,FIr Creation Request,201,Created,Firs Test single user 1-1,text,true,,463,10422,1,1,http://localhost:3002/fir,7,0,0
1675771371669,7,FIr Creation Request,201,Created,Firs Test single user 1-1,text,true,,463,10422,1,1,http://localhost:3002/fir,7,0,0
1675771371677,6,FIr Creation Request,201,Created,Firs Test single user 1-1,text,true,,463,10422,1,1,http://localhost:3002/fir,6,0,0
1675771371684,6,FIr Creation Request,201,Created,Firs Test single user 1-1,text,true,,463,10422,1,1,http://localhost:3002/fir,6,0,1
1675771371691,6,FIr Creation Request,201,Created,Firs Test single user 1-1,text,true,,463,10422,1,1,http://localhost:3002/fir,6,0,1
1675771371698,6,FIr Creation Request,201,Created,Firs Test single user 1-1,text,true,,463,10422,1,1,http://localhost:3002/fir,6,0,0
1675771371705,10,FIr Creation Request,201,Created,Firs Test single user 1-1,text,true,,463,10422,1,1,http://localhost:3002/fir,10,0,0
1675771371716,7,FIr Creation Request,201,Created,Firs Test single user 1-1,text,true,,463,10422,1,1,http://localhost:3002/fir,7,0,0
1675771371724,7,FIr Creation Request,201,Created,Firs Test single user 1-1,text,true,,463,10422,1,1,http://localhost:3002/fir,7,0,0
1675771371732,7,FIr Creation Request,201,Created,Firs Test single user 1-1,text,true,,463,10422,1,1,http://localhost:3002/fir,7,0,1
1675771371743,9,FIr Creation Request,201,Created,Firs Test single user 1-1,text,true,,463,10422,1,1,http://localhost:3002/fir,9,0,0
1675771371754,6,FIr Creation Request,201,Created,Firs Test single user 1-1,text,true,,463,10422,1,1,http://localhost:3002/fir,6,0,0
1675771371761,8,FIr Creation Request,201,Created,Firs Test single user 1-1,text,true,,463,10422,1,1,http://localhost:3002/fir,8,0,0
1675771371770,7,FIr Creation Request,201,Created,Firs Test single user 1-1,text,true,,463,10422,1,1,http://localhost:3002/fir,7,0,0
1675771371778,7,FIr Creation Request,201,Created,Firs Test single user 1-1,text,true,,463,10422,1,1,http://localhost:3002/fir,7,0,0
1675771371786,7,FIr Creation Request,201,Created,Firs Test single user 1-1,text,true,,463,10422,1,1,http://localhost:3002/fir,7,0,0
1675771371795,7,FIr Creation Request,201,Created,Firs Test single user 1-1,text,true,,463,10422,1,1,http://localhost:3002/fir,7,0,0
1675771371803,7,FIr Creation Request,201,Created,Firs Test single user 1-1,text,true,,463,10422,1,1,http://localhost:3002/fir,7,0,0
1675771371811,6,FIr Creation Request,201,Created,Firs Test single user 1-1,text,true,,463,10422,1,1,http://localhost:3002/fir,6,0,0
1675771371819,6,FIr Creation Request,201,Created,Firs Test single user 1-1,text,true,,463,10422,1,1,http://localhost:3002/fir,6,0,0
1675771371826,7,FIr Creation Request,201,Created,Firs Test single user 1-1,text,true,,463,10422,1,1,http://localhost:3002/fir,7,0,1
1675771371834,6,FIr Creation Request,201,Created,Firs Test single user 1-1,text,true,,463,10422,1,1,http://localhost:3002/fir,6,0,0
1675771371841,6,FIr Creation Request,201,Created,Firs Test single user 1-1,text,true,,463,10422,1,1,http://localhost:3002/fir,6,0,1
1675771371849,7,FIr Creation Request,201,Created,Firs Test single user 1-1,text,true,,463,10422,1,1,http://localhost:3002/fir,7,0,0
1675771371858,7,FIr Creation Request,201,Created,Firs Test single user 1-1,text,true,,463,10422,1,1,http://localhost:3002/fir,7,0,0
1675771371866,7,FIr Creation Request,201,Created,Firs Test single user 1-1,text,true,,463,10422,1,1,http://localhost:3002/fir,7,0,0
1675771371875,6,FIr Creation Request,201,Created,Firs Test single user 1-1,text,true,,463,10422,1,1,http://localhost:3002/fir,6,0,0
1675771371882,8,FIr Creation Request,201,Created,Firs Test single user 1-1,text,true,,463,10422,1,1,http://localhost:3002/fir,8,0,0
1675771371891,10,FIr Creation Request,201,Created,Firs Test single user 1-1,text,true,,463,10422,1,1,http://localhost:3002/fir,10,0,0
1675771371902,8,FIr Creation Request,201,Created,Firs Test single user 1-1,text,true,,463,10422,1,1,http://localhost:3002/fir,8,0,1
1675771371912,6,FIr Creation Request,201,Created,Firs Test single user 1-1,text,true,,463,10422,1,1,http://localhost:3002/fir,6,0,0
1675771371920,6,FIr Creation Request,201,Created,Firs Test single user 1-1,text,true,,463,10422,1,1,http://localhost:3002/fir,6,0,0
1675771371928,28,FIr Creation Request,201,Created,Firs Test single user 1-1,text,true,,463,10422,1,1,http://localhost:3002/fir,28,0,0
1675771371958,10,FIr Creation Request,201,Created,Firs Test single user 1-1,text,true,,463,10422,1,1,http://localhost:3002/fir,10,0,0
1675771371969,8,FIr Creation Request,201,Created,Firs Test single user 1-1,text,true,,463,10422,1,1,http://localhost:3002/fir,8,0,1
1675771371978,28,FIr Creation Request,201,Created,Firs Test single user 1-1,text,true,,463,10422,1,1,http://localhost:3002/fir,28,0,0
1675771372007,8,FIr Creation Request,201,Created,Firs Test single user 1-1,text,true,,463,10422,1,1,http://localhost:3002/fir,7,0,1
1675771372016,6,FIr Creation Request,201,Created,Firs Test single user 1-1,text,true,,463,10422,1,1,http://localhost:3002/fir,6,0,0
1675771372023,8,FIr Creation Request,201,Created,Firs Test single user 1-1,text,true,,463,10422,1,1,http://localhost:3002/fir,8,0,1
1675771372033,7,FIr Creation Request,201,Created,Firs Test single user 1-1,text,true,,463,10422,1,1,http://localhost:3002/fir,7,0,0
1675771372042,6,FIr Creation Request,201,Created,Firs Test single user 1-1,text,true,,463,10422,1,1,http://localhost:3002/fir,6,0,0
1675771372049,8,FIr Creation Request,201,Created,Firs Test single user 1-1,text,true,,463,10422,1,1,http://localhost:3002/fir,8,0,1
1675771372058,7,FIr Creation Request,201,Created,Firs Test single user 1-1,text,true,,463,10422,1,1,http://localhost:3002/fir,7,0,0
1675771372067,6,FIr Creation Request,201,Created,Firs Test single user 1-1,text,true,,463,10422,1,1,http://localhost:3002/fir,6,0,0
1675771372074,7,FIr Creation Request,201,Created,Firs Test single user 1-1,text,true,,463,10422,1,1,http://localhost:3002/fir,7,0,1
1675771372083,10,FIr Creation Request,201,Created,Firs Test single user 1-1,text,true,,463,10422,1,1,http://localhost:3002/fir,10,0,0
1675771372100,7,FIr Creation Request,201,Created,Firs Test single user 1-1,text,true,,463,10422,1,1,http://localhost:3002/fir,7,0,0
1675771372108,7,FIr Creation Request,201,Created,Firs Test single user 1-1,text,true,,463,10422,1,1,http://localhost:3002/fir,7,0,0
1675771372116,7,FIr Creation Request,201,Created,Firs Test single user 1-1,text,true,,463,10422,1,1,http://localhost:3002/fir,7,0,0
1675771372124,7,FIr Creation Request,201,Created,Firs Test single user 1-1,text,true,,463,10422,1,1,http://localhost:3002/fir,7,0,0
1675771372133,9,FIr Creation Request,201,Created,Firs Test single user 1-1,text,true,,463,10422,1,1,http://localhost:3002/fir,9,0,0
1675771372143,390,FIr Creation Request,201,Created,Firs Test single user 1-1,text,true,,463,10422,1,1,http://localhost:3002/fir,390,0,0
1675771372535,31,FIr Creation Request,201,Created,Firs Test single user 1-1,text,true,,463,10422,1,1,http://localhost:3002/fir,31,0,0
1675771372568,8,FIr Creation Request,201,Created,Firs Test single user 1-1,text,true,,463,10422,1,1,http://localhost:3002/fir,8,0,0
1675771372577,6,FIr Creation Request,201,Created,Firs Test single user 1-1,text,true,,463,10422,1,1,http://localhost:3002/fir,6,0,0
1675771372584,7,FIr Creation Request,201,Created,Firs Test single user 1-1,text,true,,463,10422,1,1,http://localhost:3002/fir,7,0,0
1675771372592,6,FIr Creation Request,201,Created,Firs Test single user 1-1,text,true,,463,10422,1,1,http://localhost:3002/fir,6,0,0
1675771372599,7,FIr Creation Request,201,Created,Firs Test single user 1-1,text,true,,463,10422,1,1,http://localhost:3002/fir,7,0,1
1675771372613,8,FIr Creation Request,201,Created,Firs Test single user 1-1,text,true,,463,10422,1,1,http://localhost:3002/fir,8,0,0
1675771372622,6,FIr Creation Request,201,Created,Firs Test single user 1-1,text,true,,463,10422,1,1,http://localhost:3002/fir,6,0,0
1675771372629,6,FIr Creation Request,201,Created,Firs Test single user 1-1,text,true,,463,10422,1,1,http://localhost:3002/fir,6,0,0
1675771372636,7,FIr Creation Request,201,Created,Firs Test single user 1-1,text,true,,463,10422,1,1,http://localhost:3002/fir,7,0,0
1675771372644,6,FIr Creation Request,201,Created,Firs Test single user 1-1,text,true,,463,10422,1,1,http://localhost:3002/fir,6,0,0
1675771372651,474,FIr Creation Request,201,Created,Firs Test single user 1-1,text,true,,463,10422,1,1,http://localhost:3002/fir,474,0,1
1675771373126,40,FIr Creation Request,201,Created,Firs Test single user 1-1,text,true,,463,10422,1,1,http://localhost:3002/fir,40,0,1
1675771373168,9,FIr Creation Request,201,Created,Firs Test single user 1-1,text,true,,463,10422,1,1,http://localhost:3002/fir,9,0,1
1675771373178,10,FIr Creation Request,201,Created,Firs Test single user 1-1,text,true,,463,10422,1,1,http://localhost:3002/fir,10,0,1
1675771373190,9,FIr Creation Request,201,Created,Firs Test single user 1-1,text,true,,463,10422,1,1,http://localhost:3002/fir,9,0,0
1675771373200,12,FIr Creation Request,201,Created,Firs Test single user 1-1,text,true,,463,10422,1,1,http://localhost:3002/fir,12,0,0
1675771373213,8,FIr Creation Request,201,Created,Firs Test single user 1-1,text,true,,463,10422,1,1,http://localhost:3002/fir,8,0,0
1675771373223,7,FIr Creation Request,201,Created,Firs Test single user 1-1,text,true,,463,10422,1,1,http://localhost:3002/fir,7,0,0
1675771373231,6,FIr Creation Request,201,Created,Firs Test single user 1-1,text,true,,463,10422,1,1,http://localhost:3002/fir,6,0,0
1675771373239,8,FIr Creation Request,201,Created,Firs Test single user 1-1,text,true,,463,10422,1,1,http://localhost:3002/fir,8,0,0
1675771373249,7,FIr Creation Request,201,Created,Firs Test single user 1-1,text,true,,463,10422,1,1,http://localhost:3002/fir,7,0,0
1675771373257,6,FIr Creation Request,201,Created,Firs Test single user 1-1,text,true,,463,10422,1,1,http://localhost:3002/fir,6,0,0
1675771373264,6,FIr Creation Request,201,Created,Firs Test single user 1-1,text,true,,463,10422,1,1,http://localhost:3002/fir,6,0,1
1675771373279,7,FIr Creation Request,201,Created,Firs Test single user 1-1,text,true,,463,10422,1,1,http://localhost:3002/fir,7,0,0
1675771373287,7,FIr Creation Request,201,Created,Firs Test single user 1-1,text,true,,463,10422,1,1,http://localhost:3002/fir,7,0,0
1675771373295,7,FIr Creation Request,201,Created,Firs Test single user 1-1,text,true,,463,10422,1,1,http://localhost:3002/fir,7,0,1
1675771373303,7,FIr Creation Request,201,Created,Firs Test single user 1-1,text,true,,463,10422,1,1,http://localhost:3002/fir,7,0,1
1675771373312,7,FIr Creation Request,201,Created,Firs Test single user 1-1,text,true,,463,10422,1,1,http://localhost:3002/fir,7,0,0
1675771373320,7,FIr Creation Request,201,Created,Firs Test single user 1-1,text,true,,463,10422,1,1,http://localhost:3002/fir,7,0,0
1675771373328,13,FIr Creation Request,201,Created,Firs Test single user 1-1,text,true,,463,10422,1,1,http://localhost:3002/fir,13,0,1
1675771373342,7,FIr Creation Request,201,Created,Firs Test single user 1-1,text,true,,463,10422,1,1,http://localhost:3002/fir,7,0,0
1675771373351,6,FIr Creation Request,201,Created,Firs Test single user 1-1,text,true,,463,10422,1,1,http://localhost:3002/fir,6,0,0
1675771373358,7,FIr Creation Request,201,Created,Firs Test single user 1-1,text,true,,463,10422,1,1,http://localhost:3002/fir,7,0,1
1675771373367,7,FIr Creation Request,201,Created,Firs Test single user 1-1,text,true,,463,10422,1,1,http://localhost:3002/fir,7,0,0
1675771373375,7,FIr Creation Request,201,Created,Firs Test single user 1-1,text,true,,463,10422,1,1,http://localhost:3002/fir,7,0,0
1675771373383,8,FIr Creation Request,201,Created,Firs Test single user 1-1,text,true,,463,10422,1,1,http://localhost:3002/fir,8,0,0
1675771373392,7,FIr Creation Request,201,Created,Firs Test single user 1-1,text,true,,463,10422,1,1,http://localhost:3002/fir,7,0,0
1675771373400,8,FIr Creation Request,201,Created,Firs Test single user 1-1,text,true,,463,10422,1,1,http://localhost:3002/fir,8,0,1
1675771373409,6,FIr Creation Request,201,Created,Firs Test single user 1-1,text,true,,463,10422,1,1,http://localhost:3002/fir,6,0,0
1675771373416,8,FIr Creation Request,201,Created,Firs Test single user 1-1,text,true,,463,10422,1,1,http://localhost:3002/fir,8,0,1
1675771373426,7,FIr Creation Request,201,Created,Firs Test single user 1-1,text,true,,463,10422,1,1,http://localhost:3002/fir,7,0,0
1675771373434,7,FIr Creation Request,201,Created,Firs Test single user 1-1,text,true,,463,10422,1,1,http://localhost:3002/fir,7,0,0
1675771373442,7,FIr Creation Request,201,Created,Firs Test single user 1-1,text,true,,463,10422,1,1,http://localhost:3002/fir,7,0,0
1675771373450,11,FIr Creation Request,201,Created,Firs Test single user 1-1,text,true,,463,10422,1,1,http://localhost:3002/fir,11,0,0
1675771373462,8,FIr Creation Request,201,Created,Firs Test single user 1-1,text,true,,463,10422,1,1,http://localhost:3002/fir,8,0,1
1675771373472,5,FIr Creation Request,201,Created,Firs Test single user 1-1,text,true,,463,10422,1,1,http://localhost:3002/fir,5,0,0
1675771373479,7,FIr Creation Request,201,Created,Firs Test single user 1-1,text,true,,463,10422,1,1,http://localhost:3002/fir,7,0,0
1675771373487,7,FIr Creation Request,201,Created,Firs Test single user 1-1,text,true,,463,10422,1,1,http://localhost:3002/fir,7,0,0
1675771373495,8,FIr Creation Request,201,Created,Firs Test single user 1-1,text,true,,463,10422,1,1,http://localhost:3002/fir,8,0,0
1675771373504,222,FIr Creation Request,201,Created,Firs Test single user 1-1,text,true,,463,10422,1,1,http://localhost:3002/fir,222,0,1
1675771373729,10,FIr Creation Request,201,Created,Firs Test single user 1-1,text,true,,463,10422,1,1,http://localhost:3002/fir,10,0,1
1675771373741,120,FIr Creation Request,201,Created,Firs Test single user 1-1,text,true,,463,10422,1,1,http://localhost:3002/fir,120,0,0
1675771373862,176,FIr Creation Request,201,Created,Firs Test single user 1-1,text,true,,463,10422,1,1,http://localhost:3002/fir,176,0,0
1675771374041,7,FIr Creation Request,201,Created,Firs Test single user 1-1,text,true,,463,10422,1,1,http://localhost:3002/fir,7,0,0
1675771374050,7,FIr Creation Request,201,Created,Firs Test single user 1-1,text,true,,463,10422,1,1,http://localhost:3002/fir,7,0,0
1675771374058,6,FIr Creation Request,201,Created,Firs Test single user 1-1,text,true,,463,10422,1,1,http://localhost:3002/fir,6,0,0
1675771374065,7,FIr Creation Request,201,Created,Firs Test single user 1-1,text,true,,463,10422,1,1,http://localhost:3002/fir,7,0,1
1675771374073,6,FIr Creation Request,201,Created,Firs Test single user 1-1,text,true,,463,10422,1,1,http://localhost:3002/fir,6,0,0
1675771374080,6,FIr Creation Request,201,Created,Firs Test single user 1-1,text,true,,463,10422,1,1,http://localhost:3002/fir,6,0,0
1675771374087,7,FIr Creation Request,201,Created,Firs Test single user 1-1,text,true,,463,10422,1,1,http://localhost:3002/fir,7,0,0
1675771374095,7,FIr Creation Request,201,Created,Firs Test single user 1-1,text,true,,463,10422,1,1,http://localhost:3002/fir,7,0,1
1675771374104,7,FIr Creation Request,201,Created,Firs Test single user 1-1,text,true,,463,10422,1,1,http://localhost:3002/fir,7,0,0
1675771374112,7,FIr Creation Request,201,Created,Firs Test single user 1-1,text,true,,463,10422,1,1,http://localhost:3002/fir,7,0,0
1675771374121,6,FIr Creation Request,201,Created,Firs Test single user 1-1,text,true,,463,10422,1,1,http://localhost:3002/fir,6,0,0
1675771374129,7,FIr Creation Request,201,Created,Firs Test single user 1-1,text,true,,463,10422,1,1,http://localhost:3002/fir,7,0,0
1675771374137,6,FIr Creation Request,201,Created,Firs Test single user 1-1,text,true,,463,10422,1,1,http://localhost:3002/fir,6,0,1
1675771374145,9,FIr Creation Request,201,Created,Firs Test single user 1-1,text,true,,463,10422,1,1,http://localhost:3002/fir,9,0,1
1675771374155,6,FIr Creation Request,201,Created,Firs Test single user 1-1,text,true,,463,10422,1,1,http://localhost:3002/fir,6,0,0
1675771374162,7,FIr Creation Request,201,Created,Firs Test single user 1-1,text,true,,463,10422,1,1,http://localhost:3002/fir,7,0,0
1675771374170,7,FIr Creation Request,201,Created,Firs Test single user 1-1,text,true,,463,10422,1,1,http://localhost:3002/fir,7,0,1
1675771374178,6,FIr Creation Request,201,Created,Firs Test single user 1-1,text,true,,463,10422,1,1,http://localhost:3002/fir,6,0,1
1675771374186,6,FIr Creation Request,201,Created,Firs Test single user 1-1,text,true,,463,10422,1,1,http://localhost:3002/fir,6,0,0
1675771374193,7,FIr Creation Request,201,Created,Firs Test single user 1-1,text,true,,463,10422,1,1,http://localhost:3002/fir,7,0,0
1675771374201,6,FIr Creation Request,201,Created,Firs Test single user 1-1,text,true,,463,10422,1,1,http://localhost:3002/fir,6,0,0
1675771374208,6,FIr Creation Request,201,Created,Firs Test single user 1-1,text,true,,463,10422,1,1,http://localhost:3002/fir,6,0,0
1675771374216,5,FIr Creation Request,201,Created,Firs Test single user 1-1,text,true,,463,10422,1,1,http://localhost:3002/fir,5,0,0
1675771374223,6,FIr Creation Request,201,Created,Firs Test single user 1-1,text,true,,463,10422,1,1,http://localhost:3002/fir,6,0,0
1675771374230,6,FIr Creation Request,201,Created,Firs Test single user 1-1,text,true,,463,10422,1,1,http://localhost:3002/fir,6,0,0
1675771374237,8,FIr Creation Request,201,Created,Firs Test single user 1-1,text,true,,463,10422,1,1,http://localhost:3002/fir,8,0,1
1675771374246,6,FIr Creation Request,201,Created,Firs Test single user 1-1,text,true,,463,10422,1,1,http://localhost:3002/fir,6,0,0
1675771374253,10,FIr Creation Request,201,Created,Firs Test single user 1-1,text,true,,463,10422,1,1,http://localhost:3002/fir,10,0,0
1675771374264,6,FIr Creation Request,201,Created,Firs Test single user 1-1,text,true,,463,10422,1,1,http://localhost:3002/fir,6,0,0
1675771374271,6,FIr Creation Request,201,Created,Firs Test single user 1-1,text,true,,463,10422,1,1,http://localhost:3002/fir,6,0,0
1675771374278,8,FIr Creation Request,201,Created,Firs Test single user 1-1,text,true,,463,10422,1,1,http://localhost:3002/fir,8,0,1
1675771374287,7,FIr Creation Request,201,Created,Firs Test single user 1-1,text,true,,463,10422,1,1,http://localhost:3002/fir,7,0,1
1675771374301,10,FIr Creation Request,201,Created,Firs Test single user 1-1,text,true,,463,10422,1,1,http://localhost:3002/fir,10,0,0
1675771374312,7,FIr Creation Request,201,Created,Firs Test single user 1-1,text,true,,463,10422,1,1,http://localhost:3002/fir,7,0,0
1675771374321,7,FIr Creation Request,201,Created,Firs Test single user 1-1,text,true,,463,10422,1,1,http://localhost:3002/fir,7,0,0
1675771374329,7,FIr Creation Request,201,Created,Firs Test single user 1-1,text,true,,463,10422,1,1,http://localhost:3002/fir,7,0,0
1675771374337,12,FIr Creation Request,201,Created,Firs Test single user 1-1,text,true,,463,10422,1,1,http://localhost:3002/fir,12,0,0
1675771374351,6,FIr Creation Request,201,Created,Firs Test single user 1-1,text,true,,463,10422,1,1,http://localhost:3002/fir,6,0,0
1675771374359,7,FIr Creation Request,201,Created,Firs Test single user 1-1,text,true,,463,10422,1,1,http://localhost:3002/fir,7,0,0
1675771374367,8,FIr Creation Request,201,Created,Firs Test single user 1-1,text,true,,463,10422,1,1,http://localhost:3002/fir,8,0,0
1675771374376,7,FIr Creation Request,201,Created,Firs Test single user 1-1,text,true,,463,10422,1,1,http://localhost:3002/fir,7,0,0
1675771374384,7,FIr Creation Request,201,Created,Firs Test single user 1-1,text,true,,463,10422,1,1,http://localhost:3002/fir,7,0,0
1675771374392,7,FIr Creation Request,201,Created,Firs Test single user 1-1,text,true,,463,10422,1,1,http://localhost:3002/fir,7,0,0
1675771374401,7,FIr Creation Request,201,Created,Firs Test single user 1-1,text,true,,463,10422,1,1,http://localhost:3002/fir,7,0,0
1675771374409,8,FIr Creation Request,201,Created,Firs Test single user 1-1,text,true,,463,10422,1,1,http://localhost:3002/fir,8,0,0
1675771374418,6,FIr Creation Request,201,Created,Firs Test single user 1-1,text,true,,463,10422,1,1,http://localhost:3002/fir,6,0,0
1675771374425,7,FIr Creation Request,201,Created,Firs Test single user 1-1,text,true,,463,10422,1,1,http://localhost:3002/fir,7,0,0
1675771374433,8,FIr Creation Request,201,Created,Firs Test single user 1-1,text,true,,463,10422,1,1,http://localhost:3002/fir,8,0,1
1675771374442,7,FIr Creation Request,201,Created,Firs Test single user 1-1,text,true,,463,10422,1,1,http://localhost:3002/fir,7,0,0
1675771374451,7,FIr Creation Request,201,Created,Firs Test single user 1-1,text,true,,463,10422,1,1,http://localhost:3002/fir,7,0,0
1675771374459,6,FIr Creation Request,201,Created,Firs Test single user 1-1,text,true,,463,10422,1,1,http://localhost:3002/fir,6,0,0
1675771374467,6,FIr Creation Request,201,Created,Firs Test single user 1-1,text,true,,463,10422,1,1,http://localhost:3002/fir,6,0,0
1675771374475,6,FIr Creation Request,201,Created,Firs Test single user 1-1,text,true,,463,10422,1,1,http://localhost:3002/fir,6,0,0
1675771374482,7,FIr Creation Request,201,Created,Firs Test single user 1-1,text,true,,463,10422,1,1,http://localhost:3002/fir,7,0,0
1675771374491,6,FIr Creation Request,201,Created,Firs Test single user 1-1,text,true,,463,10422,1,1,http://localhost:3002/fir,6,0,0
1675771374498,7,FIr Creation Request,201,Created,Firs Test single user 1-1,text,true,,463,10422,1,1,http://localhost:3002/fir,7,0,0
1675771374506,7,FIr Creation Request,201,Created,Firs Test single user 1-1,text,true,,463,10422,1,1,http://localhost:3002/fir,7,0,0
1675771374514,6,FIr Creation Request,201,Created,Firs Test single user 1-1,text,true,,463,10422,1,1,http://localhost:3002/fir,6,0,0
1675771374522,5,FIr Creation Request,201,Created,Firs Test single user 1-1,text,true,,463,10422,1,1,http://localhost:3002/fir,5,0,0
1675771374529,7,FIr Creation Request,201,Created,Firs Test single user 1-1,text,true,,463,10422,1,1,http://localhost:3002/fir,7,0,0
1675771374538,6,FIr Creation Request,201,Created,Firs Test single user 1-1,text,true,,463,10422,1,1,http://localhost:3002/fir,6,0,0
1675771374546,8,FIr Creation Request,201,Created,Firs Test single user 1-1,text,true,,463,10422,1,1,http://localhost:3002/fir,8,0,0
1675771374555,6,FIr Creation Request,201,Created,Firs Test single user 1-1,text,true,,463,10422,1,1,http://localhost:3002/fir,6,0,0
1675771374562,8,FIr Creation Request,201,Created,Firs Test single user 1-1,text,true,,463,10422,1,1,http://localhost:3002/fir,8,0,0
1675771374571,7,FIr Creation Request,201,Created,Firs Test single user 1-1,text,true,,463,10422,1,1,http://localhost:3002/fir,7,0,1
1675771374579,8,FIr Creation Request,201,Created,Firs Test single user 1-1,text,true,,463,10422,1,1,http://localhost:3002/fir,8,0,1
1675771374588,7,FIr Creation Request,201,Created,Firs Test single user 1-1,text,true,,463,10422,1,1,http://localhost:3002/fir,7,0,0
1675771374596,7,FIr Creation Request,201,Created,Firs Test single user 1-1,text,true,,463,10422,1,1,http://localhost:3002/fir,7,0,0
1675771374604,7,FIr Creation Request,201,Created,Firs Test single user 1-1,text,true,,463,10422,1,1,http://localhost:3002/fir,7,0,1
1675771374613,43,FIr Creation Request,201,Created,Firs Test single user 1-1,text,true,,463,10422,1,1,http://localhost:3002/fir,43,0,0
1675771374660,8,FIr Creation Request,201,Created,Firs Test single user 1-1,text,true,,463,10422,1,1,http://localhost:3002/fir,8,0,0
1675771374669,7,FIr Creation Request,201,Created,Firs Test single user 1-1,text,true,,463,10422,1,1,http://localhost:3002/fir,7,0,1
1675771374677,6,FIr Creation Request,201,Created,Firs Test single user 1-1,text,true,,463,10422,1,1,http://localhost:3002/fir,6,0,1
1675771374685,6,FIr Creation Request,201,Created,Firs Test single user 1-1,text,true,,463,10422,1,1,http://localhost:3002/fir,6,0,0
1675771374693,7,FIr Creation Request,201,Created,Firs Test single user 1-1,text,true,,463,10422,1,1,http://localhost:3002/fir,7,0,0
1675771374701,8,FIr Creation Request,201,Created,Firs Test single user 1-1,text,true,,463,10422,1,1,http://localhost:3002/fir,8,0,0
1675771374710,6,FIr Creation Request,201,Created,Firs Test single user 1-1,text,true,,463,10422,1,1,http://localhost:3002/fir,6,0,0
1675771374718,7,FIr Creation Request,201,Created,Firs Test single user 1-1,text,true,,463,10422,1,1,http://localhost:3002/fir,7,0,0
1675771374726,7,FIr Creation Request,201,Created,Firs Test single user 1-1,text,true,,463,10422,1,1,http://localhost:3002/fir,7,0,0
1675771374734,8,FIr Creation Request,201,Created,Firs Test single user 1-1,text,true,,463,10422,1,1,http://localhost:3002/fir,8,0,1
1675771374743,7,FIr Creation Request,201,Created,Firs Test single user 1-1,text,true,,463,10422,1,1,http://localhost:3002/fir,7,0,0
1675771374751,7,FIr Creation Request,201,Created,Firs Test single user 1-1,text,true,,463,10422,1,1,http://localhost:3002/fir,7,0,0
1675771374759,6,FIr Creation Request,201,Created,Firs Test single user 1-1,text,true,,463,10422,1,1,http://localhost:3002/fir,6,0,0
1675771374766,7,FIr Creation Request,201,Created,Firs Test single user 1-1,text,true,,463,10422,1,1,http://localhost:3002/fir,7,0,0
1675771374774,6,FIr Creation Request,201,Created,Firs Test single user 1-1,text,true,,463,10422,1,1,http://localhost:3002/fir,6,0,0
1675771374781,7,FIr Creation Request,201,Created,Firs Test single user 1-1,text,true,,463,10422,1,1,http://localhost:3002/fir,7,0,1
1675771374789,6,FIr Creation Request,201,Created,Firs Test single user 1-1,text,true,,463,10422,1,1,http://localhost:3002/fir,6,0,0
1675771374796,8,FIr Creation Request,201,Created,Firs Test single user 1-1,text,true,,463,10422,1,1,http://localhost:3002/fir,8,0,0
1675771374810,11,FIr Creation Request,201,Created,Firs Test single user 1-1,text,true,,463,10422,1,1,http://localhost:3002/fir,11,0,0
1675771374822,7,FIr Creation Request,201,Created,Firs Test single user 1-1,text,true,,463,10422,1,1,http://localhost:3002/fir,7,0,1
1675771374830,7,FIr Creation Request,201,Created,Firs Test single user 1-1,text,true,,463,10422,1,1,http://localhost:3002/fir,7,0,0
1675771374838,7,FIr Creation Request,201,Created,Firs Test single user 1-1,text,true,,463,10422,1,1,http://localhost:3002/fir,7,0,0
1675771374846,7,FIr Creation Request,201,Created,Firs Test single user 1-1,text,true,,463,10422,1,1,http://localhost:3002/fir,7,0,0
1675771374854,7,FIr Creation Request,201,Created,Firs Test single user 1-1,text,true,,463,10422,1,1,http://localhost:3002/fir,7,0,1
1675771374862,290,FIr Creation Request,201,Created,Firs Test single user 1-1,text,true,,463,10422,1,1,http://localhost:3002/fir,290,0,0
1675771375155,72,FIr Creation Request,201,Created,Firs Test single user 1-1,text,true,,463,10422,1,1,http://localhost:3002/fir,72,0,0
1675771375230,7,FIr Creation Request,201,Created,Firs Test single user 1-1,text,true,,463,10422,1,1,http://localhost:3002/fir,7,0,0
1675771375238,8,FIr Creation Request,201,Created,Firs Test single user 1-1,text,true,,463,10422,1,1,http://localhost:3002/fir,8,0,1
1675771375248,28,FIr Creation Request,201,Created,Firs Test single user 1-1,text,true,,463,10422,1,1,http://localhost:3002/fir,28,0,0
1675771375278,7,FIr Creation Request,201,Created,Firs Test single user 1-1,text,true,,463,10422,1,1,http://localhost:3002/fir,7,0,0
1675771375286,7,FIr Creation Request,201,Created,Firs Test single user 1-1,text,true,,463,10422,1,1,http://localhost:3002/fir,7,0,0
1675771375294,7,FIr Creation Request,201,Created,Firs Test single user 1-1,text,true,,463,10422,1,1,http://localhost:3002/fir,7,0,0
1675771375302,7,FIr Creation Request,201,Created,Firs Test single user 1-1,text,true,,463,10422,1,1,http://localhost:3002/fir,7,0,0
1675771375310,7,FIr Creation Request,201,Created,Firs Test single user 1-1,text,true,,463,10422,1,1,http://localhost:3002/fir,7,0,0
1675771375321,8,FIr Creation Request,201,Created,Firs Test single user 1-1,text,true,,463,10422,1,1,http://localhost:3002/fir,8,0,1
1675771375331,6,FIr Creation Request,201,Created,Firs Test single user 1-1,text,true,,463,10422,1,1,http://localhost:3002/fir,6,0,0
1675771375338,7,FIr Creation Request,201,Created,Firs Test single user 1-1,text,true,,463,10422,1,1,http://localhost:3002/fir,7,0,0
1675771375347,7,FIr Creation Request,201,Created,Firs Test single user 1-1,text,true,,463,10422,1,1,http://localhost:3002/fir,7,0,0
1675771375355,7,FIr Creation Request,201,Created,Firs Test single user 1-1,text,true,,463,10422,1,1,http://localhost:3002/fir,7,0,1
1675771375364,352,FIr Creation Request,201,Created,Firs Test single user 1-1,text,true,,463,10422,1,1,http://localhost:3002/fir,352,0,0
1675771375720,13,FIr Creation Request,201,Created,Firs Test single user 1-1,text,true,,463,10422,1,1,http://localhost:3002/fir,13,0,0
1675771375734,8,FIr Creation Request,201,Created,Firs Test single user 1-1,text,true,,463,10422,1,1,http://localhost:3002/fir,8,0,0
1675771375743,7,FIr Creation Request,201,Created,Firs Test single user 1-1,text,true,,463,10422,1,1,http://localhost:3002/fir,7,0,0
1675771375751,9,FIr Creation Request,201,Created,Firs Test single user 1-1,text,true,,463,10422,1,1,http://localhost:3002/fir,9,0,0
1675771375761,7,FIr Creation Request,201,Created,Firs Test single user 1-1,text,true,,463,10422,1,1,http://localhost:3002/fir,7,0,0
1675771375769,8,FIr Creation Request,201,Created,Firs Test single user 1-1,text,true,,463,10422,1,1,http://localhost:3002/fir,8,0,0
1675771375778,7,FIr Creation Request,201,Created,Firs Test single user 1-1,text,true,,463,10422,1,1,http://localhost:3002/fir,7,0,0
1675771375786,6,FIr Creation Request,201,Created,Firs Test single user 1-1,text,true,,463,10422,1,1,http://localhost:3002/fir,6,0,0
1675771375793,7,FIr Creation Request,201,Created,Firs Test single user 1-1,text,true,,463,10422,1,1,http://localhost:3002/fir,7,0,1
1675771375801,8,FIr Creation Request,201,Created,Firs Test single user 1-1,text,true,,463,10422,1,1,http://localhost:3002/fir,8,0,0
1675771375810,7,FIr Creation Request,201,Created,Firs Test single user 1-1,text,true,,463,10422,1,1,http://localhost:3002/fir,7,0,0
1675771375819,7,FIr Creation Request,201,Created,Firs Test single user 1-1,text,true,,463,10422,1,1,http://localhost:3002/fir,7,0,0
1675771375828,11,FIr Creation Request,201,Created,Firs Test single user 1-1,text,true,,463,10422,1,1,http://localhost:3002/fir,11,0,0
1675771375840,7,FIr Creation Request,201,Created,Firs Test single user 1-1,text,true,,463,10422,1,1,http://localhost:3002/fir,7,0,0
1675771375848,6,FIr Creation Request,201,Created,Firs Test single user 1-1,text,true,,463,10422,1,1,http://localhost:3002/fir,6,0,0
1675771375856,6,FIr Creation Request,201,Created,Firs Test single user 1-1,text,true,,463,10422,1,1,http://localhost:3002/fir,6,0,0
1675771375863,7,FIr Creation Request,201,Created,Firs Test single user 1-1,text,true,,463,10422,1,1,http://localhost:3002/fir,7,0,0
1675771375872,7,FIr Creation Request,201,Created,Firs Test single user 1-1,text,true,,463,10422,1,1,http://localhost:3002/fir,7,0,0
1675771375880,7,FIr Creation Request,201,Created,Firs Test single user 1-1,text,true,,463,10422,1,1,http://localhost:3002/fir,7,0,1
1675771375888,7,FIr Creation Request,201,Created,Firs Test single user 1-1,text,true,,463,10422,1,1,http://localhost:3002/fir,7,0,1
1675771375897,6,FIr Creation Request,201,Created,Firs Test single user 1-1,text,true,,463,10422,1,1,http://localhost:3002/fir,6,0,0
1675771375904,7,FIr Creation Request,201,Created,Firs Test single user 1-1,text,true,,463,10422,1,1,http://localhost:3002/fir,7,0,0
1675771375912,7,FIr Creation Request,201,Created,Firs Test single user 1-1,text,true,,463,10422,1,1,http://localhost:3002/fir,7,0,0
1675771375920,6,FIr Creation Request,201,Created,Firs Test single user 1-1,text,true,,463,10422,1,1,http://localhost:3002/fir,6,0,0
1675771375927,7,FIr Creation Request,201,Created,Firs Test single user 1-1,text,true,,463,10422,1,1,http://localhost:3002/fir,7,0,1
1675771375935,8,FIr Creation Request,201,Created,Firs Test single user 1-1,text,true,,463,10422,1,1,http://localhost:3002/fir,8,0,0
1675771375944,7,FIr Creation Request,201,Created,Firs Test single user 1-1,text,true,,463,10422,1,1,http://localhost:3002/fir,7,0,1
1675771375952,7,FIr Creation Request,201,Created,Firs Test single user 1-1,text,true,,463,10422,1,1,http://localhost:3002/fir,7,0,1
1675771375960,7,FIr Creation Request,201,Created,Firs Test single user 1-1,text,true,,463,10422,1,1,http://localhost:3002/fir,7,0,1
1675771375968,7,FIr Creation Request,201,Created,Firs Test single user 1-1,text,true,,463,10422,1,1,http://localhost:3002/fir,7,0,0
1675771375977,7,FIr Creation Request,201,Created,Firs Test single user 1-1,text,true,,463,10422,1,1,http://localhost:3002/fir,7,0,0
1675771375985,7,FIr Creation Request,201,Created,Firs Test single user 1-1,text,true,,463,10422,1,1,http://localhost:3002/fir,7,0,1
1675771375993,7,FIr Creation Request,201,Created,Firs Test single user 1-1,text,true,,463,10422,1,1,http://localhost:3002/fir,7,0,1
1675771376002,7,FIr Creation Request,201,Created,Firs Test single user 1-1,text,true,,463,10422,1,1,http://localhost:3002/fir,7,0,0
1675771376010,7,FIr Creation Request,201,Created,Firs Test single user 1-1,text,true,,463,10422,1,1,http://localhost:3002/fir,7,0,0
1675771376018,8,FIr Creation Request,201,Created,Firs Test single user 1-1,text,true,,463,10422,1,1,http://localhost:3002/fir,8,0,1
1675771376027,8,FIr Creation Request,201,Created,Firs Test single user 1-1,text,true,,463,10422,1,1,http://localhost:3002/fir,8,0,0
1675771376036,7,FIr Creation Request,201,Created,Firs Test single user 1-1,text,true,,463,10422,1,1,http://localhost:3002/fir,7,0,1
1675771376044,7,FIr Creation Request,201,Created,Firs Test single user 1-1,text,true,,463,10422,1,1,http://localhost:3002/fir,7,0,0
1675771376052,7,FIr Creation Request,201,Created,Firs Test single user 1-1,text,true,,463,10422,1,1,http://localhost:3002/fir,7,0,0
1675771376060,7,FIr Creation Request,201,Created,Firs Test single user 1-1,text,true,,463,10422,1,1,http://localhost:3002/fir,7,0,1
1675771376068,7,FIr Creation Request,201,Created,Firs Test single user 1-1,text,true,,463,10422,1,1,http://localhost:3002/fir,7,0,1
1675771376076,7,FIr Creation Request,201,Created,Firs Test single user 1-1,text,true,,463,10422,1,1,http://localhost:3002/fir,7,0,0
1675771376084,9,FIr Creation Request,201,Created,Firs Test single user 1-1,text,true,,463,10422,1,1,http://localhost:3002/fir,9,0,0
1675771376094,7,FIr Creation Request,201,Created,Firs Test single user 1-1,text,true,,463,10422,1,1,http://localhost:3002/fir,7,0,0
1675771376102,7,FIr Creation Request,201,Created,Firs Test single user 1-1,text,true,,463,10422,1,1,http://localhost:3002/fir,7,0,0
1675771376111,7,FIr Creation Request,201,Created,Firs Test single user 1-1,text,true,,463,10422,1,1,http://localhost:3002/fir,7,0,0
1675771376119,7,FIr Creation Request,201,Created,Firs Test single user 1-1,text,true,,463,10422,1,1,http://localhost:3002/fir,7,0,0
1675771376127,7,FIr Creation Request,201,Created,Firs Test single user 1-1,text,true,,463,10422,1,1,http://localhost:3002/fir,7,0,1
1675771376135,7,FIr Creation Request,201,Created,Firs Test single user 1-1,text,true,,463,10422,1,1,http://localhost:3002/fir,7,0,1
1675771376144,7,FIr Creation Request,201,Created,Firs Test single user 1-1,text,true,,463,10422,1,1,http://localhost:3002/fir,7,0,0
1675771376152,7,FIr Creation Request,201,Created,Firs Test single user 1-1,text,true,,463,10422,1,1,http://localhost:3002/fir,7,0,0
1675771376160,6,FIr Creation Request,201,Created,Firs Test single user 1-1,text,true,,463,10422,1,1,http://localhost:3002/fir,6,0,1
1675771376167,6,FIr Creation Request,201,Created,Firs Test single user 1-1,text,true,,463,10422,1,1,http://localhost:3002/fir,6,0,1
1675771376174,6,FIr Creation Request,201,Created,Firs Test single user 1-1,text,true,,463,10422,1,1,http://localhost:3002/fir,6,0,1
1675771376184,8,FIr Creation Request,201,Created,Firs Test single user 1-1,text,true,,463,10422,1,1,http://localhost:3002/fir,8,0,0
1675771376193,5,FIr Creation Request,201,Created,Firs Test single user 1-1,text,true,,463,10422,1,1,http://localhost:3002/fir,5,0,0
1675771376200,5,FIr Creation Request,201,Created,Firs Test single user 1-1,text,true,,463,10422,1,1,http://localhost:3002/fir,5,0,0
1675771376207,5,FIr Creation Request,201,Created,Firs Test single user 1-1,text,true,,463,10422,1,1,http://localhost:3002/fir,5,0,0
1675771376213,6,FIr Creation Request,201,Created,Firs Test single user 1-1,text,true,,463,10422,1,1,http://localhost:3002/fir,6,0,1
1675771376220,6,FIr Creation Request,201,Created,Firs Test single user 1-1,text,true,,463,10422,1,1,http://localhost:3002/fir,6,0,0
1675771376227,8,FIr Creation Request,201,Created,Firs Test single user 1-1,text,true,,463,10422,1,1,http://localhost:3002/fir,8,0,0
1675771376236,320,FIr Creation Request,201,Created,Firs Test single user 1-1,text,true,,463,10422,1,1,http://localhost:3002/fir,320,0,0
1675771376561,225,FIr Creation Request,201,Created,Firs Test single user 1-1,text,true,,463,10422,1,1,http://localhost:3002/fir,225,0,0
1675771376789,7,FIr Creation Request,201,Created,Firs Test single user 1-1,text,true,,463,10422,1,1,http://localhost:3002/fir,7,0,0
1675771376798,6,FIr Creation Request,201,Created,Firs Test single user 1-1,text,true,,463,10422,1,1,http://localhost:3002/fir,6,0,0
1675771376805,7,FIr Creation Request,201,Created,Firs Test single user 1-1,text,true,,463,10422,1,1,http://localhost:3002/fir,7,0,0
1675771376814,6,FIr Creation Request,201,Created,Firs Test single user 1-1,text,true,,463,10422,1,1,http://localhost:3002/fir,6,0,0
1675771376822,6,FIr Creation Request,201,Created,Firs Test single user 1-1,text,true,,463,10422,1,1,http://localhost:3002/fir,6,0,0
1675771376829,7,FIr Creation Request,201,Created,Firs Test single user 1-1,text,true,,463,10422,1,1,http://localhost:3002/fir,7,0,1
1675771376837,6,FIr Creation Request,201,Created,Firs Test single user 1-1,text,true,,463,10422,1,1,http://localhost:3002/fir,6,0,0
1675771376851,9,FIr Creation Request,201,Created,Firs Test single user 1-1,text,true,,463,10422,1,1,http://localhost:3002/fir,9,0,1
1675771376862,7,FIr Creation Request,201,Created,Firs Test single user 1-1,text,true,,463,10422,1,1,http://localhost:3002/fir,7,0,0
1675771376870,7,FIr Creation Request,201,Created,Firs Test single user 1-1,text,true,,463,10422,1,1,http://localhost:3002/fir,7,0,0
1675771376878,7,FIr Creation Request,201,Created,Firs Test single user 1-1,text,true,,463,10422,1,1,http://localhost:3002/fir,7,0,1
1675771376886,8,FIr Creation Request,201,Created,Firs Test single user 1-1,text,true,,463,10422,1,1,http://localhost:3002/fir,8,0,1
1675771376895,7,FIr Creation Request,201,Created,Firs Test single user 1-1,text,true,,463,10422,1,1,http://localhost:3002/fir,7,0,0
1675771376904,6,FIr Creation Request,201,Created,Firs Test single user 1-1,text,true,,463,10422,1,1,http://localhost:3002/fir,6,0,0
1675771376911,8,FIr Creation Request,201,Created,Firs Test single user 1-1,text,true,,463,10422,1,1,http://localhost:3002/fir,8,0,0
1675771376921,6,FIr Creation Request,201,Created,Firs Test single user 1-1,text,true,,463,10422,1,1,http://localhost:3002/fir,6,0,0
1675771376928,7,FIr Creation Request,201,Created,Firs Test single user 1-1,text,true,,463,10422,1,1,http://localhost:3002/fir,7,0,0
1675771376937,6,FIr Creation Request,201,Created,Firs Test single user 1-1,text,true,,463,10422,1,1,http://localhost:3002/fir,6,0,0
1675771376944,6,FIr Creation Request,201,Created,Firs Test single user 1-1,text,true,,463,10422,1,1,http://localhost:3002/fir,6,0,0
1675771376951,7,FIr Creation Request,201,Created,Firs Test single user 1-1,text,true,,463,10422,1,1,http://localhost:3002/fir,7,0,1
1675771376959,6,FIr Creation Request,201,Created,Firs Test single user 1-1,text,true,,463,10422,1,1,http://localhost:3002/fir,6,0,1
1675771376967,6,FIr Creation Request,201,Created,Firs Test single user 1-1,text,true,,463,10422,1,1,http://localhost:3002/fir,6,0,0
1675771376974,10,FIr Creation Request,201,Created,Firs Test single user 1-1,text,true,,463,10422,1,1,http://localhost:3002/fir,10,0,0
1675771376985,6,FIr Creation Request,201,Created,Firs Test single user 1-1,text,true,,463,10422,1,1,http://localhost:3002/fir,6,0,0
1675771376992,6,FIr Creation Request,201,Created,Firs Test single user 1-1,text,true,,463,10422,1,1,http://localhost:3002/fir,6,0,0
1675771376999,7,FIr Creation Request,201,Created,Firs Test single user 1-1,text,true,,463,10422,1,1,http://localhost:3002/fir,7,0,0
1675771377007,7,FIr Creation Request,201,Created,Firs Test single user 1-1,text,true,,463,10422,1,1,http://localhost:3002/fir,7,0,1
1675771377015,7,FIr Creation Request,201,Created,Firs Test single user 1-1,text,true,,463,10422,1,1,http://localhost:3002/fir,7,0,0
1675771377023,7,FIr Creation Request,201,Created,Firs Test single user 1-1,text,true,,463,10422,1,1,http://localhost:3002/fir,7,0,0
1675771377032,7,FIr Creation Request,201,Created,Firs Test single user 1-1,text,true,,463,10422,1,1,http://localhost:3002/fir,7,0,0
1675771377040,7,FIr Creation Request,201,Created,Firs Test single user 1-1,text,true,,463,10422,1,1,http://localhost:3002/fir,7,0,0
1675771377048,8,FIr Creation Request,201,Created,Firs Test single user 1-1,text,true,,463,10422,1,1,http://localhost:3002/fir,8,0,1
1675771377057,7,FIr Creation Request,201,Created,Firs Test single user 1-1,text,true,,463,10422,1,1,http://localhost:3002/fir,7,0,0
1675771377065,7,FIr Creation Request,201,Created,Firs Test single user 1-1,text,true,,463,10422,1,1,http://localhost:3002/fir,7,0,0
1675771377074,6,FIr Creation Request,201,Created,Firs Test single user 1-1,text,true,,463,10422,1,1,http://localhost:3002/fir,6,0,0
1675771377081,8,FIr Creation Request,201,Created,Firs Test single user 1-1,text,true,,463,10422,1,1,http://localhost:3002/fir,8,0,1
1675771377090,7,FIr Creation Request,201,Created,Firs Test single user 1-1,text,true,,463,10422,1,1,http://localhost:3002/fir,7,0,0
1675771377098,7,FIr Creation Request,201,Created,Firs Test single user 1-1,text,true,,463,10422,1,1,http://localhost:3002/fir,7,0,0
1675771377106,7,FIr Creation Request,201,Created,Firs Test single user 1-1,text,true,,463,10422,1,1,http://localhost:3002/fir,7,0,0
1675771377115,7,FIr Creation Request,201,Created,Firs Test single user 1-1,text,true,,463,10422,1,1,http://localhost:3002/fir,7,0,0
1675771377124,6,FIr Creation Request,201,Created,Firs Test single user 1-1,text,true,,463,10422,1,1,http://localhost:3002/fir,6,0,0
1675771377132,7,FIr Creation Request,201,Created,Firs Test single user 1-1,text,true,,463,10422,1,1,http://localhost:3002/fir,7,0,0
1675771377140,7,FIr Creation Request,201,Created,Firs Test single user 1-1,text,true,,463,10422,1,1,http://localhost:3002/fir,7,0,0
1675771377148,7,FIr Creation Request,201,Created,Firs Test single user 1-1,text,true,,463,10422,1,1,http://localhost:3002/fir,7,0,0
1675771377156,7,FIr Creation Request,201,Created,Firs Test single user 1-1,text,true,,463,10422,1,1,http://localhost:3002/fir,7,0,1
1675771377164,7,FIr Creation Request,201,Created,Firs Test single user 1-1,text,true,,463,10422,1,1,http://localhost:3002/fir,7,0,0
1675771377172,6,FIr Creation Request,201,Created,Firs Test single user 1-1,text,true,,463,10422,1,1,http://localhost:3002/fir,6,0,0
1675771377179,6,FIr Creation Request,201,Created,Firs Test single user 1-1,text,true,,463,10422,1,1,http://localhost:3002/fir,6,0,0
1675771377187,7,FIr Creation Request,201,Created,Firs Test single user 1-1,text,true,,463,10422,1,1,http://localhost:3002/fir,7,0,0
1675771377195,7,FIr Creation Request,201,Created,Firs Test single user 1-1,text,true,,463,10422,1,1,http://localhost:3002/fir,7,0,0
1675771377207,7,FIr Creation Request,201,Created,Firs Test single user 1-1,text,true,,463,10422,1,1,http://localhost:3002/fir,7,0,0
1675771377216,6,FIr Creation Request,201,Created,Firs Test single user 1-1,text,true,,463,10422,1,1,http://localhost:3002/fir,6,0,0
1675771377223,9,FIr Creation Request,201,Created,Firs Test single user 1-1,text,true,,463,10422,1,1,http://localhost:3002/fir,9,0,0
1675771377233,6,FIr Creation Request,201,Created,Firs Test single user 1-1,text,true,,463,10422,1,1,http://localhost:3002/fir,6,0,0
1675771377241,7,FIr Creation Request,201,Created,Firs Test single user 1-1,text,true,,463,10422,1,1,http://localhost:3002/fir,7,0,0
1675771377249,7,FIr Creation Request,201,Created,Firs Test single user 1-1,text,true,,463,10422,1,1,http://localhost:3002/fir,7,0,0
1675771377257,7,FIr Creation Request,201,Created,Firs Test single user 1-1,text,true,,463,10422,1,1,http://localhost:3002/fir,7,0,0
1675771377265,7,FIr Creation Request,201,Created,Firs Test single user 1-1,text,true,,463,10422,1,1,http://localhost:3002/fir,7,0,1
1675771377274,7,FIr Creation Request,201,Created,Firs Test single user 1-1,text,true,,463,10422,1,1,http://localhost:3002/fir,7,0,0
1675771377282,7,FIr Creation Request,201,Created,Firs Test single user 1-1,text,true,,463,10422,1,1,http://localhost:3002/fir,7,0,0
1675771377290,7,FIr Creation Request,201,Created,Firs Test single user 1-1,text,true,,463,10422,1,1,http://localhost:3002/fir,7,0,1
1675771377298,8,FIr Creation Request,201,Created,Firs Test single user 1-1,text,true,,463,10422,1,1,http://localhost:3002/fir,8,0,0
1675771377307,7,FIr Creation Request,201,Created,Firs Test single user 1-1,text,true,,463,10422,1,1,http://localhost:3002/fir,7,0,0
1675771377316,6,FIr Creation Request,201,Created,Firs Test single user 1-1,text,true,,463,10422,1,1,http://localhost:3002/fir,6,0,0
1675771377323,7,FIr Creation Request,201,Created,Firs Test single user 1-1,text,true,,463,10422,1,1,http://localhost:3002/fir,7,0,1
1675771377331,8,FIr Creation Request,201,Created,Firs Test single user 1-1,text,true,,463,10422,1,1,http://localhost:3002/fir,8,0,1
1675771377340,8,FIr Creation Request,201,Created,Firs Test single user 1-1,text,true,,463,10422,1,1,http://localhost:3002/fir,8,0,1
1675771377349,7,FIr Creation Request,201,Created,Firs Test single user 1-1,text,true,,463,10422,1,1,http://localhost:3002/fir,7,0,0
1675771377363,9,FIr Creation Request,201,Created,Firs Test single user 1-1,text,true,,463,10422,1,1,http://localhost:3002/fir,9,0,0
1675771377373,8,FIr Creation Request,201,Created,Firs Test single user 1-1,text,true,,463,10422,1,1,http://localhost:3002/fir,8,0,0
1675771377382,7,FIr Creation Request,201,Created,Firs Test single user 1-1,text,true,,463,10422,1,1,http://localhost:3002/fir,7,0,0
1675771377390,7,FIr Creation Request,201,Created,Firs Test single user 1-1,text,true,,463,10422,1,1,http://localhost:3002/fir,7,0,1
1675771377398,9,FIr Creation Request,201,Created,Firs Test single user 1-1,text,true,,463,10422,1,1,http://localhost:3002/fir,9,0,1
1675771377408,6,FIr Creation Request,201,Created,Firs Test single user 1-1,text,true,,463,10422,1,1,http://localhost:3002/fir,6,0,1
1675771377415,7,FIr Creation Request,201,Created,Firs Test single user 1-1,text,true,,463,10422,1,1,http://localhost:3002/fir,7,0,0
1675771377423,8,FIr Creation Request,201,Created,Firs Test single user 1-1,text,true,,463,10422,1,1,http://localhost:3002/fir,8,0,0
1675771377432,7,FIr Creation Request,201,Created,Firs Test single user 1-1,text,true,,463,10422,1,1,http://localhost:3002/fir,7,0,0
1675771377440,272,FIr Creation Request,201,Created,Firs Test single user 1-1,text,true,,463,10422,1,1,http://localhost:3002/fir,272,0,0
1675771377723,759,FIr Creation Request,201,Created,Firs Test single user 1-1,text,true,,463,10422,1,1,http://localhost:3002/fir,759,0,0
1675771378486,35,FIr Creation Request,201,Created,Firs Test single user 1-1,text,true,,463,10422,1,1,http://localhost:3002/fir,35,0,0
1675771378524,7,FIr Creation Request,201,Created,Firs Test single user 1-1,text,true,,463,10422,1,1,http://localhost:3002/fir,7,0,0
1675771378532,10,FIr Creation Request,201,Created,Firs Test single user 1-1,text,true,,463,10422,1,1,http://localhost:3002/fir,10,0,1
1675771378543,9,FIr Creation Request,201,Created,Firs Test single user 1-1,text,true,,463,10422,1,1,http://localhost:3002/fir,9,0,0
1675771378553,14,FIr Creation Request,201,Created,Firs Test single user 1-1,text,true,,463,10422,1,1,http://localhost:3002/fir,14,0,0
1675771378569,6,FIr Creation Request,201,Created,Firs Test single user 1-1,text,true,,463,10422,1,1,http://localhost:3002/fir,6,0,0
1675771378577,9,FIr Creation Request,201,Created,Firs Test single user 1-1,text,true,,463,10422,1,1,http://localhost:3002/fir,9,0,0
1675771378587,8,FIr Creation Request,201,Created,Firs Test single user 1-1,text,true,,463,10422,1,1,http://localhost:3002/fir,8,0,1
1675771378596,7,FIr Creation Request,201,Created,Firs Test single user 1-1,text,true,,463,10422,1,1,http://localhost:3002/fir,7,0,0
1675771378605,6,FIr Creation Request,201,Created,Firs Test single user 1-1,text,true,,463,10422,1,1,http://localhost:3002/fir,6,0,0
1675771378613,7,FIr Creation Request,201,Created,Firs Test single user 1-1,text,true,,463,10422,1,1,http://localhost:3002/fir,7,0,0
1675771378621,7,FIr Creation Request,201,Created,Firs Test single user 1-1,text,true,,463,10422,1,1,http://localhost:3002/fir,7,0,1
1675771378629,6,FIr Creation Request,201,Created,Firs Test single user 1-1,text,true,,463,10422,1,1,http://localhost:3002/fir,6,0,0
1675771378637,7,FIr Creation Request,201,Created,Firs Test single user 1-1,text,true,,463,10422,1,1,http://localhost:3002/fir,7,0,0
1675771378645,8,FIr Creation Request,201,Created,Firs Test single user 1-1,text,true,,463,10422,1,1,http://localhost:3002/fir,8,0,0
1675771378654,9,FIr Creation Request,201,Created,Firs Test single user 1-1,text,true,,463,10422,1,1,http://localhost:3002/fir,9,0,0
1675771378664,6,FIr Creation Request,201,Created,Firs Test single user 1-1,text,true,,463,10422,1,1,http://localhost:3002/fir,6,0,0
1675771378672,6,FIr Creation Request,201,Created,Firs Test single user 1-1,text,true,,463,10422,1,1,http://localhost:3002/fir,6,0,0
1675771378680,7,FIr Creation Request,201,Created,Firs Test single user 1-1,text,true,,463,10422,1,1,http://localhost:3002/fir,7,0,0
1675771378689,6,FIr Creation Request,201,Created,Firs Test single user 1-1,text,true,,463,10422,1,1,http://localhost:3002/fir,6,0,0
1675771378696,7,FIr Creation Request,201,Created,Firs Test single user 1-1,text,true,,463,10422,1,1,http://localhost:3002/fir,7,0,0
1675771378704,8,FIr Creation Request,201,Created,Firs Test single user 1-1,text,true,,463,10422,1,1,http://localhost:3002/fir,8,0,1
1675771378714,6,FIr Creation Request,201,Created,Firs Test single user 1-1,text,true,,463,10422,1,1,http://localhost:3002/fir,6,0,0
1675771378721,8,FIr Creation Request,201,Created,Firs Test single user 1-1,text,true,,463,10422,1,1,http://localhost:3002/fir,8,0,1
1675771378730,7,FIr Creation Request,201,Created,Firs Test single user 1-1,text,true,,463,10422,1,1,http://localhost:3002/fir,7,0,0
1675771378739,10,FIr Creation Request,201,Created,Firs Test single user 1-1,text,true,,463,10422,1,1,http://localhost:3002/fir,10,0,0
1675771378750,8,FIr Creation Request,201,Created,Firs Test single user 1-1,text,true,,463,10422,1,1,http://localhost:3002/fir,8,0,0
1675771378759,6,FIr Creation Request,201,Created,Firs Test single user 1-1,text,true,,463,10422,1,1,http://localhost:3002/fir,6,0,1
1675771378767,6,FIr Creation Request,201,Created,Firs Test single user 1-1,text,true,,463,10422,1,1,http://localhost:3002/fir,6,0,0
1675771378775,7,FIr Creation Request,201,Created,Firs Test single user 1-1,text,true,,463,10422,1,1,http://localhost:3002/fir,7,0,0
1675771378783,7,FIr Creation Request,201,Created,Firs Test single user 1-1,text,true,,463,10422,1,1,http://localhost:3002/fir,7,0,0
1675771378792,10,FIr Creation Request,201,Created,Firs Test single user 1-1,text,true,,463,10422,1,1,http://localhost:3002/fir,10,0,0
1675771378804,7,FIr Creation Request,201,Created,Firs Test single user 1-1,text,true,,463,10422,1,1,http://localhost:3002/fir,7,0,0
1675771378813,7,FIr Creation Request,201,Created,Firs Test single user 1-1,text,true,,463,10422,1,1,http://localhost:3002/fir,7,0,0
1675771378821,8,FIr Creation Request,201,Created,Firs Test single user 1-1,text,true,,463,10422,1,1,http://localhost:3002/fir,8,0,0
1675771378830,7,FIr Creation Request,201,Created,Firs Test single user 1-1,text,true,,463,10422,1,1,http://localhost:3002/fir,7,0,0
1675771378838,7,FIr Creation Request,201,Created,Firs Test single user 1-1,text,true,,463,10422,1,1,http://localhost:3002/fir,7,0,0
1675771378846,8,FIr Creation Request,201,Created,Firs Test single user 1-1,text,true,,463,10422,1,1,http://localhost:3002/fir,8,0,0
1675771378855,7,FIr Creation Request,201,Created,Firs Test single user 1-1,text,true,,463,10422,1,1,http://localhost:3002/fir,7,0,0
1675771378864,6,FIr Creation Request,201,Created,Firs Test single user 1-1,text,true,,463,10422,1,1,http://localhost:3002/fir,6,0,0
1675771378871,7,FIr Creation Request,201,Created,Firs Test single user 1-1,text,true,,463,10422,1,1,http://localhost:3002/fir,7,0,1
1675771378879,8,FIr Creation Request,201,Created,Firs Test single user 1-1,text,true,,463,10422,1,1,http://localhost:3002/fir,8,0,0
1675771378893,11,FIr Creation Request,201,Created,Firs Test single user 1-1,text,true,,463,10422,1,1,http://localhost:3002/fir,11,0,0
1675771378905,7,FIr Creation Request,201,Created,Firs Test single user 1-1,text,true,,463,10422,1,1,http://localhost:3002/fir,7,0,0
1675771378913,7,FIr Creation Request,201,Created,Firs Test single user 1-1,text,true,,463,10422,1,1,http://localhost:3002/fir,7,0,0
1675771378921,8,FIr Creation Request,201,Created,Firs Test single user 1-1,text,true,,463,10422,1,1,http://localhost:3002/fir,8,0,1
1675771378930,7,FIr Creation Request,201,Created,Firs Test single user 1-1,text,true,,463,10422,1,1,http://localhost:3002/fir,7,0,1
1675771378939,7,FIr Creation Request,201,Created,Firs Test single user 1-1,text,true,,463,10422,1,1,http://localhost:3002/fir,7,0,0
1675771378947,9,FIr Creation Request,201,Created,Firs Test single user 1-1,text,true,,463,10422,1,1,http://localhost:3002/fir,9,0,0
1675771378958,265,FIr Creation Request,201,Created,Firs Test single user 1-1,text,true,,463,10422,1,1,http://localhost:3002/fir,265,0,0
1675771379228,366,FIr Creation Request,201,Created,Firs Test single user 1-1,text,true,,463,10422,1,1,http://localhost:3002/fir,366,0,1
1675771379596,11,FIr Creation Request,201,Created,Firs Test single user 1-1,text,true,,463,10422,1,1,http://localhost:3002/fir,11,0,1
1675771379609,10,FIr Creation Request,201,Created,Firs Test single user 1-1,text,true,,463,10422,1,1,http://localhost:3002/fir,10,0,0
1675771379620,7,FIr Creation Request,201,Created,Firs Test single user 1-1,text,true,,463,10422,1,1,http://localhost:3002/fir,7,0,0
1675771379629,8,FIr Creation Request,201,Created,Firs Test single user 1-1,text,true,,463,10422,1,1,http://localhost:3002/fir,8,0,0
1675771379638,7,FIr Creation Request,201,Created,Firs Test single user 1-1,text,true,,463,10422,1,1,http://localhost:3002/fir,7,0,0
1675771379647,6,FIr Creation Request,201,Created,Firs Test single user 1-1,text,true,,463,10422,1,1,http://localhost:3002/fir,6,0,0
1675771379655,7,FIr Creation Request,201,Created,Firs Test single user 1-1,text,true,,463,10422,1,1,http://localhost:3002/fir,7,0,0
1675771379663,7,FIr Creation Request,201,Created,Firs Test single user 1-1,text,true,,463,10422,1,1,http://localhost:3002/fir,7,0,0
1675771379671,8,FIr Creation Request,201,Created,Firs Test single user 1-1,text,true,,463,10422,1,1,http://localhost:3002/fir,8,0,1
1675771379680,8,FIr Creation Request,201,Created,Firs Test single user 1-1,text,true,,463,10422,1,1,http://localhost:3002/fir,8,0,0
1675771379689,7,FIr Creation Request,201,Created,Firs Test single user 1-1,text,true,,463,10422,1,1,http://localhost:3002/fir,7,0,1
1675771379697,8,FIr Creation Request,201,Created,Firs Test single user 1-1,text,true,,463,10422,1,1,http://localhost:3002/fir,8,0,0
1675771379706,7,FIr Creation Request,201,Created,Firs Test single user 1-1,text,true,,463,10422,1,1,http://localhost:3002/fir,7,0,0
1675771379714,7,FIr Creation Request,201,Created,Firs Test single user 1-1,text,true,,463,10422,1,1,http://localhost:3002/fir,7,0,0
1675771379723,6,FIr Creation Request,201,Created,Firs Test single user 1-1,text,true,,463,10422,1,1,http://localhost:3002/fir,6,0,0
1675771379730,7,FIr Creation Request,201,Created,Firs Test single user 1-1,text,true,,463,10422,1,1,http://localhost:3002/fir,7,0,0
1675771379739,7,FIr Creation Request,201,Created,Firs Test single user 1-1,text,true,,463,10422,1,1,http://localhost:3002/fir,7,0,0
1675771379747,6,FIr Creation Request,201,Created,Firs Test single user 1-1,text,true,,463,10422,1,1,http://localhost:3002/fir,6,0,1
1675771379762,10,FIr Creation Request,201,Created,Firs Test single user 1-1,text,true,,463,10422,1,1,http://localhost:3002/fir,10,0,0
1675771379773,6,FIr Creation Request,201,Created,Firs Test single user 1-1,text,true,,463,10422,1,1,http://localhost:3002/fir,6,0,0
1675771379780,7,FIr Creation Request,201,Created,Firs Test single user 1-1,text,true,,463,10422,1,1,http://localhost:3002/fir,7,0,0
1675771379788,9,FIr Creation Request,201,Created,Firs Test single user 1-1,text,true,,463,10422,1,1,http://localhost:3002/fir,9,0,0
1675771379798,7,FIr Creation Request,201,Created,Firs Test single user 1-1,text,true,,463,10422,1,1,http://localhost:3002/fir,7,0,0
1675771379806,6,FIr Creation Request,201,Created,Firs Test single user 1-1,text,true,,463,10422,1,1,http://localhost:3002/fir,6,0,0
1675771379813,8,FIr Creation Request,201,Created,Firs Test single user 1-1,text,true,,463,10422,1,1,http://localhost:3002/fir,8,0,1
1675771379822,7,FIr Creation Request,201,Created,Firs Test single user 1-1,text,true,,463,10422,1,1,http://localhost:3002/fir,7,0,0
1675771379830,7,FIr Creation Request,201,Created,Firs Test single user 1-1,text,true,,463,10422,1,1,http://localhost:3002/fir,7,0,0
1675771379839,7,FIr Creation Request,201,Created,Firs Test single user 1-1,text,true,,463,10422,1,1,http://localhost:3002/fir,7,0,0
1675771379847,7,FIr Creation Request,201,Created,Firs Test single user 1-1,text,true,,463,10422,1,1,http://localhost:3002/fir,7,0,0
1675771379856,6,FIr Creation Request,201,Created,Firs Test single user 1-1,text,true,,463,10422,1,1,http://localhost:3002/fir,6,0,0
1675771379864,46,FIr Creation Request,201,Created,Firs Test single user 1-1,text,true,,463,10422,1,1,http://localhost:3002/fir,46,0,0
1675771379914,8,FIr Creation Request,201,Created,Firs Test single user 1-1,text,true,,463,10422,1,1,http://localhost:3002/fir,8,0,0
1675771379925,10,FIr Creation Request,201,Created,Firs Test single user 1-1,text,true,,463,10422,1,1,http://localhost:3002/fir,10,0,0
1675771379936,7,FIr Creation Request,201,Created,Firs Test single user 1-1,text,true,,463,10422,1,1,http://localhost:3002/fir,7,0,0
1675771379944,6,FIr Creation Request,201,Created,Firs Test single user 1-1,text,true,,463,10422,1,1,http://localhost:3002/fir,6,0,0
1675771379952,6,FIr Creation Request,201,Created,Firs Test single user 1-1,text,true,,463,10422,1,1,http://localhost:3002/fir,6,0,0
1675771379959,7,FIr Creation Request,201,Created,Firs Test single user 1-1,text,true,,463,10422,1,1,http://localhost:3002/fir,7,0,0
1675771379967,8,FIr Creation Request,201,Created,Firs Test single user 1-1,text,true,,463,10422,1,1,http://localhost:3002/fir,8,0,1
1675771379976,6,FIr Creation Request,201,Created,Firs Test single user 1-1,text,true,,463,10422,1,1,http://localhost:3002/fir,6,0,0
1675771379983,8,FIr Creation Request,201,Created,Firs Test single user 1-1,text,true,,463,10422,1,1,http://localhost:3002/fir,8,0,1
1675771379992,7,FIr Creation Request,201,Created,Firs Test single user 1-1,text,true,,463,10422,1,1,http://localhost:3002/fir,7,0,0
1675771380001,8,FIr Creation Request,201,Created,Firs Test single user 1-1,text,true,,463,10422,1,1,http://localhost:3002/fir,8,0,0
1675771380011,528,FIr Creation Request,201,Created,Firs Test single user 1-1,text,true,,463,10422,1,1,http://localhost:3002/fir,528,0,0
1675771380544,15,FIr Creation Request,201,Created,Firs Test single user 1-1,text,true,,463,10422,1,1,http://localhost:3002/fir,15,0,0
1675771380560,10,FIr Creation Request,201,Created,Firs Test single user 1-1,text,true,,463,10422,1,1,http://localhost:3002/fir,10,0,1
1675771380571,10,FIr Creation Request,201,Created,Firs Test single user 1-1,text,true,,463,10422,1,1,http://localhost:3002/fir,10,0,0
1675771380582,8,FIr Creation Request,201,Created,Firs Test single user 1-1,text,true,,463,10422,1,1,http://localhost:3002/fir,8,0,1
1675771380591,8,FIr Creation Request,201,Created,Firs Test single user 1-1,text,true,,463,10422,1,1,http://localhost:3002/fir,8,0,0
1675771380600,6,FIr Creation Request,201,Created,Firs Test single user 1-1,text,true,,463,10422,1,1,http://localhost:3002/fir,6,0,0
1675771380607,8,FIr Creation Request,201,Created,Firs Test single user 1-1,text,true,,463,10422,1,1,http://localhost:3002/fir,8,0,0
1675771380616,6,FIr Creation Request,201,Created,Firs Test single user 1-1,text,true,,463,10422,1,1,http://localhost:3002/fir,6,0,0
1675771380623,7,FIr Creation Request,201,Created,Firs Test single user 1-1,text,true,,463,10422,1,1,http://localhost:3002/fir,7,0,1
1675771380631,7,FIr Creation Request,201,Created,Firs Test single user 1-1,text,true,,463,10422,1,1,http://localhost:3002/fir,7,0,0
1675771380639,7,FIr Creation Request,201,Created,Firs Test single user 1-1,text,true,,463,10422,1,1,http://localhost:3002/fir,7,0,1
1675771380647,6,FIr Creation Request,201,Created,Firs Test single user 1-1,text,true,,463,10422,1,1,http://localhost:3002/fir,6,0,0
1675771380655,6,FIr Creation Request,201,Created,Firs Test single user 1-1,text,true,,463,10422,1,1,http://localhost:3002/fir,6,0,0
1675771380662,8,FIr Creation Request,201,Created,Firs Test single user 1-1,text,true,,463,10422,1,1,http://localhost:3002/fir,8,0,1
1675771380671,6,FIr Creation Request,201,Created,Firs Test single user 1-1,text,true,,463,10422,1,1,http://localhost:3002/fir,6,0,0
1675771380682,9,FIr Creation Request,201,Created,Firs Test single user 1-1,text,true,,463,10422,1,1,http://localhost:3002/fir,9,0,0
1675771380758,9,FIr Creation Request,201,Created,Firs Test single user 1-1,text,true,,463,10422,1,1,http://localhost:3002/fir,9,0,0
1675771380776,9,FIr Creation Request,201,Created,Firs Test single user 1-1,text,true,,463,10422,1,1,http://localhost:3002/fir,9,0,0
1675771380786,6,FIr Creation Request,201,Created,Firs Test single user 1-1,text,true,,463,10422,1,1,http://localhost:3002/fir,6,0,0
1675771380793,11,FIr Creation Request,201,Created,Firs Test single user 1-1,text,true,,463,10422,1,1,http://localhost:3002/fir,11,0,0
1675771380806,7,FIr Creation Request,201,Created,Firs Test single user 1-1,text,true,,463,10422,1,1,http://localhost:3002/fir,7,0,0
1675771380815,7,FIr Creation Request,201,Created,Firs Test single user 1-1,text,true,,463,10422,1,1,http://localhost:3002/fir,7,0,0
1675771380823,7,FIr Creation Request,201,Created,Firs Test single user 1-1,text,true,,463,10422,1,1,http://localhost:3002/fir,7,0,0
1675771380831,7,FIr Creation Request,201,Created,Firs Test single user 1-1,text,true,,463,10422,1,1,http://localhost:3002/fir,7,0,0
1675771380839,7,FIr Creation Request,201,Created,Firs Test single user 1-1,text,true,,463,10422,1,1,http://localhost:3002/fir,7,0,0
1675771380848,7,FIr Creation Request,201,Created,Firs Test single user 1-1,text,true,,463,10422,1,1,http://localhost:3002/fir,7,0,0
1675771380856,7,FIr Creation Request,201,Created,Firs Test single user 1-1,text,true,,463,10422,1,1,http://localhost:3002/fir,7,0,0
1675771380864,7,FIr Creation Request,201,Created,Firs Test single user 1-1,text,true,,463,10422,1,1,http://localhost:3002/fir,7,0,1
1675771380873,6,FIr Creation Request,201,Created,Firs Test single user 1-1,text,true,,463,10422,1,1,http://localhost:3002/fir,6,0,0
1675771380881,6,FIr Creation Request,201,Created,Firs Test single user 1-1,text,true,,463,10422,1,1,http://localhost:3002/fir,6,0,0
1675771380888,6,FIr Creation Request,201,Created,Firs Test single user 1-1,text,true,,463,10422,1,1,http://localhost:3002/fir,6,0,0
1675771380895,5,FIr Creation Request,201,Created,Firs Test single user 1-1,text,true,,463,10422,1,1,http://localhost:3002/fir,5,0,0
1675771380902,6,FIr Creation Request,201,Created,Firs Test single user 1-1,text,true,,463,10422,1,1,http://localhost:3002/fir,6,0,0
1675771380910,8,FIr Creation Request,201,Created,Firs Test single user 1-1,text,true,,463,10422,1,1,http://localhost:3002/fir,8,0,0
1675771380919,6,FIr Creation Request,201,Created,Firs Test single user 1-1,text,true,,463,10422,1,1,http://localhost:3002/fir,6,0,1
1675771380927,6,FIr Creation Request,201,Created,Firs Test single user 1-1,text,true,,463,10422,1,1,http://localhost:3002/fir,6,0,0
1675771380934,7,FIr Creation Request,201,Created,Firs Test single user 1-1,text,true,,463,10422,1,1,http://localhost:3002/fir,7,0,1
1675771380947,9,FIr Creation Request,201,Created,Firs Test single user 1-1,text,true,,463,10422,1,1,http://localhost:3002/fir,9,0,0
1675771380957,6,FIr Creation Request,201,Created,Firs Test single user 1-1,text,true,,463,10422,1,1,http://localhost:3002/fir,6,0,0
1675771380964,7,FIr Creation Request,201,Created,Firs Test single user 1-1,text,true,,463,10422,1,1,http://localhost:3002/fir,7,0,0
1675771380972,8,FIr Creation Request,201,Created,Firs Test single user 1-1,text,true,,463,10422,1,1,http://localhost:3002/fir,8,0,1
1675771380981,7,FIr Creation Request,201,Created,Firs Test single user 1-1,text,true,,463,10422,1,1,http://localhost:3002/fir,7,0,0
1675771380989,7,FIr Creation Request,201,Created,Firs Test single user 1-1,text,true,,463,10422,1,1,http://localhost:3002/fir,7,0,0
1675771380997,8,FIr Creation Request,201,Created,Firs Test single user 1-1,text,true,,463,10422,1,1,http://localhost:3002/fir,8,0,1
1675771381006,7,FIr Creation Request,201,Created,Firs Test single user 1-1,text,true,,463,10422,1,1,http://localhost:3002/fir,7,0,0
1675771381015,9,FIr Creation Request,201,Created,Firs Test single user 1-1,text,true,,463,10422,1,1,http://localhost:3002/fir,9,0,0
1675771381025,7,FIr Creation Request,201,Created,Firs Test single user 1-1,text,true,,463,10422,1,1,http://localhost:3002/fir,7,0,1
1675771381033,5,FIr Creation Request,201,Created,Firs Test single user 1-1,text,true,,463,10422,1,1,http://localhost:3002/fir,5,0,0
1675771381040,6,FIr Creation Request,201,Created,Firs Test single user 1-1,text,true,,463,10422,1,1,http://localhost:3002/fir,6,0,0
1675771381047,6,FIr Creation Request,201,Created,Firs Test single user 1-1,text,true,,463,10422,1,1,http://localhost:3002/fir,6,0,0
1675771381054,6,FIr Creation Request,201,Created,Firs Test single user 1-1,text,true,,463,10422,1,1,http://localhost:3002/fir,6,0,0
1675771381062,6,FIr Creation Request,201,Created,Firs Test single user 1-1,text,true,,463,10422,1,1,http://localhost:3002/fir,6,0,0
1675771381069,6,FIr Creation Request,201,Created,Firs Test single user 1-1,text,true,,463,10422,1,1,http://localhost:3002/fir,6,0,0
1675771381076,6,FIr Creation Request,201,Created,Firs Test single user 1-1,text,true,,463,10422,1,1,http://localhost:3002/fir,6,0,0
1675771381083,6,FIr Creation Request,201,Created,Firs Test single user 1-1,text,true,,463,10422,1,1,http://localhost:3002/fir,6,0,0
1675771381091,6,FIr Creation Request,201,Created,Firs Test single user 1-1,text,true,,463,10422,1,1,http://localhost:3002/fir,6,0,0
1675771381098,7,FIr Creation Request,201,Created,Firs Test single user 1-1,text,true,,463,10422,1,1,http://localhost:3002/fir,7,0,0
1675771381106,7,FIr Creation Request,201,Created,Firs Test single user 1-1,text,true,,463,10422,1,1,http://localhost:3002/fir,7,0,1
1675771381115,7,FIr Creation Request,201,Created,Firs Test single user 1-1,text,true,,463,10422,1,1,http://localhost:3002/fir,7,0,0
1675771381123,7,FIr Creation Request,201,Created,Firs Test single user 1-1,text,true,,463,10422,1,1,http://localhost:3002/fir,7,0,0
1675771381131,7,FIr Creation Request,201,Created,Firs Test single user 1-1,text,true,,463,10422,1,1,http://localhost:3002/fir,7,0,0
1675771381139,7,FIr Creation Request,201,Created,Firs Test single user 1-1,text,true,,463,10422,1,1,http://localhost:3002/fir,7,0,1
1675771381147,8,FIr Creation Request,201,Created,Firs Test single user 1-1,text,true,,463,10422,1,1,http://localhost:3002/fir,8,0,1
1675771381156,8,FIr Creation Request,201,Created,Firs Test single user 1-1,text,true,,463,10422,1,1,http://localhost:3002/fir,8,0,0
1675771381165,7,FIr Creation Request,201,Created,Firs Test single user 1-1,text,true,,463,10422,1,1,http://localhost:3002/fir,7,0,0
1675771381173,8,FIr Creation Request,201,Created,Firs Test single user 1-1,text,true,,463,10422,1,1,http://localhost:3002/fir,8,0,1
1675771381182,6,FIr Creation Request,201,Created,Firs Test single user 1-1,text,true,,463,10422,1,1,http://localhost:3002/fir,6,0,0
1675771381189,8,FIr Creation Request,201,Created,Firs Test single user 1-1,text,true,,463,10422,1,1,http://localhost:3002/fir,8,0,1
1675771381199,6,FIr Creation Request,201,Created,Firs Test single user 1-1,text,true,,463,10422,1,1,http://localhost:3002/fir,6,0,0
1675771381207,5,FIr Creation Request,201,Created,Firs Test single user 1-1,text,true,,463,10422,1,1,http://localhost:3002/fir,5,0,0
1675771381213,6,FIr Creation Request,201,Created,Firs Test single user 1-1,text,true,,463,10422,1,1,http://localhost:3002/fir,6,0,1
1675771381221,6,FIr Creation Request,201,Created,Firs Test single user 1-1,text,true,,463,10422,1,1,http://localhost:3002/fir,6,0,0
1675771381228,7,FIr Creation Request,201,Created,Firs Test single user 1-1,text,true,,463,10422,1,1,http://localhost:3002/fir,7,0,0
1675771381236,6,FIr Creation Request,201,Created,Firs Test single user 1-1,text,true,,463,10422,1,1,http://localhost:3002/fir,6,0,0
1675771381243,8,FIr Creation Request,201,Created,Firs Test single user 1-1,text,true,,463,10422,1,1,http://localhost:3002/fir,8,0,0
1675771381252,7,FIr Creation Request,201,Created,Firs Test single user 1-1,text,true,,463,10422,1,1,http://localhost:3002/fir,7,0,0
1675771381260,7,FIr Creation Request,201,Created,Firs Test single user 1-1,text,true,,463,10422,1,1,http://localhost:3002/fir,7,0,0
1675771381269,6,FIr Creation Request,201,Created,Firs Test single user 1-1,text,true,,463,10422,1,1,http://localhost:3002/fir,6,0,0
1675771381276,7,FIr Creation Request,201,Created,Firs Test single user 1-1,text,true,,463,10422,1,1,http://localhost:3002/fir,7,0,1
1675771381287,7,FIr Creation Request,201,Created,Firs Test single user 1-1,text,true,,463,10422,1,1,http://localhost:3002/fir,7,0,0
1675771381296,5,FIr Creation Request,201,Created,Firs Test single user 1-1,text,true,,463,10422,1,1,http://localhost:3002/fir,5,0,0
1675771381302,6,FIr Creation Request,201,Created,Firs Test single user 1-1,text,true,,463,10422,1,1,http://localhost:3002/fir,6,0,1
1675771381310,6,FIr Creation Request,201,Created,Firs Test single user 1-1,text,true,,463,10422,1,1,http://localhost:3002/fir,6,0,0
1675771381318,5,FIr Creation Request,201,Created,Firs Test single user 1-1,text,true,,463,10422,1,1,http://localhost:3002/fir,5,0,0
1675771381324,9,FIr Creation Request,201,Created,Firs Test single user 1-1,text,true,,463,10422,1,1,http://localhost:3002/fir,9,0,0
1675771381335,5,FIr Creation Request,201,Created,Firs Test single user 1-1,text,true,,463,10422,1,1,http://localhost:3002/fir,5,0,0
1675771381342,5,FIr Creation Request,201,Created,Firs Test single user 1-1,text,true,,463,10422,1,1,http://localhost:3002/fir,5,0,0
1675771381348,7,FIr Creation Request,201,Created,Firs Test single user 1-1,text,true,,463,10422,1,1,http://localhost:3002/fir,7,0,1
1675771381356,7,FIr Creation Request,201,Created,Firs Test single user 1-1,text,true,,463,10422,1,1,http://localhost:3002/fir,7,0,0
1675771381365,23,FIr Creation Request,201,Created,Firs Test single user 1-1,text,true,,463,10422,1,1,http://localhost:3002/fir,23,0,0
1675771381390,6,FIr Creation Request,201,Created,Firs Test single user 1-1,text,true,,463,10422,1,1,http://localhost:3002/fir,6,0,0
1675771381397,6,FIr Creation Request,201,Created,Firs Test single user 1-1,text,true,,463,10422,1,1,http://localhost:3002/fir,6,0,0
1675771381404,6,FIr Creation Request,201,Created,Firs Test single user 1-1,text,true,,463,10422,1,1,http://localhost:3002/fir,6,0,0
1675771381411,6,FIr Creation Request,201,Created,Firs Test single user 1-1,text,true,,463,10422,1,1,http://localhost:3002/fir,6,0,1
1675771381418,7,FIr Creation Request,201,Created,Firs Test single user 1-1,text,true,,463,10422,1,1,http://localhost:3002/fir,7,0,1
1675771381426,7,FIr Creation Request,201,Created,Firs Test single user 1-1,text,true,,463,10422,1,1,http://localhost:3002/fir,7,0,1
1675771381434,5,FIr Creation Request,201,Created,Firs Test single user 1-1,text,true,,463,10422,1,1,http://localhost:3002/fir,5,0,0
1675771381440,7,FIr Creation Request,201,Created,Firs Test single user 1-1,text,true,,463,10422,1,1,http://localhost:3002/fir,7,0,1
1675771381448,7,FIr Creation Request,201,Created,Firs Test single user 1-1,text,true,,463,10422,1,1,http://localhost:3002/fir,7,0,1
1675771381457,10,FIr Creation Request,201,Created,Firs Test single user 1-1,text,true,,463,10422,1,1,http://localhost:3002/fir,10,0,0
1675771381468,5,FIr Creation Request,201,Created,Firs Test single user 1-1,text,true,,463,10422,1,1,http://localhost:3002/fir,5,0,0
1675771381474,6,FIr Creation Request,201,Created,Firs Test single user 1-1,text,true,,463,10422,1,1,http://localhost:3002/fir,6,0,1
1675771381481,7,FIr Creation Request,201,Created,Firs Test single user 1-1,text,true,,463,10422,1,1,http://localhost:3002/fir,7,0,1
1675771381489,6,FIr Creation Request,201,Created,Firs Test single user 1-1,text,true,,463,10422,1,1,http://localhost:3002/fir,6,0,0
1675771381496,6,FIr Creation Request,201,Created,Firs Test single user 1-1,text,true,,463,10422,1,1,http://localhost:3002/fir,6,0,0
1675771381503,6,FIr Creation Request,201,Created,Firs Test single user 1-1,text,true,,463,10422,1,1,http://localhost:3002/fir,6,0,1
1675771381510,6,FIr Creation Request,201,Created,Firs Test single user 1-1,text,true,,463,10422,1,1,http://localhost:3002/fir,6,0,1
1675771381518,5,FIr Creation Request,201,Created,Firs Test single user 1-1,text,true,,463,10422,1,1,http://localhost:3002/fir,5,0,0
1675771381524,6,FIr Creation Request,201,Created,Firs Test single user 1-1,text,true,,463,10422,1,1,http://localhost:3002/fir,6,0,1
1675771381531,6,FIr Creation Request,201,Created,Firs Test single user 1-1,text,true,,463,10422,1,1,http://localhost:3002/fir,6,0,1
1675771381539,5,FIr Creation Request,201,Created,Firs Test single user 1-1,text,true,,463,10422,1,1,http://localhost:3002/fir,5,0,0
1675771381546,6,FIr Creation Request,201,Created,Firs Test single user 1-1,text,true,,463,10422,1,1,http://localhost:3002/fir,6,0,0
1675771381553,6,FIr Creation Request,201,Created,Firs Test single user 1-1,text,true,,463,10422,1,1,http://localhost:3002/fir,6,0,0
1675771381560,6,FIr Creation Request,201,Created,Firs Test single user 1-1,text,true,,463,10422,1,1,http://localhost:3002/fir,6,0,0
1675771381567,5,FIr Creation Request,201,Created,Firs Test single user 1-1,text,true,,463,10422,1,1,http://localhost:3002/fir,5,0,0
1675771381574,6,FIr Creation Request,201,Created,Firs Test single user 1-1,text,true,,463,10422,1,1,http://localhost:3002/fir,6,0,0
1675771381582,6,FIr Creation Request,201,Created,Firs Test single user 1-1,text,true,,463,10422,1,1,http://localhost:3002/fir,6,0,0
1675771381590,5,FIr Creation Request,201,Created,Firs Test single user 1-1,text,true,,463,10422,1,1,http://localhost:3002/fir,5,0,0
1675771381596,5,FIr Creation Request,201,Created,Firs Test single user 1-1,text,true,,463,10422,1,1,http://localhost:3002/fir,5,0,0
1675771381603,5,FIr Creation Request,201,Created,Firs Test single user 1-1,text,true,,463,10422,1,1,http://localhost:3002/fir,5,0,0
1675771381610,6,FIr Creation Request,201,Created,Firs Test single user 1-1,text,true,,463,10422,1,1,http://localhost:3002/fir,6,0,0
1675771381617,6,FIr Creation Request,201,Created,Firs Test single user 1-1,text,true,,463,10422,1,1,http://localhost:3002/fir,6,0,0
1675771381624,6,FIr Creation Request,201,Created,Firs Test single user 1-1,text,true,,463,10422,1,1,http://localhost:3002/fir,6,0,0
1675771381631,5,FIr Creation Request,201,Created,Firs Test single user 1-1,text,true,,463,10422,1,1,http://localhost:3002/fir,5,0,0
1675771381637,6,FIr Creation Request,201,Created,Firs Test single user 1-1,text,true,,463,10422,1,1,http://localhost:3002/fir,6,0,0
1675771381644,8,FIr Creation Request,201,Created,Firs Test single user 1-1,text,true,,463,10422,1,1,http://localhost:3002/fir,8,0,0
1675771381653,6,FIr Creation Request,201,Created,Firs Test single user 1-1,text,true,,463,10422,1,1,http://localhost:3002/fir,6,0,0
1675771381660,7,FIr Creation Request,201,Created,Firs Test single user 1-1,text,true,,463,10422,1,1,http://localhost:3002/fir,7,0,0
1675771381668,5,FIr Creation Request,201,Created,Firs Test single user 1-1,text,true,,463,10422,1,1,http://localhost:3002/fir,5,0,0
1675771381675,6,FIr Creation Request,201,Created,Firs Test single user 1-1,text,true,,463,10422,1,1,http://localhost:3002/fir,6,0,0
1675771381682,7,FIr Creation Request,201,Created,Firs Test single user 1-1,text,true,,463,10422,1,1,http://localhost:3002/fir,7,0,0
1675771381690,6,FIr Creation Request,201,Created,Firs Test single user 1-1,text,true,,463,10422,1,1,http://localhost:3002/fir,6,0,0
1675771381697,737,FIr Creation Request,201,Created,Firs Test single user 1-1,text,true,,463,10422,1,1,http://localhost:3002/fir,737,0,0
1675771382436,8,FIr Creation Request,201,Created,Firs Test single user 1-1,text,true,,463,10422,1,1,http://localhost:3002/fir,8,0,0
1675771382445,9,FIr Creation Request,201,Created,Firs Test single user 1-1,text,true,,463,10422,1,1,http://localhost:3002/fir,9,0,0
1675771382456,8,FIr Creation Request,201,Created,Firs Test single user 1-1,text,true,,463,10422,1,1,http://localhost:3002/fir,8,0,0
1675771382465,10,FIr Creation Request,201,Created,Firs Test single user 1-1,text,true,,463,10422,1,1,http://localhost:3002/fir,10,0,0
1675771382479,8,FIr Creation Request,201,Created,Firs Test single user 1-1,text,true,,463,10422,1,1,http://localhost:3002/fir,8,0,1
1675771382488,7,FIr Creation Request,201,Created,Firs Test single user 1-1,text,true,,463,10422,1,1,http://localhost:3002/fir,7,0,1
1675771382497,6,FIr Creation Request,201,Created,Firs Test single user 1-1,text,true,,463,10422,1,1,http://localhost:3002/fir,6,0,0
1675771382504,10,FIr Creation Request,201,Created,Firs Test single user 1-1,text,true,,463,10422,1,1,http://localhost:3002/fir,10,0,1
1675771382515,6,FIr Creation Request,201,Created,Firs Test single user 1-1,text,true,,463,10422,1,1,http://localhost:3002/fir,6,0,0
1675771382522,8,FIr Creation Request,201,Created,Firs Test single user 1-1,text,true,,463,10422,1,1,http://localhost:3002/fir,8,0,0
1675771382531,6,FIr Creation Request,201,Created,Firs Test single user 1-1,text,true,,463,10422,1,1,http://localhost:3002/fir,6,0,0
1675771382538,6,FIr Creation Request,201,Created,Firs Test single user 1-1,text,true,,463,10422,1,1,http://localhost:3002/fir,6,0,0
1675771382545,6,FIr Creation Request,201,Created,Firs Test single user 1-1,text,true,,463,10422,1,1,http://localhost:3002/fir,6,0,1
1675771382552,7,FIr Creation Request,201,Created,Firs Test single user 1-1,text,true,,463,10422,1,1,http://localhost:3002/fir,7,0,1
1675771382561,7,FIr Creation Request,201,Created,Firs Test single user 1-1,text,true,,463,10422,1,1,http://localhost:3002/fir,7,0,0
1675771382570,6,FIr Creation Request,201,Created,Firs Test single user 1-1,text,true,,463,10422,1,1,http://localhost:3002/fir,6,0,0
1675771382577,8,FIr Creation Request,201,Created,Firs Test single user 1-1,text,true,,463,10422,1,1,http://localhost:3002/fir,8,0,1
1675771382586,6,FIr Creation Request,201,Created,Firs Test single user 1-1,text,true,,463,10422,1,1,http://localhost:3002/fir,6,0,0
1675771382594,6,FIr Creation Request,201,Created,Firs Test single user 1-1,text,true,,463,10422,1,1,http://localhost:3002/fir,6,0,0
1675771382601,7,FIr Creation Request,201,Created,Firs Test single user 1-1,text,true,,463,10422,1,1,http://localhost:3002/fir,7,0,0
1675771382609,6,FIr Creation Request,201,Created,Firs Test single user 1-1,text,true,,463,10422,1,1,http://localhost:3002/fir,6,0,0
1675771382616,7,FIr Creation Request,201,Created,Firs Test single user 1-1,text,true,,463,10422,1,1,http://localhost:3002/fir,7,0,0
1675771382624,7,FIr Creation Request,201,Created,Firs Test single user 1-1,text,true,,463,10422,1,1,http://localhost:3002/fir,7,0,0
1675771382632,8,FIr Creation Request,201,Created,Firs Test single user 1-1,text,true,,463,10422,1,1,http://localhost:3002/fir,8,0,1
1675771382641,6,FIr Creation Request,201,Created,Firs Test single user 1-1,text,true,,463,10422,1,1,http://localhost:3002/fir,6,0,0
1675771382648,6,FIr Creation Request,201,Created,Firs Test single user 1-1,text,true,,463,10422,1,1,http://localhost:3002/fir,6,0,0
1675771382655,6,FIr Creation Request,201,Created,Firs Test single user 1-1,text,true,,463,10422,1,1,http://localhost:3002/fir,6,0,0
1675771382662,6,FIr Creation Request,201,Created,Firs Test single user 1-1,text,true,,463,10422,1,1,http://localhost:3002/fir,6,0,1
1675771382669,6,FIr Creation Request,201,Created,Firs Test single user 1-1,text,true,,463,10422,1,1,http://localhost:3002/fir,6,0,1
1675771382676,5,FIr Creation Request,201,Created,Firs Test single user 1-1,text,true,,463,10422,1,1,http://localhost:3002/fir,5,0,0
1675771382683,6,FIr Creation Request,201,Created,Firs Test single user 1-1,text,true,,463,10422,1,1,http://localhost:3002/fir,6,0,0
1675771382690,6,FIr Creation Request,201,Created,Firs Test single user 1-1,text,true,,463,10422,1,1,http://localhost:3002/fir,6,0,0
1675771382698,5,FIr Creation Request,201,Created,Firs Test single user 1-1,text,true,,463,10422,1,1,http://localhost:3002/fir,5,0,0
1675771382705,5,FIr Creation Request,201,Created,Firs Test single user 1-1,text,true,,463,10422,1,1,http://localhost:3002/fir,5,0,0
1675771382712,6,FIr Creation Request,201,Created,Firs Test single user 1-1,text,true,,463,10422,1,1,http://localhost:3002/fir,6,0,0
1675771382719,7,FIr Creation Request,201,Created,Firs Test single user 1-1,text,true,,463,10422,1,1,http://localhost:3002/fir,7,0,1
1675771382727,8,FIr Creation Request,201,Created,Firs Test single user 1-1,text,true,,463,10422,1,1,http://localhost:3002/fir,8,0,0
1675771382736,7,FIr Creation Request,201,Created,Firs Test single user 1-1,text,true,,463,10422,1,1,http://localhost:3002/fir,7,0,0
1675771382745,7,FIr Creation Request,201,Created,Firs Test single user 1-1,text,true,,463,10422,1,1,http://localhost:3002/fir,7,0,0
1675771382753,8,FIr Creation Request,201,Created,Firs Test single user 1-1,text,true,,463,10422,1,1,http://localhost:3002/fir,8,0,0
1675771382762,6,FIr Creation Request,201,Created,Firs Test single user 1-1,text,true,,463,10422,1,1,http://localhost:3002/fir,6,0,0
1675771382769,8,FIr Creation Request,201,Created,Firs Test single user 1-1,text,true,,463,10422,1,1,http://localhost:3002/fir,8,0,1
1675771382778,7,FIr Creation Request,201,Created,Firs Test single user 1-1,text,true,,463,10422,1,1,http://localhost:3002/fir,7,0,0
1675771382786,8,FIr Creation Request,201,Created,Firs Test single user 1-1,text,true,,463,10422,1,1,http://localhost:3002/fir,8,0,1
1675771382795,6,FIr Creation Request,201,Created,Firs Test single user 1-1,text,true,,463,10422,1,1,http://localhost:3002/fir,6,0,0
1675771382803,8,FIr Creation Request,201,Created,Firs Test single user 1-1,text,true,,463,10422,1,1,http://localhost:3002/fir,8,0,0
1675771382812,6,FIr Creation Request,201,Created,Firs Test single user 1-1,text,true,,463,10422,1,1,http://localhost:3002/fir,6,0,0
1675771382821,6,FIr Creation Request,201,Created,Firs Test single user 1-1,text,true,,463,10422,1,1,http://localhost:3002/fir,6,0,0
1675771382828,7,FIr Creation Request,201,Created,Firs Test single user 1-1,text,true,,463,10422,1,1,http://localhost:3002/fir,7,0,0
1675771382836,8,FIr Creation Request,201,Created,Firs Test single user 1-1,text,true,,463,10422,1,1,http://localhost:3002/fir,8,0,0
1675771382845,7,FIr Creation Request,201,Created,Firs Test single user 1-1,text,true,,463,10422,1,1,http://localhost:3002/fir,7,0,0
1675771382853,7,FIr Creation Request,201,Created,Firs Test single user 1-1,text,true,,463,10422,1,1,http://localhost:3002/fir,7,0,0
1675771382861,7,FIr Creation Request,201,Created,Firs Test single user 1-1,text,true,,463,10422,1,1,http://localhost:3002/fir,7,0,0
1675771382870,7,FIr Creation Request,201,Created,Firs Test single user 1-1,text,true,,463,10422,1,1,http://localhost:3002/fir,7,0,0
1675771382878,7,FIr Creation Request,201,Created,Firs Test single user 1-1,text,true,,463,10422,1,1,http://localhost:3002/fir,7,0,0
1675771382886,7,FIr Creation Request,201,Created,Firs Test single user 1-1,text,true,,463,10422,1,1,http://localhost:3002/fir,7,0,0
1675771382894,8,FIr Creation Request,201,Created,Firs Test single user 1-1,text,true,,463,10422,1,1,http://localhost:3002/fir,8,0,1
1675771382903,7,FIr Creation Request,201,Created,Firs Test single user 1-1,text,true,,463,10422,1,1,http://localhost:3002/fir,7,0,0
1675771382911,6,FIr Creation Request,201,Created,Firs Test single user 1-1,text,true,,463,10422,1,1,http://localhost:3002/fir,6,0,0
1675771382919,7,FIr Creation Request,201,Created,Firs Test single user 1-1,text,true,,463,10422,1,1,http://localhost:3002/fir,7,0,0
1675771382927,6,FIr Creation Request,201,Created,Firs Test single user 1-1,text,true,,463,10422,1,1,http://localhost:3002/fir,6,0,0
1675771382934,6,FIr Creation Request,201,Created,Firs Test single user 1-1,text,true,,463,10422,1,1,http://localhost:3002/fir,6,0,0
1675771382942,10,FIr Creation Request,201,Created,Firs Test single user 1-1,text,true,,463,10422,1,1,http://localhost:3002/fir,10,0,0
1675771382953,8,FIr Creation Request,201,Created,Firs Test single user 1-1,text,true,,463,10422,1,1,http://localhost:3002/fir,8,0,1
1675771382962,6,FIr Creation Request,201,Created,Firs Test single user 1-1,text,true,,463,10422,1,1,http://localhost:3002/fir,6,0,0
1675771382970,7,FIr Creation Request,201,Created,Firs Test single user 1-1,text,true,,463,10422,1,1,http://localhost:3002/fir,7,0,0
1675771382978,7,FIr Creation Request,201,Created,Firs Test single user 1-1,text,true,,463,10422,1,1,http://localhost:3002/fir,7,0,0
1675771382992,11,FIr Creation Request,201,Created,Firs Test single user 1-1,text,true,,463,10422,1,1,http://localhost:3002/fir,11,0,0
1675771383004,7,FIr Creation Request,201,Created,Firs Test single user 1-1,text,true,,463,10422,1,1,http://localhost:3002/fir,7,0,1
1675771383012,7,FIr Creation Request,201,Created,Firs Test single user 1-1,text,true,,463,10422,1,1,http://localhost:3002/fir,7,0,0
1675771383020,7,FIr Creation Request,201,Created,Firs Test single user 1-1,text,true,,463,10422,1,1,http://localhost:3002/fir,7,0,0
1675771383028,7,FIr Creation Request,201,Created,Firs Test single user 1-1,text,true,,463,10422,1,1,http://localhost:3002/fir,7,0,0
1675771383036,8,FIr Creation Request,201,Created,Firs Test single user 1-1,text,true,,463,10422,1,1,http://localhost:3002/fir,8,0,1
1675771383045,7,FIr Creation Request,201,Created,Firs Test single user 1-1,text,true,,463,10422,1,1,http://localhost:3002/fir,7,0,0
1675771383053,7,FIr Creation Request,201,Created,Firs Test single user 1-1,text,true,,463,10422,1,1,http://localhost:3002/fir,7,0,0
1675771383061,6,FIr Creation Request,201,Created,Firs Test single user 1-1,text,true,,463,10422,1,1,http://localhost:3002/fir,6,0,1
1675771383069,5,FIr Creation Request,201,Created,Firs Test single user 1-1,text,true,,463,10422,1,1,http://localhost:3002/fir,5,0,0
1675771383076,5,FIr Creation Request,201,Created,Firs Test single user 1-1,text,true,,463,10422,1,1,http://localhost:3002/fir,5,0,0
1675771383083,5,FIr Creation Request,201,Created,Firs Test single user 1-1,text,true,,463,10422,1,1,http://localhost:3002/fir,5,0,0
1675771383090,8,FIr Creation Request,201,Created,Firs Test single user 1-1,text,true,,463,10422,1,1,http://localhost:3002/fir,8,0,0
1675771383099,530,FIr Creation Request,201,Created,Firs Test single user 1-1,text,true,,463,10422,1,1,http://localhost:3002/fir,530,0,0
1675771383633,338,FIr Creation Request,201,Created,Firs Test single user 1-1,text,true,,463,10422,1,1,http://localhost:3002/fir,338,0,0
1675771383976,15,FIr Creation Request,201,Created,Firs Test single user 1-1,text,true,,463,10422,1,1,http://localhost:3002/fir,15,0,0
1675771383992,10,FIr Creation Request,201,Created,Firs Test single user 1-1,text,true,,463,10422,1,1,http://localhost:3002/fir,10,0,0
1675771384004,8,FIr Creation Request,201,Created,Firs Test single user 1-1,text,true,,463,10422,1,1,http://localhost:3002/fir,8,0,0
1675771384016,7,FIr Creation Request,201,Created,Firs Test single user 1-1,text,true,,463,10422,1,1,http://localhost:3002/fir,7,0,0
1675771384025,6,FIr Creation Request,201,Created,Firs Test single user 1-1,text,true,,463,10422,1,1,http://localhost:3002/fir,6,0,0
1675771384032,7,FIr Creation Request,201,Created,Firs Test single user 1-1,text,true,,463,10422,1,1,http://localhost:3002/fir,7,0,0
1675771384040,6,FIr Creation Request,201,Created,Firs Test single user 1-1,text,true,,463,10422,1,1,http://localhost:3002/fir,6,0,1
1675771384047,8,FIr Creation Request,201,Created,Firs Test single user 1-1,text,true,,463,10422,1,1,http://localhost:3002/fir,8,0,1
1675771384057,6,FIr Creation Request,201,Created,Firs Test single user 1-1,text,true,,463,10422,1,1,http://localhost:3002/fir,6,0,0
1675771384065,7,FIr Creation Request,201,Created,Firs Test single user 1-1,text,true,,463,10422,1,1,http://localhost:3002/fir,7,0,0
1675771384073,7,FIr Creation Request,201,Created,Firs Test single user 1-1,text,true,,463,10422,1,1,http://localhost:3002/fir,7,0,0
1675771384081,8,FIr Creation Request,201,Created,Firs Test single user 1-1,text,true,,463,10422,1,1,http://localhost:3002/fir,8,0,1
1675771384090,7,FIr Creation Request,201,Created,Firs Test single user 1-1,text,true,,463,10422,1,1,http://localhost:3002/fir,7,0,1
1675771384098,6,FIr Creation Request,201,Created,Firs Test single user 1-1,text,true,,463,10422,1,1,http://localhost:3002/fir,6,0,0
1675771384106,5,FIr Creation Request,201,Created,Firs Test single user 1-1,text,true,,463,10422,1,1,http://localhost:3002/fir,5,0,0
1675771384113,6,FIr Creation Request,201,Created,Firs Test single user 1-1,text,true,,463,10422,1,1,http://localhost:3002/fir,6,0,0
1675771384120,7,FIr Creation Request,201,Created,Firs Test single user 1-1,text,true,,463,10422,1,1,http://localhost:3002/fir,7,0,0
1675771384128,308,FIr Creation Request,201,Created,Firs Test single user 1-1,text,true,,463,10422,1,1,http://localhost:3002/fir,308,0,0
1675771384439,391,FIr Creation Request,201,Created,Firs Test single user 1-1,text,true,,463,10422,1,1,http://localhost:3002/fir,391,0,0
1675771384831,36,FIr Creation Request,201,Created,Firs Test single user 1-1,text,true,,463,10422,1,1,http://localhost:3002/fir,36,0,0
1675771384872,13,FIr Creation Request,201,Created,Firs Test single user 1-1,text,true,,463,10422,1,1,http://localhost:3002/fir,13,0,0
1675771384886,10,FIr Creation Request,201,Created,Firs Test single user 1-1,text,true,,463,10422,1,1,http://localhost:3002/fir,10,0,1
1675771384897,9,FIr Creation Request,201,Created,Firs Test single user 1-1,text,true,,463,10422,1,1,http://localhost:3002/fir,9,0,0
1675771384907,10,FIr Creation Request,201,Created,Firs Test single user 1-1,text,true,,463,10422,1,1,http://localhost:3002/fir,10,0,0
1675771384919,8,FIr Creation Request,201,Created,Firs Test single user 1-1,text,true,,463,10422,1,1,http://localhost:3002/fir,8,0,0
1675771384929,10,FIr Creation Request,201,Created,Firs Test single user 1-1,text,true,,463,10422,1,1,http://localhost:3002/fir,10,0,0
1675771384940,6,FIr Creation Request,201,Created,Firs Test single user 1-1,text,true,,463,10422,1,1,http://localhost:3002/fir,6,0,0
1675771384947,8,FIr Creation Request,201,Created,Firs Test single user 1-1,text,true,,463,10422,1,1,http://localhost:3002/fir,8,0,1
1675771384956,7,FIr Creation Request,201,Created,Firs Test single user 1-1,text,true,,463,10422,1,1,http://localhost:3002/fir,7,0,0
1675771384964,7,FIr Creation Request,201,Created,Firs Test single user 1-1,text,true,,463,10422,1,1,http://localhost:3002/fir,7,0,0
1675771384972,7,FIr Creation Request,201,Created,Firs Test single user 1-1,text,true,,463,10422,1,1,http://localhost:3002/fir,7,0,0
1675771384980,7,FIr Creation Request,201,Created,Firs Test single user 1-1,text,true,,463,10422,1,1,http://localhost:3002/fir,7,0,0
1675771384989,7,FIr Creation Request,201,Created,Firs Test single user 1-1,text,true,,463,10422,1,1,http://localhost:3002/fir,7,0,0
1675771384997,7,FIr Creation Request,201,Created,Firs Test single user 1-1,text,true,,463,10422,1,1,http://localhost:3002/fir,7,0,1
1675771385005,7,FIr Creation Request,201,Created,Firs Test single user 1-1,text,true,,463,10422,1,1,http://localhost:3002/fir,7,0,1
1675771385014,7,FIr Creation Request,201,Created,Firs Test single user 1-1,text,true,,463,10422,1,1,http://localhost:3002/fir,7,0,0
1675771385023,6,FIr Creation Request,201,Created,Firs Test single user 1-1,text,true,,463,10422,1,1,http://localhost:3002/fir,6,0,0
1675771385036,11,FIr Creation Request,201,Created,Firs Test single user 1-1,text,true,,463,10422,1,1,http://localhost:3002/fir,11,0,1
1675771385048,6,FIr Creation Request,201,Created,Firs Test single user 1-1,text,true,,463,10422,1,1,http://localhost:3002/fir,6,0,0
1675771385056,7,FIr Creation Request,201,Created,Firs Test single user 1-1,text,true,,463,10422,1,1,http://localhost:3002/fir,7,0,0
1675771385064,7,FIr Creation Request,201,Created,Firs Test single user 1-1,text,true,,463,10422,1,1,http://localhost:3002/fir,7,0,0
1675771385072,7,FIr Creation Request,201,Created,Firs Test single user 1-1,text,true,,463,10422,1,1,http://localhost:3002/fir,7,0,0
1675771385081,7,FIr Creation Request,201,Created,Firs Test single user 1-1,text,true,,463,10422,1,1,http://localhost:3002/fir,7,0,0
1675771385089,7,FIr Creation Request,201,Created,Firs Test single user 1-1,text,true,,463,10422,1,1,http://localhost:3002/fir,7,0,0
1675771385097,7,FIr Creation Request,201,Created,Firs Test single user 1-1,text,true,,463,10422,1,1,http://localhost:3002/fir,7,0,0
1675771385106,6,FIr Creation Request,201,Created,Firs Test single user 1-1,text,true,,463,10422,1,1,http://localhost:3002/fir,6,0,0
1675771385114,8,FIr Creation Request,201,Created,Firs Test single user 1-1,text,true,,463,10422,1,1,http://localhost:3002/fir,8,0,0
1675771385123,6,FIr Creation Request,201,Created,Firs Test single user 1-1,text,true,,463,10422,1,1,http://localhost:3002/fir,6,0,0
1675771385130,8,FIr Creation Request,201,Created,Firs Test single user 1-1,text,true,,463,10422,1,1,http://localhost:3002/fir,8,0,1
1675771385139,7,FIr Creation Request,201,Created,Firs Test single user 1-1,text,true,,463,10422,1,1,http://localhost:3002/fir,7,0,1
1675771385147,7,FIr Creation Request,201,Created,Firs Test single user 1-1,text,true,,463,10422,1,1,http://localhost:3002/fir,7,0,0
1675771385155,8,FIr Creation Request,201,Created,Firs Test single user 1-1,text,true,,463,10422,1,1,http://localhost:3002/fir,8,0,1
1675771385164,8,FIr Creation Request,201,Created,Firs Test single user 1-1,text,true,,463,10422,1,1,http://localhost:3002/fir,8,0,0
1675771385173,7,FIr Creation Request,201,Created,Firs Test single user 1-1,text,true,,463,10422,1,1,http://localhost:3002/fir,7,0,0
1675771385181,7,FIr Creation Request,201,Created,Firs Test single user 1-1,text,true,,463,10422,1,1,http://localhost:3002/fir,7,0,0
1675771385189,7,FIr Creation Request,201,Created,Firs Test single user 1-1,text,true,,463,10422,1,1,http://localhost:3002/fir,7,0,0
1675771385197,8,FIr Creation Request,201,Created,Firs Test single user 1-1,text,true,,463,10422,1,1,http://localhost:3002/fir,8,0,0
1675771385206,7,FIr Creation Request,201,Created,Firs Test single user 1-1,text,true,,463,10422,1,1,http://localhost:3002/fir,7,0,0
1675771385214,7,FIr Creation Request,201,Created,Firs Test single user 1-1,text,true,,463,10422,1,1,http://localhost:3002/fir,7,0,0
1675771385222,7,FIr Creation Request,201,Created,Firs Test single user 1-1,text,true,,463,10422,1,1,http://localhost:3002/fir,7,0,0
1675771385231,7,FIr Creation Request,201,Created,Firs Test single user 1-1,text,true,,463,10422,1,1,http://localhost:3002/fir,7,0,0
1675771385239,7,FIr Creation Request,201,Created,Firs Test single user 1-1,text,true,,463,10422,1,1,http://localhost:3002/fir,7,0,0
1675771385248,6,FIr Creation Request,201,Created,Firs Test single user 1-1,text,true,,463,10422,1,1,http://localhost:3002/fir,6,0,0
1675771385255,8,FIr Creation Request,201,Created,Firs Test single user 1-1,text,true,,463,10422,1,1,http://localhost:3002/fir,8,0,1
1675771385265,6,FIr Creation Request,201,Created,Firs Test single user 1-1,text,true,,463,10422,1,1,http://localhost:3002/fir,6,0,0
1675771385272,8,FIr Creation Request,201,Created,Firs Test single user 1-1,text,true,,463,10422,1,1,http://localhost:3002/fir,8,0,0
1675771385281,7,FIr Creation Request,201,Created,Firs Test single user 1-1,text,true,,463,10422,1,1,http://localhost:3002/fir,7,0,0
1675771385289,7,FIr Creation Request,201,Created,Firs Test single user 1-1,text,true,,463,10422,1,1,http://localhost:3002/fir,7,0,0
1675771385298,6,FIr Creation Request,201,Created,Firs Test single user 1-1,text,true,,463,10422,1,1,http://localhost:3002/fir,6,0,0
1675771385306,7,FIr Creation Request,201,Created,Firs Test single user 1-1,text,true,,463,10422,1,1,http://localhost:3002/fir,7,0,0
1675771385315,7,FIr Creation Request,201,Created,Firs Test single user 1-1,text,true,,463,10422,1,1,http://localhost:3002/fir,7,0,0
1675771385323,7,FIr Creation Request,201,Created,Firs Test single user 1-1,text,true,,463,10422,1,1,http://localhost:3002/fir,7,0,0
1675771385331,7,FIr Creation Request,201,Created,Firs Test single user 1-1,text,true,,463,10422,1,1,http://localhost:3002/fir,7,0,0
1675771385340,6,FIr Creation Request,201,Created,Firs Test single user 1-1,text,true,,463,10422,1,1,http://localhost:3002/fir,6,0,0
1675771385347,8,FIr Creation Request,201,Created,Firs Test single user 1-1,text,true,,463,10422,1,1,http://localhost:3002/fir,8,0,1
1675771385356,7,FIr Creation Request,201,Created,Firs Test single user 1-1,text,true,,463,10422,1,1,http://localhost:3002/fir,7,0,0
1675771385364,8,FIr Creation Request,201,Created,Firs Test single user 1-1,text,true,,463,10422,1,1,http://localhost:3002/fir,8,0,0
1675771385380,8,FIr Creation Request,201,Created,Firs Test single user 1-1,text,true,,463,10422,1,1,http://localhost:3002/fir,8,0,0
1675771385389,7,FIr Creation Request,201,Created,Firs Test single user 1-1,text,true,,463,10422,1,1,http://localhost:3002/fir,7,0,1
1675771385398,7,FIr Creation Request,201,Created,Firs Test single user 1-1,text,true,,463,10422,1,1,http://localhost:3002/fir,7,0,0
1675771385406,7,FIr Creation Request,201,Created,Firs Test single user 1-1,text,true,,463,10422,1,1,http://localhost:3002/fir,7,0,0
1675771385414,8,FIr Creation Request,201,Created,Firs Test single user 1-1,text,true,,463,10422,1,1,http://localhost:3002/fir,8,0,0
1675771385423,6,FIr Creation Request,201,Created,Firs Test single user 1-1,text,true,,463,10422,1,1,http://localhost:3002/fir,6,0,0
1675771385431,7,FIr Creation Request,201,Created,Firs Test single user 1-1,text,true,,463,10422,1,1,http://localhost:3002/fir,7,0,0
1675771385439,8,FIr Creation Request,201,Created,Firs Test single user 1-1,text,true,,463,10422,1,1,http://localhost:3002/fir,8,0,1
1675771385448,7,FIr Creation Request,201,Created,Firs Test single user 1-1,text,true,,463,10422,1,1,http://localhost:3002/fir,7,0,0
1675771385456,8,FIr Creation Request,201,Created,Firs Test single user 1-1,text,true,,463,10422,1,1,http://localhost:3002/fir,8,0,0
1675771385465,6,FIr Creation Request,201,Created,Firs Test single user 1-1,text,true,,463,10422,1,1,http://localhost:3002/fir,6,0,0
1675771385473,6,FIr Creation Request,201,Created,Firs Test single user 1-1,text,true,,463,10422,1,1,http://localhost:3002/fir,6,0,0
1675771385480,9,FIr Creation Request,201,Created,Firs Test single user 1-1,text,true,,463,10422,1,1,http://localhost:3002/fir,9,0,0
1675771385490,6,FIr Creation Request,201,Created,Firs Test single user 1-1,text,true,,463,10422,1,1,http://localhost:3002/fir,6,0,0
1675771385497,8,FIr Creation Request,201,Created,Firs Test single user 1-1,text,true,,463,10422,1,1,http://localhost:3002/fir,8,0,1
1675771385507,7,FIr Creation Request,201,Created,Firs Test single user 1-1,text,true,,463,10422,1,1,http://localhost:3002/fir,7,0,0
1675771385516,6,FIr Creation Request,201,Created,Firs Test single user 1-1,text,true,,463,10422,1,1,http://localhost:3002/fir,6,0,0
1675771385523,7,FIr Creation Request,201,Created,Firs Test single user 1-1,text,true,,463,10422,1,1,http://localhost:3002/fir,7,0,0
1675771385531,7,FIr Creation Request,201,Created,Firs Test single user 1-1,text,true,,463,10422,1,1,http://localhost:3002/fir,7,0,0
1675771385540,6,FIr Creation Request,201,Created,Firs Test single user 1-1,text,true,,463,10422,1,1,http://localhost:3002/fir,6,0,0
1675771385549,6,FIr Creation Request,201,Created,Firs Test single user 1-1,text,true,,463,10422,1,1,http://localhost:3002/fir,6,0,0
1675771385556,7,FIr Creation Request,201,Created,Firs Test single user 1-1,text,true,,463,10422,1,1,http://localhost:3002/fir,7,0,1
1675771385564,8,FIr Creation Request,201,Created,Firs Test single user 1-1,text,true,,463,10422,1,1,http://localhost:3002/fir,8,0,1
1675771385573,7,FIr Creation Request,201,Created,Firs Test single user 1-1,text,true,,463,10422,1,1,http://localhost:3002/fir,7,0,0
1675771385581,7,FIr Creation Request,201,Created,Firs Test single user 1-1,text,true,,463,10422,1,1,http://localhost:3002/fir,7,0,0
1675771385590,7,FIr Creation Request,201,Created,Firs Test single user 1-1,text,true,,463,10422,1,1,http://localhost:3002/fir,7,0,0
1675771385598,7,FIr Creation Request,201,Created,Firs Test single user 1-1,text,true,,463,10422,1,1,http://localhost:3002/fir,7,0,0
1675771385606,6,FIr Creation Request,201,Created,Firs Test single user 1-1,text,true,,463,10422,1,1,http://localhost:3002/fir,6,0,1
1675771385614,7,FIr Creation Request,201,Created,Firs Test single user 1-1,text,true,,463,10422,1,1,http://localhost:3002/fir,7,0,0
1675771385622,6,FIr Creation Request,201,Created,Firs Test single user 1-1,text,true,,463,10422,1,1,http://localhost:3002/fir,6,0,0
1675771385629,6,FIr Creation Request,201,Created,Firs Test single user 1-1,text,true,,463,10422,1,1,http://localhost:3002/fir,6,0,0
1675771385636,6,FIr Creation Request,201,Created,Firs Test single user 1-1,text,true,,463,10422,1,1,http://localhost:3002/fir,6,0,0
1675771385644,8,FIr Creation Request,201,Created,Firs Test single user 1-1,text,true,,463,10422,1,1,http://localhost:3002/fir,8,0,0
1675771385653,7,FIr Creation Request,201,Created,Firs Test single user 1-1,text,true,,463,10422,1,1,http://localhost:3002/fir,7,0,0
1675771385662,7,FIr Creation Request,201,Created,Firs Test single user 1-1,text,true,,463,10422,1,1,http://localhost:3002/fir,7,0,0
1675771385670,7,FIr Creation Request,201,Created,Firs Test single user 1-1,text,true,,463,10422,1,1,http://localhost:3002/fir,7,0,0
1675771385678,7,FIr Creation Request,201,Created,Firs Test single user 1-1,text,true,,463,10422,1,1,http://localhost:3002/fir,7,0,0
1675771385686,7,FIr Creation Request,201,Created,Firs Test single user 1-1,text,true,,463,10422,1,1,http://localhost:3002/fir,7,0,1
1675771385695,7,FIr Creation Request,201,Created,Firs Test single user 1-1,text,true,,463,10422,1,1,http://localhost:3002/fir,7,0,0
1675771385703,7,FIr Creation Request,201,Created,Firs Test single user 1-1,text,true,,463,10422,1,1,http://localhost:3002/fir,7,0,0
1675771385712,6,FIr Creation Request,201,Created,Firs Test single user 1-1,text,true,,463,10422,1,1,http://localhost:3002/fir,6,0,0
1675771385720,7,FIr Creation Request,201,Created,Firs Test single user 1-1,text,true,,463,10422,1,1,http://localhost:3002/fir,7,0,0
1675771385728,7,FIr Creation Request,201,Created,Firs Test single user 1-1,text,true,,463,10422,1,1,http://localhost:3002/fir,7,0,0
1675771385736,7,FIr Creation Request,201,Created,Firs Test single user 1-1,text,true,,463,10422,1,1,http://localhost:3002/fir,7,0,0
1675771385744,8,FIr Creation Request,201,Created,Firs Test single user 1-1,text,true,,463,10422,1,1,http://localhost:3002/fir,8,0,0
1675771385753,6,FIr Creation Request,201,Created,Firs Test single user 1-1,text,true,,463,10422,1,1,http://localhost:3002/fir,6,0,0
1675771385761,6,FIr Creation Request,201,Created,Firs Test single user 1-1,text,true,,463,10422,1,1,http://localhost:3002/fir,6,0,0
1675771385768,10,FIr Creation Request,201,Created,Firs Test single user 1-1,text,true,,463,10422,1,1,http://localhost:3002/fir,10,0,0
1675771385780,10,FIr Creation Request,201,Created,Firs Test single user 1-1,text,true,,463,10422,1,1,http://localhost:3002/fir,10,0,0
1675771385791,6,FIr Creation Request,201,Created,Firs Test single user 1-1,text,true,,463,10422,1,1,http://localhost:3002/fir,6,0,0
1675771385799,6,FIr Creation Request,201,Created,Firs Test single user 1-1,text,true,,463,10422,1,1,http://localhost:3002/fir,6,0,0
1675771385806,550,FIr Creation Request,201,Created,Firs Test single user 1-1,text,true,,463,10422,1,1,http://localhost:3002/fir,550,0,0
1675771386360,16,FIr Creation Request,201,Created,Firs Test single user 1-1,text,true,,463,10422,1,1,http://localhost:3002/fir,16,0,1
1675771386378,9,FIr Creation Request,201,Created,Firs Test single user 1-1,text,true,,463,10422,1,1,http://localhost:3002/fir,9,0,0
1675771386388,8,FIr Creation Request,201,Created,Firs Test single user 1-1,text,true,,463,10422,1,1,http://localhost:3002/fir,8,0,0
1675771386400,8,FIr Creation Request,201,Created,Firs Test single user 1-1,text,true,,463,10422,1,1,http://localhost:3002/fir,8,0,0
1675771386409,7,FIr Creation Request,201,Created,Firs Test single user 1-1,text,true,,463,10422,1,1,http://localhost:3002/fir,7,0,1
1675771386418,7,FIr Creation Request,201,Created,Firs Test single user 1-1,text,true,,463,10422,1,1,http://localhost:3002/fir,7,0,0
1675771386426,8,FIr Creation Request,201,Created,Firs Test single user 1-1,text,true,,463,10422,1,1,http://localhost:3002/fir,8,0,0
1675771386436,6,FIr Creation Request,201,Created,Firs Test single user 1-1,text,true,,463,10422,1,1,http://localhost:3002/fir,6,0,0
1675771386444,7,FIr Creation Request,201,Created,Firs Test single user 1-1,text,true,,463,10422,1,1,http://localhost:3002/fir,7,0,0
1675771386452,6,FIr Creation Request,201,Created,Firs Test single user 1-1,text,true,,463,10422,1,1,http://localhost:3002/fir,6,0,0
1675771386459,9,FIr Creation Request,201,Created,Firs Test single user 1-1,text,true,,463,10422,1,1,http://localhost:3002/fir,9,0,1
1675771386469,16,FIr Creation Request,201,Created,Firs Test single user 1-1,text,true,,463,10422,1,1,http://localhost:3002/fir,16,0,0
1675771386487,23,FIr Creation Request,201,Created,Firs Test single user 1-1,text,true,,463,10422,1,1,http://localhost:3002/fir,23,0,0
1675771386511,7,FIr Creation Request,201,Created,Firs Test single user 1-1,text,true,,463,10422,1,1,http://localhost:3002/fir,7,0,0
1675771386519,7,FIr Creation Request,201,Created,Firs Test single user 1-1,text,true,,463,10422,1,1,http://localhost:3002/fir,7,0,0
1675771386527,7,FIr Creation Request,201,Created,Firs Test single user 1-1,text,true,,463,10422,1,1,http://localhost:3002/fir,7,0,0
1675771386535,6,FIr Creation Request,201,Created,Firs Test single user 1-1,text,true,,463,10422,1,1,http://localhost:3002/fir,6,0,0
1675771386542,9,FIr Creation Request,201,Created,Firs Test single user 1-1,text,true,,463,10422,1,1,http://localhost:3002/fir,9,0,1
1675771386552,8,FIr Creation Request,201,Created,Firs Test single user 1-1,text,true,,463,10422,1,1,http://localhost:3002/fir,8,0,0
1675771386561,7,FIr Creation Request,201,Created,Firs Test single user 1-1,text,true,,463,10422,1,1,http://localhost:3002/fir,7,0,0
1675771386572,8,FIr Creation Request,201,Created,Firs Test single user 1-1,text,true,,463,10422,1,1,http://localhost:3002/fir,8,0,0
1675771386581,7,FIr Creation Request,201,Created,Firs Test single user 1-1,text,true,,463,10422,1,1,http://localhost:3002/fir,7,0,1
1675771386589,7,FIr Creation Request,201,Created,Firs Test single user 1-1,text,true,,463,10422,1,1,http://localhost:3002/fir,7,0,0
1675771386598,7,FIr Creation Request,201,Created,Firs Test single user 1-1,text,true,,463,10422,1,1,http://localhost:3002/fir,7,0,0
1675771386606,7,FIr Creation Request,201,Created,Firs Test single user 1-1,text,true,,463,10422,1,1,http://localhost:3002/fir,7,0,0
1675771386614,7,FIr Creation Request,201,Created,Firs Test single user 1-1,text,true,,463,10422,1,1,http://localhost:3002/fir,7,0,0
1675771386622,8,FIr Creation Request,201,Created,Firs Test single user 1-1,text,true,,463,10422,1,1,http://localhost:3002/fir,8,0,1
1675771386631,7,FIr Creation Request,201,Created,Firs Test single user 1-1,text,true,,463,10422,1,1,http://localhost:3002/fir,7,0,0
1675771386639,8,FIr Creation Request,201,Created,Firs Test single user 1-1,text,true,,463,10422,1,1,http://localhost:3002/fir,8,0,0
1675771386648,6,FIr Creation Request,201,Created,Firs Test single user 1-1,text,true,,463,10422,1,1,http://localhost:3002/fir,6,0,0
1675771386655,7,FIr Creation Request,201,Created,Firs Test single user 1-1,text,true,,463,10422,1,1,http://localhost:3002/fir,7,0,1
1675771386664,7,FIr Creation Request,201,Created,Firs Test single user 1-1,text,true,,463,10422,1,1,http://localhost:3002/fir,7,0,0
1675771386673,5,FIr Creation Request,201,Created,Firs Test single user 1-1,text,true,,463,10422,1,1,http://localhost:3002/fir,5,0,0
1675771386680,6,FIr Creation Request,201,Created,Firs Test single user 1-1,text,true,,463,10422,1,1,http://localhost:3002/fir,6,0,0
1675771386687,6,FIr Creation Request,201,Created,Firs Test single user 1-1,text,true,,463,10422,1,1,http://localhost:3002/fir,6,0,0
1675771386694,6,FIr Creation Request,201,Created,Firs Test single user 1-1,text,true,,463,10422,1,1,http://localhost:3002/fir,6,0,0
1675771386702,5,FIr Creation Request,201,Created,Firs Test single user 1-1,text,true,,463,10422,1,1,http://localhost:3002/fir,5,0,0
1675771386708,11,FIr Creation Request,201,Created,Firs Test single user 1-1,text,true,,463,10422,1,1,http://localhost:3002/fir,11,0,1
1675771386721,7,FIr Creation Request,201,Created,Firs Test single user 1-1,text,true,,463,10422,1,1,http://localhost:3002/fir,7,0,0
1675771386729,7,FIr Creation Request,201,Created,Firs Test single user 1-1,text,true,,463,10422,1,1,http://localhost:3002/fir,7,0,0
1675771386738,5,FIr Creation Request,201,Created,Firs Test single user 1-1,text,true,,463,10422,1,1,http://localhost:3002/fir,5,0,0
1675771386745,6,FIr Creation Request,201,Created,Firs Test single user 1-1,text,true,,463,10422,1,1,http://localhost:3002/fir,6,0,0
1675771386752,5,FIr Creation Request,201,Created,Firs Test single user 1-1,text,true,,463,10422,1,1,http://localhost:3002/fir,5,0,0
1675771386758,6,FIr Creation Request,201,Created,Firs Test single user 1-1,text,true,,463,10422,1,1,http://localhost:3002/fir,6,0,1
1675771386766,5,FIr Creation Request,201,Created,Firs Test single user 1-1,text,true,,463,10422,1,1,http://localhost:3002/fir,5,0,0
1675771386772,8,FIr Creation Request,201,Created,Firs Test single user 1-1,text,true,,463,10422,1,1,http://localhost:3002/fir,8,0,0
1675771386781,7,FIr Creation Request,201,Created,Firs Test single user 1-1,text,true,,463,10422,1,1,http://localhost:3002/fir,7,0,0
1675771386789,7,FIr Creation Request,201,Created,Firs Test single user 1-1,text,true,,463,10422,1,1,http://localhost:3002/fir,7,0,0
1675771386798,7,FIr Creation Request,201,Created,Firs Test single user 1-1,text,true,,463,10422,1,1,http://localhost:3002/fir,7,0,0
1675771386806,7,FIr Creation Request,201,Created,Firs Test single user 1-1,text,true,,463,10422,1,1,http://localhost:3002/fir,7,0,0
1675771386814,7,FIr Creation Request,201,Created,Firs Test single user 1-1,text,true,,463,10422,1,1,http://localhost:3002/fir,7,0,0
1675771386822,6,FIr Creation Request,201,Created,Firs Test single user 1-1,text,true,,463,10422,1,1,http://localhost:3002/fir,6,0,0
1675771386829,6,FIr Creation Request,201,Created,Firs Test single user 1-1,text,true,,463,10422,1,1,http://localhost:3002/fir,6,0,0
1675771386836,6,FIr Creation Request,201,Created,Firs Test single user 1-1,text,true,,463,10422,1,1,http://localhost:3002/fir,6,0,0
1675771386843,6,FIr Creation Request,201,Created,Firs Test single user 1-1,text,true,,463,10422,1,1,http://localhost:3002/fir,6,0,0
1675771386851,6,FIr Creation Request,201,Created,Firs Test single user 1-1,text,true,,463,10422,1,1,http://localhost:3002/fir,6,0,0
1675771386858,6,FIr Creation Request,201,Created,Firs Test single user 1-1,text,true,,463,10422,1,1,http://localhost:3002/fir,6,0,0
1675771386865,6,FIr Creation Request,201,Created,Firs Test single user 1-1,text,true,,463,10422,1,1,http://localhost:3002/fir,6,0,0
1675771386873,6,FIr Creation Request,201,Created,Firs Test single user 1-1,text,true,,463,10422,1,1,http://localhost:3002/fir,6,0,0
1675771386881,7,FIr Creation Request,201,Created,Firs Test single user 1-1,text,true,,463,10422,1,1,http://localhost:3002/fir,7,0,0
1675771386889,8,FIr Creation Request,201,Created,Firs Test single user 1-1,text,true,,463,10422,1,1,http://localhost:3002/fir,7,0,0
1675771386898,6,FIr Creation Request,201,Created,Firs Test single user 1-1,text,true,,463,10422,1,1,http://localhost:3002/fir,6,0,0
1675771386910,9,FIr Creation Request,201,Created,Firs Test single user 1-1,text,true,,463,10422,1,1,http://localhost:3002/fir,9,0,0
1675771386920,6,FIr Creation Request,201,Created,Firs Test single user 1-1,text,true,,463,10422,1,1,http://localhost:3002/fir,6,0,0
1675771386927,8,FIr Creation Request,201,Created,Firs Test single user 1-1,text,true,,463,10422,1,1,http://localhost:3002/fir,8,0,0
1675771386936,7,FIr Creation Request,201,Created,Firs Test single user 1-1,text,true,,463,10422,1,1,http://localhost:3002/fir,7,0,0
1675771386944,7,FIr Creation Request,201,Created,Firs Test single user 1-1,text,true,,463,10422,1,1,http://localhost:3002/fir,7,0,0
1675771386952,7,FIr Creation Request,201,Created,Firs Test single user 1-1,text,true,,463,10422,1,1,http://localhost:3002/fir,7,0,0
1675771386960,7,FIr Creation Request,201,Created,Firs Test single user 1-1,text,true,,463,10422,1,1,http://localhost:3002/fir,7,0,1
1675771386968,6,FIr Creation Request,201,Created,Firs Test single user 1-1,text,true,,463,10422,1,1,http://localhost:3002/fir,6,0,0
1675771386975,6,FIr Creation Request,201,Created,Firs Test single user 1-1,text,true,,463,10422,1,1,http://localhost:3002/fir,6,0,1
1675771386983,5,FIr Creation Request,201,Created,Firs Test single user 1-1,text,true,,463,10422,1,1,http://localhost:3002/fir,5,0,0
1675771386990,5,FIr Creation Request,201,Created,Firs Test single user 1-1,text,true,,463,10422,1,1,http://localhost:3002/fir,5,0,0
1675771386997,6,FIr Creation Request,201,Created,Firs Test single user 1-1,text,true,,463,10422,1,1,http://localhost:3002/fir,6,0,0
1675771387005,6,FIr Creation Request,201,Created,Firs Test single user 1-1,text,true,,463,10422,1,1,http://localhost:3002/fir,6,0,0
1675771387012,6,FIr Creation Request,201,Created,Firs Test single user 1-1,text,true,,463,10422,1,1,http://localhost:3002/fir,6,0,0
1675771387019,7,FIr Creation Request,201,Created,Firs Test single user 1-1,text,true,,463,10422,1,1,http://localhost:3002/fir,7,0,1
1675771387027,7,FIr Creation Request,201,Created,Firs Test single user 1-1,text,true,,463,10422,1,1,http://localhost:3002/fir,7,0,0
1675771387036,7,FIr Creation Request,201,Created,Firs Test single user 1-1,text,true,,463,10422,1,1,http://localhost:3002/fir,7,0,0
1675771387045,7,FIr Creation Request,201,Created,Firs Test single user 1-1,text,true,,463,10422,1,1,http://localhost:3002/fir,7,0,0
1675771387053,6,FIr Creation Request,201,Created,Firs Test single user 1-1,text,true,,463,10422,1,1,http://localhost:3002/fir,6,0,0
1675771387061,7,FIr Creation Request,201,Created,Firs Test single user 1-1,text,true,,463,10422,1,1,http://localhost:3002/fir,7,0,0
1675771387069,7,FIr Creation Request,201,Created,Firs Test single user 1-1,text,true,,463,10422,1,1,http://localhost:3002/fir,7,0,0
1675771387080,8,FIr Creation Request,201,Created,Firs Test single user 1-1,text,true,,463,10422,1,1,http://localhost:3002/fir,8,0,0
1675771387089,7,FIr Creation Request,201,Created,Firs Test single user 1-1,text,true,,463,10422,1,1,http://localhost:3002/fir,7,0,0
1675771387097,8,FIr Creation Request,201,Created,Firs Test single user 1-1,text,true,,463,10422,1,1,http://localhost:3002/fir,8,0,1
1675771387106,8,FIr Creation Request,201,Created,Firs Test single user 1-1,text,true,,463,10422,1,1,http://localhost:3002/fir,8,0,0
1675771387115,6,FIr Creation Request,201,Created,Firs Test single user 1-1,text,true,,463,10422,1,1,http://localhost:3002/fir,6,0,0
1675771387123,7,FIr Creation Request,201,Created,Firs Test single user 1-1,text,true,,463,10422,1,1,http://localhost:3002/fir,7,0,0
1675771387131,222,FIr Creation Request,201,Created,Firs Test single user 1-1,text,true,,463,10422,1,1,http://localhost:3002/fir,222,0,1
1675771387358,284,FIr Creation Request,201,Created,Firs Test single user 1-1,text,true,,463,10422,1,1,http://localhost:3002/fir,284,0,1
1675771387644,9,FIr Creation Request,201,Created,Firs Test single user 1-1,text,true,,463,10422,1,1,http://localhost:3002/fir,9,0,1
1675771387654,8,FIr Creation Request,201,Created,Firs Test single user 1-1,text,true,,463,10422,1,1,http://localhost:3002/fir,8,0,0
1675771387663,7,FIr Creation Request,201,Created,Firs Test single user 1-1,text,true,,463,10422,1,1,http://localhost:3002/fir,7,0,0
1675771387672,6,FIr Creation Request,201,Created,Firs Test single user 1-1,text,true,,463,10422,1,1,http://localhost:3002/fir,6,0,0
1675771387679,7,FIr Creation Request,201,Created,Firs Test single user 1-1,text,true,,463,10422,1,1,http://localhost:3002/fir,7,0,1
1675771387687,8,FIr Creation Request,201,Created,Firs Test single user 1-1,text,true,,463,10422,1,1,http://localhost:3002/fir,8,0,0
1675771387696,6,FIr Creation Request,201,Created,Firs Test single user 1-1,text,true,,463,10422,1,1,http://localhost:3002/fir,6,0,0
1675771387704,6,FIr Creation Request,201,Created,Firs Test single user 1-1,text,true,,463,10422,1,1,http://localhost:3002/fir,6,0,0
1675771387711,7,FIr Creation Request,201,Created,Firs Test single user 1-1,text,true,,463,10422,1,1,http://localhost:3002/fir,7,0,1
1675771387719,8,FIr Creation Request,201,Created,Firs Test single user 1-1,text,true,,463,10422,1,1,http://localhost:3002/fir,8,0,1
1675771387729,7,FIr Creation Request,201,Created,Firs Test single user 1-1,text,true,,463,10422,1,1,http://localhost:3002/fir,7,0,0
1675771387737,7,FIr Creation Request,201,Created,Firs Test single user 1-1,text,true,,463,10422,1,1,http://localhost:3002/fir,7,0,0
1675771387745,7,FIr Creation Request,201,Created,Firs Test single user 1-1,text,true,,463,10422,1,1,http://localhost:3002/fir,7,0,0
1675771387753,8,FIr Creation Request,201,Created,Firs Test single user 1-1,text,true,,463,10422,1,1,http://localhost:3002/fir,8,0,0
1675771387762,8,FIr Creation Request,201,Created,Firs Test single user 1-1,text,true,,463,10422,1,1,http://localhost:3002/fir,8,0,1
1675771387771,6,FIr Creation Request,201,Created,Firs Test single user 1-1,text,true,,463,10422,1,1,http://localhost:3002/fir,6,0,0
1675771387779,6,FIr Creation Request,201,Created,Firs Test single user 1-1,text,true,,463,10422,1,1,http://localhost:3002/fir,6,0,0
1675771387786,9,FIr Creation Request,201,Created,Firs Test single user 1-1,text,true,,463,10422,1,1,http://localhost:3002/fir,9,0,1
1675771387796,7,FIr Creation Request,201,Created,Firs Test single user 1-1,text,true,,463,10422,1,1,http://localhost:3002/fir,7,0,0
1675771387804,7,FIr Creation Request,201,Created,Firs Test single user 1-1,text,true,,463,10422,1,1,http://localhost:3002/fir,7,0,0
1675771387812,6,FIr Creation Request,201,Created,Firs Test single user 1-1,text,true,,463,10422,1,1,http://localhost:3002/fir,6,0,0
1675771387819,7,FIr Creation Request,201,Created,Firs Test single user 1-1,text,true,,463,10422,1,1,http://localhost:3002/fir,7,0,0
1675771387828,7,FIr Creation Request,201,Created,Firs Test single user 1-1,text,true,,463,10422,1,1,http://localhost:3002/fir,7,0,0
1675771387836,7,FIr Creation Request,201,Created,Firs Test single user 1-1,text,true,,463,10422,1,1,http://localhost:3002/fir,7,0,0
1675771387844,34,FIr Creation Request,201,Created,Firs Test single user 1-1,text,true,,463,10422,1,1,http://localhost:3002/fir,34,0,1
1675771387880,7,FIr Creation Request,201,Created,Firs Test single user 1-1,text,true,,463,10422,1,1,http://localhost:3002/fir,7,0,0
1675771387889,6,FIr Creation Request,201,Created,Firs Test single user 1-1,text,true,,463,10422,1,1,http://localhost:3002/fir,6,0,0
1675771387897,6,FIr Creation Request,201,Created,Firs Test single user 1-1,text,true,,463,10422,1,1,http://localhost:3002/fir,6,0,0
1675771387904,6,FIr Creation Request,201,Created,Firs Test single user 1-1,text,true,,463,10422,1,1,http://localhost:3002/fir,6,0,0
1675771387911,7,FIr Creation Request,201,Created,Firs Test single user 1-1,text,true,,463,10422,1,1,http://localhost:3002/fir,7,0,1
1675771387926,9,FIr Creation Request,201,Created,Firs Test single user 1-1,text,true,,463,10422,1,1,http://localhost:3002/fir,9,0,1
1675771387936,8,FIr Creation Request,201,Created,Firs Test single user 1-1,text,true,,463,10422,1,1,http://localhost:3002/fir,8,0,1
1675771387945,7,FIr Creation Request,201,Created,Firs Test single user 1-1,text,true,,463,10422,1,1,http://localhost:3002/fir,7,0,0
1675771387953,7,FIr Creation Request,201,Created,Firs Test single user 1-1,text,true,,463,10422,1,1,http://localhost:3002/fir,7,0,0
1675771387962,7,FIr Creation Request,201,Created,Firs Test single user 1-1,text,true,,463,10422,1,1,http://localhost:3002/fir,7,0,0
1675771387970,6,FIr Creation Request,201,Created,Firs Test single user 1-1,text,true,,463,10422,1,1,http://localhost:3002/fir,6,0,0
1675771387978,7,FIr Creation Request,201,Created,Firs Test single user 1-1,text,true,,463,10422,1,1,http://localhost:3002/fir,7,0,0
1675771387986,8,FIr Creation Request,201,Created,Firs Test single user 1-1,text,true,,463,10422,1,1,http://localhost:3002/fir,8,0,0
1675771387996,6,FIr Creation Request,201,Created,Firs Test single user 1-1,text,true,,463,10422,1,1,http://localhost:3002/fir,6,0,0
1675771388003,7,FIr Creation Request,201,Created,Firs Test single user 1-1,text,true,,463,10422,1,1,http://localhost:3002/fir,7,0,0
1675771388011,7,FIr Creation Request,201,Created,Firs Test single user 1-1,text,true,,463,10422,1,1,http://localhost:3002/fir,7,0,0
1675771388020,7,FIr Creation Request,201,Created,Firs Test single user 1-1,text,true,,463,10422,1,1,http://localhost:3002/fir,6,0,0
1675771388028,7,FIr Creation Request,201,Created,Firs Test single user 1-1,text,true,,463,10422,1,1,http://localhost:3002/fir,7,0,0
1675771388036,7,FIr Creation Request,201,Created,Firs Test single user 1-1,text,true,,463,10422,1,1,http://localhost:3002/fir,7,0,0
1675771388045,7,FIr Creation Request,201,Created,Firs Test single user 1-1,text,true,,463,10422,1,1,http://localhost:3002/fir,7,0,0
1675771388053,9,FIr Creation Request,201,Created,Firs Test single user 1-1,text,true,,463,10422,1,1,http://localhost:3002/fir,9,0,0
1675771388063,7,FIr Creation Request,201,Created,Firs Test single user 1-1,text,true,,463,10422,1,1,http://localhost:3002/fir,7,0,0
1675771388071,6,FIr Creation Request,201,Created,Firs Test single user 1-1,text,true,,463,10422,1,1,http://localhost:3002/fir,6,0,0
1675771388079,6,FIr Creation Request,201,Created,Firs Test single user 1-1,text,true,,463,10422,1,1,http://localhost:3002/fir,6,0,0
1675771388086,7,FIr Creation Request,201,Created,Firs Test single user 1-1,text,true,,463,10422,1,1,http://localhost:3002/fir,7,0,0
1675771388097,9,FIr Creation Request,201,Created,Firs Test single user 1-1,text,true,,463,10422,1,1,http://localhost:3002/fir,9,0,0
1675771388107,8,FIr Creation Request,201,Created,Firs Test single user 1-1,text,true,,463,10422,1,1,http://localhost:3002/fir,8,0,1
1675771388116,6,FIr Creation Request,201,Created,Firs Test single user 1-1,text,true,,463,10422,1,1,http://localhost:3002/fir,6,0,0
1675771388124,7,FIr Creation Request,201,Created,Firs Test single user 1-1,text,true,,463,10422,1,1,http://localhost:3002/fir,7,0,0
1675771388132,7,FIr Creation Request,201,Created,Firs Test single user 1-1,text,true,,463,10422,1,1,http://localhost:3002/fir,7,0,0
1675771388140,8,FIr Creation Request,201,Created,Firs Test single user 1-1,text,true,,463,10422,1,1,http://localhost:3002/fir,8,0,1
1675771388149,7,FIr Creation Request,201,Created,Firs Test single user 1-1,text,true,,463,10422,1,1,http://localhost:3002/fir,7,0,0
1675771388157,7,FIr Creation Request,201,Created,Firs Test single user 1-1,text,true,,463,10422,1,1,http://localhost:3002/fir,7,0,0
1675771388166,7,FIr Creation Request,201,Created,Firs Test single user 1-1,text,true,,463,10422,1,1,http://localhost:3002/fir,7,0,0
1675771388174,7,FIr Creation Request,201,Created,Firs Test single user 1-1,text,true,,463,10422,1,1,http://localhost:3002/fir,7,0,0
1675771388182,7,FIr Creation Request,201,Created,Firs Test single user 1-1,text,true,,463,10422,1,1,http://localhost:3002/fir,7,0,0
1675771388190,7,FIr Creation Request,201,Created,Firs Test single user 1-1,text,true,,463,10422,1,1,http://localhost:3002/fir,7,0,0
1675771388198,8,FIr Creation Request,201,Created,Firs Test single user 1-1,text,true,,463,10422,1,1,http://localhost:3002/fir,8,0,1
1675771388207,7,FIr Creation Request,201,Created,Firs Test single user 1-1,text,true,,463,10422,1,1,http://localhost:3002/fir,7,0,0
1675771388216,6,FIr Creation Request,201,Created,Firs Test single user 1-1,text,true,,463,10422,1,1,http://localhost:3002/fir,6,0,0
1675771388224,7,FIr Creation Request,201,Created,Firs Test single user 1-1,text,true,,463,10422,1,1,http://localhost:3002/fir,7,0,0
1675771388233,6,FIr Creation Request,201,Created,Firs Test single user 1-1,text,true,,463,10422,1,1,http://localhost:3002/fir,6,0,0
1675771388240,8,FIr Creation Request,201,Created,Firs Test single user 1-1,text,true,,463,10422,1,1,http://localhost:3002/fir,8,0,0
1675771388249,7,FIr Creation Request,201,Created,Firs Test single user 1-1,text,true,,463,10422,1,1,http://localhost:3002/fir,7,0,1
1675771388257,7,FIr Creation Request,201,Created,Firs Test single user 1-1,text,true,,463,10422,1,1,http://localhost:3002/fir,7,0,0
1675771388265,8,FIr Creation Request,201,Created,Firs Test single user 1-1,text,true,,463,10422,1,1,http://localhost:3002/fir,8,0,0
1675771388274,6,FIr Creation Request,201,Created,Firs Test single user 1-1,text,true,,463,10422,1,1,http://localhost:3002/fir,6,0,0
1675771388282,12,FIr Creation Request,201,Created,Firs Test single user 1-1,text,true,,463,10422,1,1,http://localhost:3002/fir,12,0,0
1675771388295,7,FIr Creation Request,201,Created,Firs Test single user 1-1,text,true,,463,10422,1,1,http://localhost:3002/fir,7,0,1
1675771388303,7,FIr Creation Request,201,Created,Firs Test single user 1-1,text,true,,463,10422,1,1,http://localhost:3002/fir,7,0,0
1675771388311,7,FIr Creation Request,201,Created,Firs Test single user 1-1,text,true,,463,10422,1,1,http://localhost:3002/fir,7,0,0
1675771388319,6,FIr Creation Request,201,Created,Firs Test single user 1-1,text,true,,463,10422,1,1,http://localhost:3002/fir,6,0,0
1675771388326,6,FIr Creation Request,201,Created,Firs Test single user 1-1,text,true,,463,10422,1,1,http://localhost:3002/fir,6,0,1
1675771388333,6,FIr Creation Request,201,Created,Firs Test single user 1-1,text,true,,463,10422,1,1,http://localhost:3002/fir,6,0,0
1675771388340,6,FIr Creation Request,201,Created,Firs Test single user 1-1,text,true,,463,10422,1,1,http://localhost:3002/fir,6,0,0
1675771388347,6,FIr Creation Request,201,Created,Firs Test single user 1-1,text,true,,463,10422,1,1,http://localhost:3002/fir,6,0,0
1675771388354,6,FIr Creation Request,201,Created,Firs Test single user 1-1,text,true,,463,10422,1,1,http://localhost:3002/fir,6,0,0
1675771388362,6,FIr Creation Request,201,Created,Firs Test single user 1-1,text,true,,463,10422,1,1,http://localhost:3002/fir,6,0,0
1675771388369,8,FIr Creation Request,201,Created,Firs Test single user 1-1,text,true,,463,10422,1,1,http://localhost:3002/fir,8,0,1
1675771388379,7,FIr Creation Request,201,Created,Firs Test single user 1-1,text,true,,463,10422,1,1,http://localhost:3002/fir,7,0,0
1675771388387,7,FIr Creation Request,201,Created,Firs Test single user 1-1,text,true,,463,10422,1,1,http://localhost:3002/fir,7,0,0
1675771388396,7,FIr Creation Request,201,Created,Firs Test single user 1-1,text,true,,463,10422,1,1,http://localhost:3002/fir,7,0,0
1675771388404,7,FIr Creation Request,201,Created,Firs Test single user 1-1,text,true,,463,10422,1,1,http://localhost:3002/fir,7,0,0
1675771388412,7,FIr Creation Request,201,Created,Firs Test single user 1-1,text,true,,463,10422,1,1,http://localhost:3002/fir,7,0,1
1675771388421,6,FIr Creation Request,201,Created,Firs Test single user 1-1,text,true,,463,10422,1,1,http://localhost:3002/fir,6,0,0
1675771388429,6,FIr Creation Request,201,Created,Firs Test single user 1-1,text,true,,463,10422,1,1,http://localhost:3002/fir,6,0,0
1675771388439,9,FIr Creation Request,201,Created,Firs Test single user 1-1,text,true,,463,10422,1,1,http://localhost:3002/fir,9,0,1
1675771388450,6,FIr Creation Request,201,Created,Firs Test single user 1-1,text,true,,463,10422,1,1,http://localhost:3002/fir,6,0,0
1675771388457,7,FIr Creation Request,201,Created,Firs Test single user 1-1,text,true,,463,10422,1,1,http://localhost:3002/fir,7,0,0
1675771388465,7,FIr Creation Request,201,Created,Firs Test single user 1-1,text,true,,463,10422,1,1,http://localhost:3002/fir,7,0,1
1675771388473,8,FIr Creation Request,201,Created,Firs Test single user 1-1,text,true,,463,10422,1,1,http://localhost:3002/fir,8,0,1
1675771388482,7,FIr Creation Request,201,Created,Firs Test single user 1-1,text,true,,463,10422,1,1,http://localhost:3002/fir,7,0,0
1675771388490,13,FIr Creation Request,201,Created,Firs Test single user 1-1,text,true,,463,10422,1,1,http://localhost:3002/fir,13,0,0
1675771388505,894,FIr Creation Request,201,Created,Firs Test single user 1-1,text,true,,463,10422,1,1,http://localhost:3002/fir,894,0,0
1675771389400,30,FIr Creation Request,201,Created,Firs Test single user 1-1,text,true,,463,10422,1,1,http://localhost:3002/fir,30,0,0
1675771389432,10,FIr Creation Request,201,Created,Firs Test single user 1-1,text,true,,463,10422,1,1,http://localhost:3002/fir,10,0,0
1675771389443,7,FIr Creation Request,201,Created,Firs Test single user 1-1,text,true,,463,10422,1,1,http://localhost:3002/fir,7,0,0
1675771389451,161,FIr Creation Request,201,Created,Firs Test single user 1-1,text,true,,463,10422,1,1,http://localhost:3002/fir,161,0,0
1675771389613,234,FIr Creation Request,201,Created,Firs Test single user 1-1,text,true,,463,10422,1,1,http://localhost:3002/fir,234,0,0
1675771389851,113,FIr Creation Request,201,Created,Firs Test single user 1-1,text,true,,463,10422,1,1,http://localhost:3002/fir,113,0,0
1675771389967,214,FIr Creation Request,201,Created,Firs Test single user 1-1,text,true,,463,10422,1,1,http://localhost:3002/fir,214,0,0
1675771390186,310,FIr Creation Request,201,Created,Firs Test single user 1-1,text,true,,463,10422,1,1,http://localhost:3002/fir,310,0,0
1675771390498,22,FIr Creation Request,201,Created,Firs Test single user 1-1,text,true,,463,10422,1,1,http://localhost:3002/fir,22,0,0
1675771390521,7,FIr Creation Request,201,Created,Firs Test single user 1-1,text,true,,463,10422,1,1,http://localhost:3002/fir,7,0,0
1675771390529,9,FIr Creation Request,201,Created,Firs Test single user 1-1,text,true,,463,10422,1,1,http://localhost:3002/fir,9,0,0
1675771390539,8,FIr Creation Request,201,Created,Firs Test single user 1-1,text,true,,463,10422,1,1,http://localhost:3002/fir,8,0,0
1675771390548,8,FIr Creation Request,201,Created,Firs Test single user 1-1,text,true,,463,10422,1,1,http://localhost:3002/fir,8,0,0
1675771390557,10,FIr Creation Request,201,Created,Firs Test single user 1-1,text,true,,463,10422,1,1,http://localhost:3002/fir,10,0,1
1675771390568,6,FIr Creation Request,201,Created,Firs Test single user 1-1,text,true,,463,10422,1,1,http://localhost:3002/fir,6,0,0
1675771390575,8,FIr Creation Request,201,Created,Firs Test single user 1-1,text,true,,463,10422,1,1,http://localhost:3002/fir,8,0,1
1675771390584,7,FIr Creation Request,201,Created,Firs Test single user 1-1,text,true,,463,10422,1,1,http://localhost:3002/fir,7,0,1
1675771390592,6,FIr Creation Request,201,Created,Firs Test single user 1-1,text,true,,463,10422,1,1,http://localhost:3002/fir,6,0,0
1675771390600,7,FIr Creation Request,201,Created,Firs Test single user 1-1,text,true,,463,10422,1,1,http://localhost:3002/fir,7,0,0
1675771390609,6,FIr Creation Request,201,Created,Firs Test single user 1-1,text,true,,463,10422,1,1,http://localhost:3002/fir,6,0,0
1675771390616,7,FIr Creation Request,201,Created,Firs Test single user 1-1,text,true,,463,10422,1,1,http://localhost:3002/fir,7,0,0
1675771390624,6,FIr Creation Request,201,Created,Firs Test single user 1-1,text,true,,463,10422,1,1,http://localhost:3002/fir,6,0,0
1675771390631,6,FIr Creation Request,201,Created,Firs Test single user 1-1,text,true,,463,10422,1,1,http://localhost:3002/fir,6,0,0
1675771390638,7,FIr Creation Request,201,Created,Firs Test single user 1-1,text,true,,463,10422,1,1,http://localhost:3002/fir,7,0,0
1675771390651,7,FIr Creation Request,201,Created,Firs Test single user 1-1,text,true,,463,10422,1,1,http://localhost:3002/fir,7,0,0
1675771390659,6,FIr Creation Request,201,Created,Firs Test single user 1-1,text,true,,463,10422,1,1,http://localhost:3002/fir,6,0,0
1675771390666,5,FIr Creation Request,201,Created,Firs Test single user 1-1,text,true,,463,10422,1,1,http://localhost:3002/fir,5,0,0
1675771390673,6,FIr Creation Request,201,Created,Firs Test single user 1-1,text,true,,463,10422,1,1,http://localhost:3002/fir,6,0,0
1675771390680,7,FIr Creation Request,201,Created,Firs Test single user 1-1,text,true,,463,10422,1,1,http://localhost:3002/fir,7,0,0
1675771390688,7,FIr Creation Request,201,Created,Firs Test single user 1-1,text,true,,463,10422,1,1,http://localhost:3002/fir,7,0,0
1675771390697,7,FIr Creation Request,201,Created,Firs Test single user 1-1,text,true,,463,10422,1,1,http://localhost:3002/fir,7,0,0
1675771390706,6,FIr Creation Request,201,Created,Firs Test single user 1-1,text,true,,463,10422,1,1,http://localhost:3002/fir,6,0,0
1675771390713,7,FIr Creation Request,201,Created,Firs Test single user 1-1,text,true,,463,10422,1,1,http://localhost:3002/fir,7,0,1
1675771390722,7,FIr Creation Request,201,Created,Firs Test single user 1-1,text,true,,463,10422,1,1,http://localhost:3002/fir,7,0,0
1675771390730,7,FIr Creation Request,201,Created,Firs Test single user 1-1,text,true,,463,10422,1,1,http://localhost:3002/fir,7,0,0
1675771390739,7,FIr Creation Request,201,Created,Firs Test single user 1-1,text,true,,463,10422,1,1,http://localhost:3002/fir,7,0,0
1675771390747,10,FIr Creation Request,201,Created,Firs Test single user 1-1,text,true,,463,10422,1,1,http://localhost:3002/fir,10,0,0
1675771390758,5,FIr Creation Request,201,Created,Firs Test single user 1-1,text,true,,463,10422,1,1,http://localhost:3002/fir,5,0,0
1675771390765,9,FIr Creation Request,201,Created,Firs Test single user 1-1,text,true,,463,10422,1,1,http://localhost:3002/fir,9,0,0
1675771390775,7,FIr Creation Request,201,Created,Firs Test single user 1-1,text,true,,463,10422,1,1,http://localhost:3002/fir,7,0,0
1675771390784,6,FIr Creation Request,201,Created,Firs Test single user 1-1,text,true,,463,10422,1,1,http://localhost:3002/fir,6,0,0
1675771390791,6,FIr Creation Request,201,Created,Firs Test single user 1-1,text,true,,463,10422,1,1,http://localhost:3002/fir,6,0,0
1675771390798,7,FIr Creation Request,201,Created,Firs Test single user 1-1,text,true,,463,10422,1,1,http://localhost:3002/fir,6,0,0
1675771390806,6,FIr Creation Request,201,Created,Firs Test single user 1-1,text,true,,463,10422,1,1,http://localhost:3002/fir,6,0,0
1675771390813,7,FIr Creation Request,201,Created,Firs Test single user 1-1,text,true,,463,10422,1,1,http://localhost:3002/fir,7,0,0
1675771390821,8,FIr Creation Request,201,Created,Firs Test single user 1-1,text,true,,463,10422,1,1,http://localhost:3002/fir,8,0,0
1675771390830,7,FIr Creation Request,201,Created,Firs Test single user 1-1,text,true,,463,10422,1,1,http://localhost:3002/fir,7,0,1
1675771390839,7,FIr Creation Request,201,Created,Firs Test single user 1-1,text,true,,463,10422,1,1,http://localhost:3002/fir,7,0,0
1675771390847,7,FIr Creation Request,201,Created,Firs Test single user 1-1,text,true,,463,10422,1,1,http://localhost:3002/fir,7,0,0
1675771390855,7,FIr Creation Request,201,Created,Firs Test single user 1-1,text,true,,463,10422,1,1,http://localhost:3002/fir,7,0,1
1675771390864,6,FIr Creation Request,201,Created,Firs Test single user 1-1,text,true,,463,10422,1,1,http://localhost:3002/fir,6,0,0
1675771390871,8,FIr Creation Request,201,Created,Firs Test single user 1-1,text,true,,463,10422,1,1,http://localhost:3002/fir,8,0,1
1675771390880,8,FIr Creation Request,201,Created,Firs Test single user 1-1,text,true,,463,10422,1,1,http://localhost:3002/fir,8,0,0
1675771390889,7,FIr Creation Request,201,Created,Firs Test single user 1-1,text,true,,463,10422,1,1,http://localhost:3002/fir,7,0,0
1675771390897,7,FIr Creation Request,201,Created,Firs Test single user 1-1,text,true,,463,10422,1,1,http://localhost:3002/fir,7,0,0
1675771390906,6,FIr Creation Request,201,Created,Firs Test single user 1-1,text,true,,463,10422,1,1,http://localhost:3002/fir,6,0,0
1675771390913,6,FIr Creation Request,201,Created,Firs Test single user 1-1,text,true,,463,10422,1,1,http://localhost:3002/fir,6,0,0
1675771390920,6,FIr Creation Request,201,Created,Firs Test single user 1-1,text,true,,463,10422,1,1,http://localhost:3002/fir,6,0,1
1675771391001,7,FIr Creation Request,201,Created,Firs Test single user 1-1,text,true,,463,10422,1,1,http://localhost:3002/fir,7,0,0
1675771391009,7,FIr Creation Request,201,Created,Firs Test single user 1-1,text,true,,463,10422,1,1,http://localhost:3002/fir,7,0,1
1675771391017,7,FIr Creation Request,201,Created,Firs Test single user 1-1,text,true,,463,10422,1,1,http://localhost:3002/fir,7,0,0
1675771391025,7,FIr Creation Request,201,Created,Firs Test single user 1-1,text,true,,463,10422,1,1,http://localhost:3002/fir,7,0,0
1675771391033,7,FIr Creation Request,201,Created,Firs Test single user 1-1,text,true,,463,10422,1,1,http://localhost:3002/fir,7,0,0
1675771391042,7,FIr Creation Request,201,Created,Firs Test single user 1-1,text,true,,463,10422,1,1,http://localhost:3002/fir,7,0,0
1675771391051,7,FIr Creation Request,201,Created,Firs Test single user 1-1,text,true,,463,10422,1,1,http://localhost:3002/fir,7,0,0
1675771391059,6,FIr Creation Request,201,Created,Firs Test single user 1-1,text,true,,463,10422,1,1,http://localhost:3002/fir,6,0,0
1675771391067,6,FIr Creation Request,201,Created,Firs Test single user 1-1,text,true,,463,10422,1,1,http://localhost:3002/fir,6,0,0
1675771391074,7,FIr Creation Request,201,Created,Firs Test single user 1-1,text,true,,463,10422,1,1,http://localhost:3002/fir,7,0,1
1675771391082,6,FIr Creation Request,201,Created,Firs Test single user 1-1,text,true,,463,10422,1,1,http://localhost:3002/fir,6,0,0
1675771391089,7,FIr Creation Request,201,Created,Firs Test single user 1-1,text,true,,463,10422,1,1,http://localhost:3002/fir,7,0,1
1675771391097,6,FIr Creation Request,201,Created,Firs Test single user 1-1,text,true,,463,10422,1,1,http://localhost:3002/fir,6,0,0
1675771391104,6,FIr Creation Request,201,Created,Firs Test single user 1-1,text,true,,463,10422,1,1,http://localhost:3002/fir,6,0,1
1675771391111,6,FIr Creation Request,201,Created,Firs Test single user 1-1,text,true,,463,10422,1,1,http://localhost:3002/fir,6,0,0
1675771391118,6,FIr Creation Request,201,Created,Firs Test single user 1-1,text,true,,463,10422,1,1,http://localhost:3002/fir,6,0,1
1675771391126,6,FIr Creation Request,201,Created,Firs Test single user 1-1,text,true,,463,10422,1,1,http://localhost:3002/fir,6,0,0
1675771391134,7,FIr Creation Request,201,Created,Firs Test single user 1-1,text,true,,463,10422,1,1,http://localhost:3002/fir,7,0,0
1675771391142,7,FIr Creation Request,201,Created,Firs Test single user 1-1,text,true,,463,10422,1,1,http://localhost:3002/fir,7,0,1
1675771391150,6,FIr Creation Request,201,Created,Firs Test single user 1-1,text,true,,463,10422,1,1,http://localhost:3002/fir,6,0,0
1675771391163,8,FIr Creation Request,201,Created,Firs Test single user 1-1,text,true,,463,10422,1,1,http://localhost:3002/fir,8,0,1
1675771391172,7,FIr Creation Request,201,Created,Firs Test single user 1-1,text,true,,463,10422,1,1,http://localhost:3002/fir,7,0,0
1675771391180,7,FIr Creation Request,201,Created,Firs Test single user 1-1,text,true,,463,10422,1,1,http://localhost:3002/fir,7,0,1
1675771391189,393,FIr Creation Request,201,Created,Firs Test single user 1-1,text,true,,463,10422,1,1,http://localhost:3002/fir,393,0,0
1675771391585,30,FIr Creation Request,201,Created,Firs Test single user 1-1,text,true,,463,10422,1,1,http://localhost:3002/fir,30,0,0
1675771391618,17,FIr Creation Request,201,Created,Firs Test single user 1-1,text,true,,463,10422,1,1,http://localhost:3002/fir,17,0,1
1675771391637,6,FIr Creation Request,201,Created,Firs Test single user 1-1,text,true,,463,10422,1,1,http://localhost:3002/fir,6,0,0
1675771391644,7,FIr Creation Request,201,Created,Firs Test single user 1-1,text,true,,463,10422,1,1,http://localhost:3002/fir,7,0,0
1675771391653,5,FIr Creation Request,201,Created,Firs Test single user 1-1,text,true,,463,10422,1,1,http://localhost:3002/fir,5,0,0
1675771391659,8,FIr Creation Request,201,Created,Firs Test single user 1-1,text,true,,463,10422,1,1,http://localhost:3002/fir,8,0,1
1675771391675,9,FIr Creation Request,201,Created,Firs Test single user 1-1,text,true,,463,10422,1,1,http://localhost:3002/fir,9,0,0
1675771391686,5,FIr Creation Request,201,Created,Firs Test single user 1-1,text,true,,463,10422,1,1,http://localhost:3002/fir,5,0,0
1675771391692,9,FIr Creation Request,201,Created,Firs Test single user 1-1,text,true,,463,10422,1,1,http://localhost:3002/fir,9,0,1
1675771391705,197,FIr Creation Request,201,Created,Firs Test single user 1-1,text,true,,463,10422,1,1,http://localhost:3002/fir,197,0,0
1675771391904,10,FIr Creation Request,201,Created,Firs Test single user 1-1,text,true,,463,10422,1,1,http://localhost:3002/fir,10,0,0
1675771391915,8,FIr Creation Request,201,Created,Firs Test single user 1-1,text,true,,463,10422,1,1,http://localhost:3002/fir,8,0,0
1675771391924,8,FIr Creation Request,201,Created,Firs Test single user 1-1,text,true,,463,10422,1,1,http://localhost:3002/fir,8,0,0
1675771391933,7,FIr Creation Request,201,Created,Firs Test single user 1-1,text,true,,463,10422,1,1,http://localhost:3002/fir,7,0,0
1675771391941,7,FIr Creation Request,201,Created,Firs Test single user 1-1,text,true,,463,10422,1,1,http://localhost:3002/fir,7,0,0
1675771391949,7,FIr Creation Request,201,Created,Firs Test single user 1-1,text,true,,463,10422,1,1,http://localhost:3002/fir,7,0,1
1675771391957,7,FIr Creation Request,201,Created,Firs Test single user 1-1,text,true,,463,10422,1,1,http://localhost:3002/fir,7,0,1
1675771391965,9,FIr Creation Request,201,Created,Firs Test single user 1-1,text,true,,463,10422,1,1,http://localhost:3002/fir,9,0,0
1675771391975,7,FIr Creation Request,201,Created,Firs Test single user 1-1,text,true,,463,10422,1,1,http://localhost:3002/fir,7,0,1
1675771391984,7,FIr Creation Request,201,Created,Firs Test single user 1-1,text,true,,463,10422,1,1,http://localhost:3002/fir,7,0,0
1675771391992,6,FIr Creation Request,201,Created,Firs Test single user 1-1,text,true,,463,10422,1,1,http://localhost:3002/fir,6,0,0
1675771391999,7,FIr Creation Request,201,Created,Firs Test single user 1-1,text,true,,463,10422,1,1,http://localhost:3002/fir,7,0,0
1675771392013,9,FIr Creation Request,201,Created,Firs Test single user 1-1,text,true,,463,10422,1,1,http://localhost:3002/fir,9,0,0
1675771392024,7,FIr Creation Request,201,Created,Firs Test single user 1-1,text,true,,463,10422,1,1,http://localhost:3002/fir,7,0,0
1675771392032,6,FIr Creation Request,201,Created,Firs Test single user 1-1,text,true,,463,10422,1,1,http://localhost:3002/fir,6,0,0
1675771392040,7,FIr Creation Request,201,Created,Firs Test single user 1-1,text,true,,463,10422,1,1,http://localhost:3002/fir,7,0,0
1675771392048,7,FIr Creation Request,201,Created,Firs Test single user 1-1,text,true,,463,10422,1,1,http://localhost:3002/fir,7,0,0
1675771392056,8,FIr Creation Request,201,Created,Firs Test single user 1-1,text,true,,463,10422,1,1,http://localhost:3002/fir,8,0,0
1675771392065,7,FIr Creation Request,201,Created,Firs Test single user 1-1,text,true,,463,10422,1,1,http://localhost:3002/fir,7,0,0
1675771392073,7,FIr Creation Request,201,Created,Firs Test single user 1-1,text,true,,463,10422,1,1,http://localhost:3002/fir,7,0,0
1675771392082,6,FIr Creation Request,201,Created,Firs Test single user 1-1,text,true,,463,10422,1,1,http://localhost:3002/fir,6,0,0
1675771392090,8,FIr Creation Request,201,Created,Firs Test single user 1-1,text,true,,463,10422,1,1,http://localhost:3002/fir,8,0,0
1675771392099,7,FIr Creation Request,201,Created,Firs Test single user 1-1,text,true,,463,10422,1,1,http://localhost:3002/fir,7,0,0
1675771392107,7,FIr Creation Request,201,Created,Firs Test single user 1-1,text,true,,463,10422,1,1,http://localhost:3002/fir,7,0,0
1675771392115,8,FIr Creation Request,201,Created,Firs Test single user 1-1,text,true,,463,10422,1,1,http://localhost:3002/fir,8,0,0
1675771392124,7,FIr Creation Request,201,Created,Firs Test single user 1-1,text,true,,463,10422,1,1,http://localhost:3002/fir,7,0,0
1675771392132,7,FIr Creation Request,201,Created,Firs Test single user 1-1,text,true,,463,10422,1,1,http://localhost:3002/fir,7,0,0
1675771392140,7,FIr Creation Request,201,Created,Firs Test single user 1-1,text,true,,463,10422,1,1,http://localhost:3002/fir,7,0,0
1675771392148,8,FIr Creation Request,201,Created,Firs Test single user 1-1,text,true,,463,10422,1,1,http://localhost:3002/fir,8,0,0
1675771392157,7,FIr Creation Request,201,Created,Firs Test single user 1-1,text,true,,463,10422,1,1,http://localhost:3002/fir,7,0,0
1675771392165,8,FIr Creation Request,201,Created,Firs Test single user 1-1,text,true,,463,10422,1,1,http://localhost:3002/fir,8,0,0
1675771392174,6,FIr Creation Request,201,Created,Firs Test single user 1-1,text,true,,463,10422,1,1,http://localhost:3002/fir,6,0,0
1675771392183,10,FIr Creation Request,201,Created,Firs Test single user 1-1,text,true,,463,10422,1,1,http://localhost:3002/fir,10,0,0
1675771392194,6,FIr Creation Request,201,Created,Firs Test single user 1-1,text,true,,463,10422,1,1,http://localhost:3002/fir,6,0,0
1675771392201,9,FIr Creation Request,201,Created,Firs Test single user 1-1,text,true,,463,10422,1,1,http://localhost:3002/fir,9,0,1
1675771392211,6,FIr Creation Request,201,Created,Firs Test single user 1-1,text,true,,463,10422,1,1,http://localhost:3002/fir,6,0,0
1675771392218,7,FIr Creation Request,201,Created,Firs Test single user 1-1,text,true,,463,10422,1,1,http://localhost:3002/fir,7,0,0
1675771392226,8,FIr Creation Request,201,Created,Firs Test single user 1-1,text,true,,463,10422,1,1,http://localhost:3002/fir,8,0,0
1675771392235,7,FIr Creation Request,201,Created,Firs Test single user 1-1,text,true,,463,10422,1,1,http://localhost:3002/fir,7,0,1
1675771392243,7,FIr Creation Request,201,Created,Firs Test single user 1-1,text,true,,463,10422,1,1,http://localhost:3002/fir,7,0,0
1675771392252,7,FIr Creation Request,201,Created,Firs Test single user 1-1,text,true,,463,10422,1,1,http://localhost:3002/fir,7,0,0
1675771392260,7,FIr Creation Request,201,Created,Firs Test single user 1-1,text,true,,463,10422,1,1,http://localhost:3002/fir,7,0,1
1675771392268,8,FIr Creation Request,201,Created,Firs Test single user 1-1,text,true,,463,10422,1,1,http://localhost:3002/fir,8,0,1
1675771392277,7,FIr Creation Request,201,Created,Firs Test single user 1-1,text,true,,463,10422,1,1,http://localhost:3002/fir,7,0,0
1675771392285,7,FIr Creation Request,201,Created,Firs Test single user 1-1,text,true,,463,10422,1,1,http://localhost:3002/fir,7,0,0
1675771392294,7,FIr Creation Request,201,Created,Firs Test single user 1-1,text,true,,463,10422,1,1,http://localhost:3002/fir,7,0,0
1675771392303,6,FIr Creation Request,201,Created,Firs Test single user 1-1,text,true,,463,10422,1,1,http://localhost:3002/fir,6,0,0
1675771392310,8,FIr Creation Request,201,Created,Firs Test single user 1-1,text,true,,463,10422,1,1,http://localhost:3002/fir,8,0,0
1675771392319,7,FIr Creation Request,201,Created,Firs Test single user 1-1,text,true,,463,10422,1,1,http://localhost:3002/fir,7,0,0
1675771392327,7,FIr Creation Request,201,Created,Firs Test single user 1-1,text,true,,463,10422,1,1,http://localhost:3002/fir,7,0,0
1675771392335,8,FIr Creation Request,201,Created,Firs Test single user 1-1,text,true,,463,10422,1,1,http://localhost:3002/fir,8,0,0
1675771392344,7,FIr Creation Request,201,Created,Firs Test single user 1-1,text,true,,463,10422,1,1,http://localhost:3002/fir,7,0,0
1675771392352,9,FIr Creation Request,201,Created,Firs Test single user 1-1,text,true,,463,10422,1,1,http://localhost:3002/fir,9,0,0
1675771392362,7,FIr Creation Request,201,Created,Firs Test single user 1-1,text,true,,463,10422,1,1,http://localhost:3002/fir,7,0,1
1675771392370,6,FIr Creation Request,201,Created,Firs Test single user 1-1,text,true,,463,10422,1,1,http://localhost:3002/fir,6,0,0
1675771392377,7,FIr Creation Request,201,Created,Firs Test single user 1-1,text,true,,463,10422,1,1,http://localhost:3002/fir,7,0,1
1675771392385,8,FIr Creation Request,201,Created,Firs Test single user 1-1,text,true,,463,10422,1,1,http://localhost:3002/fir,8,0,0
1675771392394,7,FIr Creation Request,201,Created,Firs Test single user 1-1,text,true,,463,10422,1,1,http://localhost:3002/fir,7,0,1
1675771392402,12,FIr Creation Request,201,Created,Firs Test single user 1-1,text,true,,463,10422,1,1,http://localhost:3002/fir,12,0,1
1675771392415,8,FIr Creation Request,201,Created,Firs Test single user 1-1,text,true,,463,10422,1,1,http://localhost:3002/fir,8,0,0
1675771392424,6,FIr Creation Request,201,Created,Firs Test single user 1-1,text,true,,463,10422,1,1,http://localhost:3002/fir,6,0,0
1675771392432,7,FIr Creation Request,201,Created,Firs Test single user 1-1,text,true,,463,10422,1,1,http://localhost:3002/fir,7,0,0
1675771392440,7,FIr Creation Request,201,Created,Firs Test single user 1-1,text,true,,463,10422,1,1,http://localhost:3002/fir,7,0,0
1675771392448,7,FIr Creation Request,201,Created,Firs Test single user 1-1,text,true,,463,10422,1,1,http://localhost:3002/fir,7,0,0
1675771392456,8,FIr Creation Request,201,Created,Firs Test single user 1-1,text,true,,463,10422,1,1,http://localhost:3002/fir,8,0,0
1675771392465,6,FIr Creation Request,201,Created,Firs Test single user 1-1,text,true,,463,10422,1,1,http://localhost:3002/fir,6,0,0
1675771392473,5,FIr Creation Request,201,Created,Firs Test single user 1-1,text,true,,463,10422,1,1,http://localhost:3002/fir,5,0,0
1675771392479,6,FIr Creation Request,201,Created,Firs Test single user 1-1,text,true,,463,10422,1,1,http://localhost:3002/fir,6,0,1
1675771392486,6,FIr Creation Request,201,Created,Firs Test single user 1-1,text,true,,463,10422,1,1,http://localhost:3002/fir,6,0,0
1675771392493,6,FIr Creation Request,201,Created,Firs Test single user 1-1,text,true,,463,10422,1,1,http://localhost:3002/fir,6,0,0
1675771392501,7,FIr Creation Request,201,Created,Firs Test single user 1-1,text,true,,463,10422,1,1,http://localhost:3002/fir,7,0,0
1675771392509,7,FIr Creation Request,201,Created,Firs Test single user 1-1,text,true,,463,10422,1,1,http://localhost:3002/fir,7,0,1
1675771392523,7,FIr Creation Request,201,Created,Firs Test single user 1-1,text,true,,463,10422,1,1,http://localhost:3002/fir,7,0,0
1675771392532,7,FIr Creation Request,201,Created,Firs Test single user 1-1,text,true,,463,10422,1,1,http://localhost:3002/fir,7,0,0
1675771392540,7,FIr Creation Request,201,Created,Firs Test single user 1-1,text,true,,463,10422,1,1,http://localhost:3002/fir,7,0,1
1675771392548,8,FIr Creation Request,201,Created,Firs Test single user 1-1,text,true,,463,10422,1,1,http://localhost:3002/fir,8,0,1
1675771392557,8,FIr Creation Request,201,Created,Firs Test single user 1-1,text,true,,463,10422,1,1,http://localhost:3002/fir,8,0,1
1675771392566,7,FIr Creation Request,201,Created,Firs Test single user 1-1,text,true,,463,10422,1,1,http://localhost:3002/fir,7,0,1
1675771392574,10,FIr Creation Request,201,Created,Firs Test single user 1-1,text,true,,463,10422,1,1,http://localhost:3002/fir,10,0,0
1675771392586,569,FIr Creation Request,201,Created,Firs Test single user 1-1,text,true,,463,10422,1,1,http://localhost:3002/fir,569,0,0
1675771393159,365,FIr Creation Request,201,Created,Firs Test single user 1-1,text,true,,463,10422,1,1,http://localhost:3002/fir,365,0,1
1675771393528,9,FIr Creation Request,201,Created,Firs Test single user 1-1,text,true,,463,10422,1,1,http://localhost:3002/fir,9,0,1
1675771393544,7,FIr Creation Request,201,Created,Firs Test single user 1-1,text,true,,463,10422,1,1,http://localhost:3002/fir,7,0,0
1675771393553,6,FIr Creation Request,201,Created,Firs Test single user 1-1,text,true,,463,10422,1,1,http://localhost:3002/fir,6,0,0
1675771393561,6,FIr Creation Request,201,Created,Firs Test single user 1-1,text,true,,463,10422,1,1,http://localhost:3002/fir,6,0,0
1675771393569,6,FIr Creation Request,201,Created,Firs Test single user 1-1,text,true,,463,10422,1,1,http://localhost:3002/fir,6,0,0
1675771393576,31,FIr Creation Request,201,Created,Firs Test single user 1-1,text,true,,463,10422,1,1,http://localhost:3002/fir,31,0,0
1675771393608,6,FIr Creation Request,201,Created,Firs Test single user 1-1,text,true,,463,10422,1,1,http://localhost:3002/fir,6,0,0
1675771393615,6,FIr Creation Request,201,Created,Firs Test single user 1-1,text,true,,463,10422,1,1,http://localhost:3002/fir,6,0,1
1675771393622,7,FIr Creation Request,201,Created,Firs Test single user 1-1,text,true,,463,10422,1,1,http://localhost:3002/fir,7,0,1
1675771393630,6,FIr Creation Request,201,Created,Firs Test single user 1-1,text,true,,463,10422,1,1,http://localhost:3002/fir,6,0,0
1675771393637,5,FIr Creation Request,201,Created,Firs Test single user 1-1,text,true,,463,10422,1,1,http://localhost:3002/fir,5,0,0
1675771393643,7,FIr Creation Request,201,Created,Firs Test single user 1-1,text,true,,463,10422,1,1,http://localhost:3002/fir,7,0,1
1675771393651,5,FIr Creation Request,201,Created,Firs Test single user 1-1,text,true,,463,10422,1,1,http://localhost:3002/fir,5,0,0
1675771393657,6,FIr Creation Request,201,Created,Firs Test single user 1-1,text,true,,463,10422,1,1,http://localhost:3002/fir,6,0,0
1675771393664,7,FIr Creation Request,201,Created,Firs Test single user 1-1,text,true,,463,10422,1,1,http://localhost:3002/fir,7,0,1
1675771393672,6,FIr Creation Request,201,Created,Firs Test single user 1-1,text,true,,463,10422,1,1,http://localhost:3002/fir,6,0,1
1675771393679,5,FIr Creation Request,201,Created,Firs Test single user 1-1,text,true,,463,10422,1,1,http://localhost:3002/fir,5,0,1
1675771393685,6,FIr Creation Request,201,Created,Firs Test single user 1-1,text,true,,463,10422,1,1,http://localhost:3002/fir,6,0,1
1675771393692,6,FIr Creation Request,201,Created,Firs Test single user 1-1,text,true,,463,10422,1,1,http://localhost:3002/fir,6,0,1
1675771393699,6,FIr Creation Request,201,Created,Firs Test single user 1-1,text,true,,463,10422,1,1,http://localhost:3002/fir,6,0,0
1675771393713,6,FIr Creation Request,201,Created,Firs Test single user 1-1,text,true,,463,10422,1,1,http://localhost:3002/fir,6,0,0
1675771393721,5,FIr Creation Request,201,Created,Firs Test single user 1-1,text,true,,463,10422,1,1,http://localhost:3002/fir,5,0,0
1675771393727,7,FIr Creation Request,201,Created,Firs Test single user 1-1,text,true,,463,10422,1,1,http://localhost:3002/fir,7,0,0
1675771393735,7,FIr Creation Request,201,Created,Firs Test single user 1-1,text,true,,463,10422,1,1,http://localhost:3002/fir,7,0,0
1675771393743,7,FIr Creation Request,201,Created,Firs Test single user 1-1,text,true,,463,10422,1,1,http://localhost:3002/fir,7,0,0
1675771393752,6,FIr Creation Request,201,Created,Firs Test single user 1-1,text,true,,463,10422,1,1,http://localhost:3002/fir,6,0,0
1675771393759,7,FIr Creation Request,201,Created,Firs Test single user 1-1,text,true,,463,10422,1,1,http://localhost:3002/fir,7,0,1
1675771393767,6,FIr Creation Request,201,Created,Firs Test single user 1-1,text,true,,463,10422,1,1,http://localhost:3002/fir,6,0,0
1675771393774,6,FIr Creation Request,201,Created,Firs Test single user 1-1,text,true,,463,10422,1,1,http://localhost:3002/fir,6,0,0
1675771393782,7,FIr Creation Request,201,Created,Firs Test single user 1-1,text,true,,463,10422,1,1,http://localhost:3002/fir,7,0,0
1675771393790,6,FIr Creation Request,201,Created,Firs Test single user 1-1,text,true,,463,10422,1,1,http://localhost:3002/fir,6,0,0
1675771393798,7,FIr Creation Request,201,Created,Firs Test single user 1-1,text,true,,463,10422,1,1,http://localhost:3002/fir,7,0,0
1675771393807,7,FIr Creation Request,201,Created,Firs Test single user 1-1,text,true,,463,10422,1,1,http://localhost:3002/fir,7,0,0
1675771393815,6,FIr Creation Request,201,Created,Firs Test single user 1-1,text,true,,463,10422,1,1,http://localhost:3002/fir,6,0,0
1675771393822,6,FIr Creation Request,201,Created,Firs Test single user 1-1,text,true,,463,10422,1,1,http://localhost:3002/fir,6,0,1
1675771393829,5,FIr Creation Request,201,Created,Firs Test single user 1-1,text,true,,463,10422,1,1,http://localhost:3002/fir,5,0,0
1675771393835,6,FIr Creation Request,201,Created,Firs Test single user 1-1,text,true,,463,10422,1,1,http://localhost:3002/fir,6,0,1
1675771393843,5,FIr Creation Request,201,Created,Firs Test single user 1-1,text,true,,463,10422,1,1,http://localhost:3002/fir,5,0,0
1675771393850,5,FIr Creation Request,201,Created,Firs Test single user 1-1,text,true,,463,10422,1,1,http://localhost:3002/fir,5,0,0
1675771393856,6,FIr Creation Request,201,Created,Firs Test single user 1-1,text,true,,463,10422,1,1,http://localhost:3002/fir,6,0,1
1675771393863,6,FIr Creation Request,201,Created,Firs Test single user 1-1,text,true,,463,10422,1,1,http://localhost:3002/fir,6,0,0
1675771393870,5,FIr Creation Request,201,Created,Firs Test single user 1-1,text,true,,463,10422,1,1,http://localhost:3002/fir,5,0,0
1675771393876,7,FIr Creation Request,201,Created,Firs Test single user 1-1,text,true,,463,10422,1,1,http://localhost:3002/fir,7,0,1
1675771393884,9,FIr Creation Request,201,Created,Firs Test single user 1-1,text,true,,463,10422,1,1,http://localhost:3002/fir,9,0,0
1675771393894,6,FIr Creation Request,201,Created,Firs Test single user 1-1,text,true,,463,10422,1,1,http://localhost:3002/fir,6,0,0
1675771393901,9,FIr Creation Request,201,Created,Firs Test single user 1-1,text,true,,463,10422,1,1,http://localhost:3002/fir,9,0,1
1675771393911,5,FIr Creation Request,201,Created,Firs Test single user 1-1,text,true,,463,10422,1,1,http://localhost:3002/fir,5,0,0
1675771393918,7,FIr Creation Request,201,Created,Firs Test single user 1-1,text,true,,463,10422,1,1,http://localhost:3002/fir,7,0,0
1675771393926,6,FIr Creation Request,201,Created,Firs Test single user 1-1,text,true,,463,10422,1,1,http://localhost:3002/fir,6,0,0
1675771393933,6,FIr Creation Request,201,Created,Firs Test single user 1-1,text,true,,463,10422,1,1,http://localhost:3002/fir,6,0,0
1675771393940,7,FIr Creation Request,201,Created,Firs Test single user 1-1,text,true,,463,10422,1,1,http://localhost:3002/fir,7,0,0
1675771393948,10,FIr Creation Request,201,Created,Firs Test single user 1-1,text,true,,463,10422,1,1,http://localhost:3002/fir,10,0,0
1675771393959,7,FIr Creation Request,201,Created,Firs Test single user 1-1,text,true,,463,10422,1,1,http://localhost:3002/fir,7,0,1
1675771393967,6,FIr Creation Request,201,Created,Firs Test single user 1-1,text,true,,463,10422,1,1,http://localhost:3002/fir,6,0,0
1675771393974,9,FIr Creation Request,201,Created,Firs Test single user 1-1,text,true,,463,10422,1,1,http://localhost:3002/fir,9,0,0
1675771393984,6,FIr Creation Request,201,Created,Firs Test single user 1-1,text,true,,463,10422,1,1,http://localhost:3002/fir,6,0,1
1675771393991,6,FIr Creation Request,201,Created,Firs Test single user 1-1,text,true,,463,10422,1,1,http://localhost:3002/fir,6,0,0
1675771393998,480,FIr Creation Request,201,Created,Firs Test single user 1-1,text,true,,463,10422,1,1,http://localhost:3002/fir,480,0,1
1675771394479,7,FIr Creation Request,201,Created,Firs Test single user 1-1,text,true,,463,10422,1,1,http://localhost:3002/fir,7,0,0
1675771394487,11,FIr Creation Request,201,Created,Firs Test single user 1-1,text,true,,463,10422,1,1,http://localhost:3002/fir,11,0,0
1675771394499,7,FIr Creation Request,201,Created,Firs Test single user 1-1,text,true,,463,10422,1,1,http://localhost:3002/fir,7,0,0
1675771394508,7,FIr Creation Request,201,Created,Firs Test single user 1-1,text,true,,463,10422,1,1,http://localhost:3002/fir,7,0,0
1675771394517,7,FIr Creation Request,201,Created,Firs Test single user 1-1,text,true,,463,10422,1,1,http://localhost:3002/fir,7,0,0
1675771394525,9,FIr Creation Request,201,Created,Firs Test single user 1-1,text,true,,463,10422,1,1,http://localhost:3002/fir,9,0,1
1675771394535,7,FIr Creation Request,201,Created,Firs Test single user 1-1,text,true,,463,10422,1,1,http://localhost:3002/fir,7,0,0
1675771394543,6,FIr Creation Request,201,Created,Firs Test single user 1-1,text,true,,463,10422,1,1,http://localhost:3002/fir,6,0,0
1675771394550,6,FIr Creation Request,201,Created,Firs Test single user 1-1,text,true,,463,10422,1,1,http://localhost:3002/fir,6,0,0
1675771394563,11,FIr Creation Request,201,Created,Firs Test single user 1-1,text,true,,463,10422,1,1,http://localhost:3002/fir,11,0,0
1675771394576,8,FIr Creation Request,201,Created,Firs Test single user 1-1,text,true,,463,10422,1,1,http://localhost:3002/fir,8,0,0
1675771394585,11,FIr Creation Request,201,Created,Firs Test single user 1-1,text,true,,463,10422,1,1,http://localhost:3002/fir,11,0,1
1675771394598,16,FIr Creation Request,201,Created,Firs Test single user 1-1,text,true,,463,10422,1,1,http://localhost:3002/fir,16,0,0
1675771394616,7,FIr Creation Request,201,Created,Firs Test single user 1-1,text,true,,463,10422,1,1,http://localhost:3002/fir,7,0,0
1675771394624,6,FIr Creation Request,201,Created,Firs Test single user 1-1,text,true,,463,10422,1,1,http://localhost:3002/fir,6,0,0
1675771394632,6,FIr Creation Request,201,Created,Firs Test single user 1-1,text,true,,463,10422,1,1,http://localhost:3002/fir,6,0,0
1675771394639,7,FIr Creation Request,201,Created,Firs Test single user 1-1,text,true,,463,10422,1,1,http://localhost:3002/fir,7,0,0
1675771394647,6,FIr Creation Request,201,Created,Firs Test single user 1-1,text,true,,463,10422,1,1,http://localhost:3002/fir,6,0,1
1675771394654,6,FIr Creation Request,201,Created,Firs Test single user 1-1,text,true,,463,10422,1,1,http://localhost:3002/fir,6,0,0
1675771394661,6,FIr Creation Request,201,Created,Firs Test single user 1-1,text,true,,463,10422,1,1,http://localhost:3002/fir,6,0,0
1675771394668,8,FIr Creation Request,201,Created,Firs Test single user 1-1,text,true,,463,10422,1,1,http://localhost:3002/fir,8,0,0
1675771394677,7,FIr Creation Request,201,Created,Firs Test single user 1-1,text,true,,463,10422,1,1,http://localhost:3002/fir,7,0,0
1675771394686,6,FIr Creation Request,201,Created,Firs Test single user 1-1,text,true,,463,10422,1,1,http://localhost:3002/fir,6,0,0
1675771394693,7,FIr Creation Request,201,Created,Firs Test single user 1-1,text,true,,463,10422,1,1,http://localhost:3002/fir,7,0,1
1675771394701,7,FIr Creation Request,201,Created,Firs Test single user 1-1,text,true,,463,10422,1,1,http://localhost:3002/fir,7,0,0
1675771394709,6,FIr Creation Request,201,Created,Firs Test single user 1-1,text,true,,463,10422,1,1,http://localhost:3002/fir,6,0,0
1675771394716,7,FIr Creation Request,201,Created,Firs Test single user 1-1,text,true,,463,10422,1,1,http://localhost:3002/fir,7,0,1
1675771394724,7,FIr Creation Request,201,Created,Firs Test single user 1-1,text,true,,463,10422,1,1,http://localhost:3002/fir,7,0,0
1675771394734,9,FIr Creation Request,201,Created,Firs Test single user 1-1,text,true,,463,10422,1,1,http://localhost:3002/fir,9,0,0
1675771394744,7,FIr Creation Request,201,Created,Firs Test single user 1-1,text,true,,463,10422,1,1,http://localhost:3002/fir,7,0,0
1675771394752,8,FIr Creation Request,201,Created,Firs Test single user 1-1,text,true,,463,10422,1,1,http://localhost:3002/fir,8,0,0
1675771394761,5,FIr Creation Request,201,Created,Firs Test single user 1-1,text,true,,463,10422,1,1,http://localhost:3002/fir,5,0,0
1675771394768,7,FIr Creation Request,201,Created,Firs Test single user 1-1,text,true,,463,10422,1,1,http://localhost:3002/fir,7,0,0
1675771394776,6,FIr Creation Request,201,Created,Firs Test single user 1-1,text,true,,463,10422,1,1,http://localhost:3002/fir,6,0,0
1675771394783,6,FIr Creation Request,201,Created,Firs Test single user 1-1,text,true,,463,10422,1,1,http://localhost:3002/fir,6,0,0
1675771394791,7,FIr Creation Request,201,Created,Firs Test single user 1-1,text,true,,463,10422,1,1,http://localhost:3002/fir,7,0,0
1675771394799,7,FIr Creation Request,201,Created,Firs Test single user 1-1,text,true,,463,10422,1,1,http://localhost:3002/fir,7,0,1
1675771394807,8,FIr Creation Request,201,Created,Firs Test single user 1-1,text,true,,463,10422,1,1,http://localhost:3002/fir,8,0,1
1675771394816,7,FIr Creation Request,201,Created,Firs Test single user 1-1,text,true,,463,10422,1,1,http://localhost:3002/fir,7,0,1
1675771394825,6,FIr Creation Request,201,Created,Firs Test single user 1-1,text,true,,463,10422,1,1,http://localhost:3002/fir,6,0,0
1675771394833,6,FIr Creation Request,201,Created,Firs Test single user 1-1,text,true,,463,10422,1,1,http://localhost:3002/fir,6,0,0
1675771394841,7,FIr Creation Request,201,Created,Firs Test single user 1-1,text,true,,463,10422,1,1,http://localhost:3002/fir,7,0,0
1675771394849,8,FIr Creation Request,201,Created,Firs Test single user 1-1,text,true,,463,10422,1,1,http://localhost:3002/fir,8,0,1
1675771394858,7,FIr Creation Request,201,Created,Firs Test single user 1-1,text,true,,463,10422,1,1,http://localhost:3002/fir,7,0,0
1675771394866,7,FIr Creation Request,201,Created,Firs Test single user 1-1,text,true,,463,10422,1,1,http://localhost:3002/fir,7,0,0
1675771394874,33,FIr Creation Request,201,Created,Firs Test single user 1-1,text,true,,463,10422,1,1,http://localhost:3002/fir,33,0,0
1675771394908,6,FIr Creation Request,201,Created,Firs Test single user 1-1,text,true,,463,10422,1,1,http://localhost:3002/fir,6,0,0
1675771394916,6,FIr Creation Request,201,Created,Firs Test single user 1-1,text,true,,463,10422,1,1,http://localhost:3002/fir,6,0,0
1675771394923,8,FIr Creation Request,201,Created,Firs Test single user 1-1,text,true,,463,10422,1,1,http://localhost:3002/fir,8,0,0
1675771394932,7,FIr Creation Request,201,Created,Firs Test single user 1-1,text,true,,463,10422,1,1,http://localhost:3002/fir,7,0,1
1675771394940,553,FIr Creation Request,201,Created,Firs Test single user 1-1,text,true,,463,10422,1,1,http://localhost:3002/fir,553,0,0
1675771395496,17,FIr Creation Request,201,Created,Firs Test single user 1-1,text,true,,463,10422,1,1,http://localhost:3002/fir,17,0,1
1675771395514,404,FIr Creation Request,201,Created,Firs Test single user 1-1,text,true,,463,10422,1,1,http://localhost:3002/fir,404,0,0
1675771395923,14,FIr Creation Request,201,Created,Firs Test single user 1-1,text,true,,463,10422,1,1,http://localhost:3002/fir,14,0,0
1675771395938,10,FIr Creation Request,201,Created,Firs Test single user 1-1,text,true,,463,10422,1,1,http://localhost:3002/fir,10,0,1
1675771395950,7,FIr Creation Request,201,Created,Firs Test single user 1-1,text,true,,463,10422,1,1,http://localhost:3002/fir,7,0,0
1675771395958,8,FIr Creation Request,201,Created,Firs Test single user 1-1,text,true,,463,10422,1,1,http://localhost:3002/fir,8,0,0
1675771395967,6,FIr Creation Request,201,Created,Firs Test single user 1-1,text,true,,463,10422,1,1,http://localhost:3002/fir,6,0,0
1675771395974,8,FIr Creation Request,201,Created,Firs Test single user 1-1,text,true,,463,10422,1,1,http://localhost:3002/fir,8,0,0
1675771395983,7,FIr Creation Request,201,Created,Firs Test single user 1-1,text,true,,463,10422,1,1,http://localhost:3002/fir,7,0,1
1675771395991,7,FIr Creation Request,201,Created,Firs Test single user 1-1,text,true,,463,10422,1,1,http://localhost:3002/fir,7,0,1
1675771396000,7,FIr Creation Request,201,Created,Firs Test single user 1-1,text,true,,463,10422,1,1,http://localhost:3002/fir,7,0,0
1675771396008,8,FIr Creation Request,201,Created,Firs Test single user 1-1,text,true,,463,10422,1,1,http://localhost:3002/fir,8,0,0
1675771396017,6,FIr Creation Request,201,Created,Firs Test single user 1-1,text,true,,463,10422,1,1,http://localhost:3002/fir,6,0,0
1675771396024,9,FIr Creation Request,201,Created,Firs Test single user 1-1,text,true,,463,10422,1,1,http://localhost:3002/fir,9,0,1
1675771396035,6,FIr Creation Request,201,Created,Firs Test single user 1-1,text,true,,463,10422,1,1,http://localhost:3002/fir,6,0,0
1675771396042,8,FIr Creation Request,201,Created,Firs Test single user 1-1,text,true,,463,10422,1,1,http://localhost:3002/fir,8,0,0
1675771396051,6,FIr Creation Request,201,Created,Firs Test single user 1-1,text,true,,463,10422,1,1,http://localhost:3002/fir,6,0,0
1675771396058,8,FIr Creation Request,201,Created,Firs Test single user 1-1,text,true,,463,10422,1,1,http://localhost:3002/fir,8,0,0
1675771396067,7,FIr Creation Request,201,Created,Firs Test single user 1-1,text,true,,463,10422,1,1,http://localhost:3002/fir,7,0,0
1675771396075,7,FIr Creation Request,201,Created,Firs Test single user 1-1,text,true,,463,10422,1,1,http://localhost:3002/fir,7,0,0
1675771396083,7,FIr Creation Request,201,Created,Firs Test single user 1-1,text,true,,463,10422,1,1,http://localhost:3002/fir,7,0,1
1675771396096,6,FIr Creation Request,201,Created,Firs Test single user 1-1,text,true,,463,10422,1,1,http://localhost:3002/fir,6,0,0
1675771396103,7,FIr Creation Request,201,Created,Firs Test single user 1-1,text,true,,463,10422,1,1,http://localhost:3002/fir,7,0,1
1675771396112,6,FIr Creation Request,201,Created,Firs Test single user 1-1,text,true,,463,10422,1,1,http://localhost:3002/fir,6,0,0
1675771396119,6,FIr Creation Request,201,Created,Firs Test single user 1-1,text,true,,463,10422,1,1,http://localhost:3002/fir,6,0,1
1675771396127,31,FIr Creation Request,201,Created,Firs Test single user 1-1,text,true,,463,10422,1,1,http://localhost:3002/fir,31,0,0
1675771396160,6,FIr Creation Request,201,Created,Firs Test single user 1-1,text,true,,463,10422,1,1,http://localhost:3002/fir,6,0,0
1675771396168,7,FIr Creation Request,201,Created,Firs Test single user 1-1,text,true,,463,10422,1,1,http://localhost:3002/fir,7,0,0
1675771396176,6,FIr Creation Request,201,Created,Firs Test single user 1-1,text,true,,463,10422,1,1,http://localhost:3002/fir,6,0,0
1675771396184,7,FIr Creation Request,201,Created,Firs Test single user 1-1,text,true,,463,10422,1,1,http://localhost:3002/fir,6,0,0
1675771396192,7,FIr Creation Request,201,Created,Firs Test single user 1-1,text,true,,463,10422,1,1,http://localhost:3002/fir,7,0,0
1675771396200,7,FIr Creation Request,201,Created,Firs Test single user 1-1,text,true,,463,10422,1,1,http://localhost:3002/fir,7,0,0
1675771396208,7,FIr Creation Request,201,Created,Firs Test single user 1-1,text,true,,463,10422,1,1,http://localhost:3002/fir,7,0,0
1675771396217,7,FIr Creation Request,201,Created,Firs Test single user 1-1,text,true,,463,10422,1,1,http://localhost:3002/fir,7,0,0
1675771396226,6,FIr Creation Request,201,Created,Firs Test single user 1-1,text,true,,463,10422,1,1,http://localhost:3002/fir,6,0,0
1675771396234,6,FIr Creation Request,201,Created,Firs Test single user 1-1,text,true,,463,10422,1,1,http://localhost:3002/fir,6,0,0
1675771396242,7,FIr Creation Request,201,Created,Firs Test single user 1-1,text,true,,463,10422,1,1,http://localhost:3002/fir,7,0,0
1675771396250,8,FIr Creation Request,201,Created,Firs Test single user 1-1,text,true,,463,10422,1,1,http://localhost:3002/fir,8,0,1
1675771396259,7,FIr Creation Request,201,Created,Firs Test single user 1-1,text,true,,463,10422,1,1,http://localhost:3002/fir,7,0,1
1675771396267,12,FIr Creation Request,201,Created,Firs Test single user 1-1,text,true,,463,10422,1,1,http://localhost:3002/fir,12,0,1
1675771396280,6,FIr Creation Request,201,Created,Firs Test single user 1-1,text,true,,463,10422,1,1,http://localhost:3002/fir,6,0,0
1675771396287,7,FIr Creation Request,201,Created,Firs Test single user 1-1,text,true,,463,10422,1,1,http://localhost:3002/fir,7,0,1
1675771396295,8,FIr Creation Request,201,Created,Firs Test single user 1-1,text,true,,463,10422,1,1,http://localhost:3002/fir,8,0,1
1675771396304,7,FIr Creation Request,201,Created,Firs Test single user 1-1,text,true,,463,10422,1,1,http://localhost:3002/fir,7,0,0
1675771396313,7,FIr Creation Request,201,Created,Firs Test single user 1-1,text,true,,463,10422,1,1,http://localhost:3002/fir,7,0,0
1675771396321,7,FIr Creation Request,201,Created,Firs Test single user 1-1,text,true,,463,10422,1,1,http://localhost:3002/fir,7,0,0
1675771396329,7,FIr Creation Request,201,Created,Firs Test single user 1-1,text,true,,463,10422,1,1,http://localhost:3002/fir,7,0,0
1675771396337,8,FIr Creation Request,201,Created,Firs Test single user 1-1,text,true,,463,10422,1,1,http://localhost:3002/fir,8,0,1
1675771396346,6,FIr Creation Request,201,Created,Firs Test single user 1-1,text,true,,463,10422,1,1,http://localhost:3002/fir,6,0,1
1675771396353,8,FIr Creation Request,201,Created,Firs Test single user 1-1,text,true,,463,10422,1,1,http://localhost:3002/fir,8,0,1
1675771396362,8,FIr Creation Request,201,Created,Firs Test single user 1-1,text,true,,463,10422,1,1,http://localhost:3002/fir,8,0,0
1675771396371,7,FIr Creation Request,201,Created,Firs Test single user 1-1,text,true,,463,10422,1,1,http://localhost:3002/fir,7,0,0
1675771396379,7,FIr Creation Request,201,Created,Firs Test single user 1-1,text,true,,463,10422,1,1,http://localhost:3002/fir,7,0,0
1675771396388,6,FIr Creation Request,201,Created,Firs Test single user 1-1,text,true,,463,10422,1,1,http://localhost:3002/fir,6,0,0
1675771396396,7,FIr Creation Request,201,Created,Firs Test single user 1-1,text,true,,463,10422,1,1,http://localhost:3002/fir,7,0,0
1675771396404,7,FIr Creation Request,201,Created,Firs Test single user 1-1,text,true,,463,10422,1,1,http://localhost:3002/fir,7,0,0
1675771396412,7,FIr Creation Request,201,Created,Firs Test single user 1-1,text,true,,463,10422,1,1,http://localhost:3002/fir,7,0,1
1675771396421,7,FIr Creation Request,201,Created,Firs Test single user 1-1,text,true,,463,10422,1,1,http://localhost:3002/fir,7,0,0
1675771396429,6,FIr Creation Request,201,Created,Firs Test single user 1-1,text,true,,463,10422,1,1,http://localhost:3002/fir,6,0,0
1675771396436,6,FIr Creation Request,201,Created,Firs Test single user 1-1,text,true,,463,10422,1,1,http://localhost:3002/fir,6,0,0
1675771396444,6,FIr Creation Request,201,Created,Firs Test single user 1-1,text,true,,463,10422,1,1,http://localhost:3002/fir,6,0,0
1675771396451,10,FIr Creation Request,201,Created,Firs Test single user 1-1,text,true,,463,10422,1,1,http://localhost:3002/fir,10,0,0
1675771396462,8,FIr Creation Request,201,Created,Firs Test single user 1-1,text,true,,463,10422,1,1,http://localhost:3002/fir,8,0,0
1675771396471,7,FIr Creation Request,201,Created,Firs Test single user 1-1,text,true,,463,10422,1,1,http://localhost:3002/fir,7,0,0
1675771396479,7,FIr Creation Request,201,Created,Firs Test single user 1-1,text,true,,463,10422,1,1,http://localhost:3002/fir,7,0,0
1675771396487,7,FIr Creation Request,201,Created,Firs Test single user 1-1,text,true,,463,10422,1,1,http://localhost:3002/fir,7,0,0
1675771396496,7,FIr Creation Request,201,Created,Firs Test single user 1-1,text,true,,463,10422,1,1,http://localhost:3002/fir,7,0,0
1675771396504,7,FIr Creation Request,201,Created,Firs Test single user 1-1,text,true,,463,10422,1,1,http://localhost:3002/fir,7,0,0
1675771396513,7,FIr Creation Request,201,Created,Firs Test single user 1-1,text,true,,463,10422,1,1,http://localhost:3002/fir,7,0,0
1675771396521,7,FIr Creation Request,201,Created,Firs Test single user 1-1,text,true,,463,10422,1,1,http://localhost:3002/fir,7,0,0
1675771396529,7,FIr Creation Request,201,Created,Firs Test single user 1-1,text,true,,463,10422,1,1,http://localhost:3002/fir,7,0,0
1675771396537,7,FIr Creation Request,201,Created,Firs Test single user 1-1,text,true,,463,10422,1,1,http://localhost:3002/fir,7,0,1
1675771396545,8,FIr Creation Request,201,Created,Firs Test single user 1-1,text,true,,463,10422,1,1,http://localhost:3002/fir,8,0,1
1675771396554,7,FIr Creation Request,201,Created,Firs Test single user 1-1,text,true,,463,10422,1,1,http://localhost:3002/fir,7,0,0
1675771396562,8,FIr Creation Request,201,Created,Firs Test single user 1-1,text,true,,463,10422,1,1,http://localhost:3002/fir,8,0,1
1675771396571,7,FIr Creation Request,201,Created,Firs Test single user 1-1,text,true,,463,10422,1,1,http://localhost:3002/fir,7,0,0
1675771396579,7,FIr Creation Request,201,Created,Firs Test single user 1-1,text,true,,463,10422,1,1,http://localhost:3002/fir,7,0,0
1675771396587,8,FIr Creation Request,201,Created,Firs Test single user 1-1,text,true,,463,10422,1,1,http://localhost:3002/fir,8,0,1
1675771396596,7,FIr Creation Request,201,Created,Firs Test single user 1-1,text,true,,463,10422,1,1,http://localhost:3002/fir,7,0,0
1675771396609,8,FIr Creation Request,201,Created,Firs Test single user 1-1,text,true,,463,10422,1,1,http://localhost:3002/fir,8,0,0
1675771396618,7,FIr Creation Request,201,Created,Firs Test single user 1-1,text,true,,463,10422,1,1,http://localhost:3002/fir,7,0,0
1675771396626,7,FIr Creation Request,201,Created,Firs Test single user 1-1,text,true,,463,10422,1,1,http://localhost:3002/fir,7,0,0
1675771396634,7,FIr Creation Request,201,Created,Firs Test single user 1-1,text,true,,463,10422,1,1,http://localhost:3002/fir,7,0,0
1675771396642,8,FIr Creation Request,201,Created,Firs Test single user 1-1,text,true,,463,10422,1,1,http://localhost:3002/fir,8,0,0
1675771396651,7,FIr Creation Request,201,Created,Firs Test single user 1-1,text,true,,463,10422,1,1,http://localhost:3002/fir,7,0,0
1675771396659,7,FIr Creation Request,201,Created,Firs Test single user 1-1,text,true,,463,10422,1,1,http://localhost:3002/fir,7,0,0
1675771396667,7,FIr Creation Request,201,Created,Firs Test single user 1-1,text,true,,463,10422,1,1,http://localhost:3002/fir,7,0,1
1675771396676,7,FIr Creation Request,201,Created,Firs Test single user 1-1,text,true,,463,10422,1,1,http://localhost:3002/fir,7,0,0
1675771396684,8,FIr Creation Request,201,Created,Firs Test single user 1-1,text,true,,463,10422,1,1,http://localhost:3002/fir,8,0,1
1675771396693,6,FIr Creation Request,201,Created,Firs Test single user 1-1,text,true,,463,10422,1,1,http://localhost:3002/fir,6,0,0
1675771396701,7,FIr Creation Request,201,Created,Firs Test single user 1-1,text,true,,463,10422,1,1,http://localhost:3002/fir,7,0,0
1675771396709,282,FIr Creation Request,201,Created,Firs Test single user 1-1,text,true,,463,10422,1,1,http://localhost:3002/fir,282,0,0
1675771396994,9,FIr Creation Request,201,Created,Firs Test single user 1-1,text,true,,463,10422,1,1,http://localhost:3002/fir,9,0,1
1675771397005,6,FIr Creation Request,201,Created,Firs Test single user 1-1,text,true,,463,10422,1,1,http://localhost:3002/fir,6,0,0
1675771397012,7,FIr Creation Request,201,Created,Firs Test single user 1-1,text,true,,463,10422,1,1,http://localhost:3002/fir,7,0,0
1675771397020,7,FIr Creation Request,201,Created,Firs Test single user 1-1,text,true,,463,10422,1,1,http://localhost:3002/fir,7,0,1
1675771397029,84,FIr Creation Request,201,Created,Firs Test single user 1-1,text,true,,463,10422,1,1,http://localhost:3002/fir,84,0,0
1675771397121,580,FIr Creation Request,201,Created,Firs Test single user 1-1,text,true,,463,10422,1,1,http://localhost:3002/fir,580,0,0
1675771397703,104,FIr Creation Request,201,Created,Firs Test single user 1-1,text,true,,463,10422,1,1,http://localhost:3002/fir,104,0,0
1675771397812,99,FIr Creation Request,201,Created,Firs Test single user 1-1,text,true,,463,10422,1,1,http://localhost:3002/fir,99,0,1
1675771397915,9,FIr Creation Request,201,Created,Firs Test single user 1-1,text,true,,463,10422,1,1,http://localhost:3002/fir,9,0,0
1675771397925,7,FIr Creation Request,201,Created,Firs Test single user 1-1,text,true,,463,10422,1,1,http://localhost:3002/fir,7,0,1
1675771397934,7,FIr Creation Request,201,Created,Firs Test single user 1-1,text,true,,463,10422,1,1,http://localhost:3002/fir,7,0,0
1675771397942,5,FIr Creation Request,201,Created,Firs Test single user 1-1,text,true,,463,10422,1,1,http://localhost:3002/fir,5,0,0
1675771397949,6,FIr Creation Request,201,Created,Firs Test single user 1-1,text,true,,463,10422,1,1,http://localhost:3002/fir,6,0,0
1675771397956,6,FIr Creation Request,201,Created,Firs Test single user 1-1,text,true,,463,10422,1,1,http://localhost:3002/fir,6,0,0
1675771397963,29,FIr Creation Request,201,Created,Firs Test single user 1-1,text,true,,463,10422,1,1,http://localhost:3002/fir,29,0,1
1675771397994,7,FIr Creation Request,201,Created,Firs Test single user 1-1,text,true,,463,10422,1,1,http://localhost:3002/fir,7,0,0
1675771398002,7,FIr Creation Request,201,Created,Firs Test single user 1-1,text,true,,463,10422,1,1,http://localhost:3002/fir,7,0,1
1675771398011,6,FIr Creation Request,201,Created,Firs Test single user 1-1,text,true,,463,10422,1,1,http://localhost:3002/fir,6,0,0
1675771398018,8,FIr Creation Request,201,Created,Firs Test single user 1-1,text,true,,463,10422,1,1,http://localhost:3002/fir,8,0,0
1675771398027,6,FIr Creation Request,201,Created,Firs Test single user 1-1,text,true,,463,10422,1,1,http://localhost:3002/fir,6,0,0
1675771398035,7,FIr Creation Request,201,Created,Firs Test single user 1-1,text,true,,463,10422,1,1,http://localhost:3002/fir,7,0,0
1675771398043,8,FIr Creation Request,201,Created,Firs Test single user 1-1,text,true,,463,10422,1,1,http://localhost:3002/fir,8,0,0
1675771398052,7,FIr Creation Request,201,Created,Firs Test single user 1-1,text,true,,463,10422,1,1,http://localhost:3002/fir,7,0,0
1675771398060,7,FIr Creation Request,201,Created,Firs Test single user 1-1,text,true,,463,10422,1,1,http://localhost:3002/fir,7,0,0
1675771398068,238,FIr Creation Request,201,Created,Firs Test single user 1-1,text,true,,463,10422,1,1,http://localhost:3002/fir,238,0,1
1675771398320,309,FIr Creation Request,201,Created,Firs Test single user 1-1,text,true,,463,10422,1,1,http://localhost:3002/fir,309,0,1
1675771398632,9,FIr Creation Request,201,Created,Firs Test single user 1-1,text,true,,463,10422,1,1,http://localhost:3002/fir,9,0,0
1675771398648,9,FIr Creation Request,201,Created,Firs Test single user 1-1,text,true,,463,10422,1,1,http://localhost:3002/fir,9,0,0
1675771398658,7,FIr Creation Request,201,Created,Firs Test single user 1-1,text,true,,463,10422,1,1,http://localhost:3002/fir,7,0,0
1675771398666,6,FIr Creation Request,201,Created,Firs Test single user 1-1,text,true,,463,10422,1,1,http://localhost:3002/fir,6,0,1
1675771398674,7,FIr Creation Request,201,Created,Firs Test single user 1-1,text,true,,463,10422,1,1,http://localhost:3002/fir,7,0,0
1675771398683,8,FIr Creation Request,201,Created,Firs Test single user 1-1,text,true,,463,10422,1,1,http://localhost:3002/fir,8,0,0
1675771398692,6,FIr Creation Request,201,Created,Firs Test single user 1-1,text,true,,463,10422,1,1,http://localhost:3002/fir,6,0,0
1675771398700,8,FIr Creation Request,201,Created,Firs Test single user 1-1,text,true,,463,10422,1,1,http://localhost:3002/fir,8,0,0
1675771398709,6,FIr Creation Request,201,Created,Firs Test single user 1-1,text,true,,463,10422,1,1,http://localhost:3002/fir,6,0,0
1675771398717,7,FIr Creation Request,201,Created,Firs Test single user 1-1,text,true,,463,10422,1,1,http://localhost:3002/fir,7,0,0
1675771398725,8,FIr Creation Request,201,Created,Firs Test single user 1-1,text,true,,463,10422,1,1,http://localhost:3002/fir,8,0,0
1675771398734,8,FIr Creation Request,201,Created,Firs Test single user 1-1,text,true,,463,10422,1,1,http://localhost:3002/fir,8,0,1
1675771398743,8,FIr Creation Request,201,Created,Firs Test single user 1-1,text,true,,463,10422,1,1,http://localhost:3002/fir,8,0,1
1675771398752,8,FIr Creation Request,201,Created,Firs Test single user 1-1,text,true,,463,10422,1,1,http://localhost:3002/fir,8,0,0
1675771398761,7,FIr Creation Request,201,Created,Firs Test single user 1-1,text,true,,463,10422,1,1,http://localhost:3002/fir,7,0,0
1675771398769,7,FIr Creation Request,201,Created,Firs Test single user 1-1,text,true,,463,10422,1,1,http://localhost:3002/fir,7,0,0
1675771398778,6,FIr Creation Request,201,Created,Firs Test single user 1-1,text,true,,463,10422,1,1,http://localhost:3002/fir,6,0,0
1675771398785,7,FIr Creation Request,201,Created,Firs Test single user 1-1,text,true,,463,10422,1,1,http://localhost:3002/fir,7,0,1
1675771398794,7,FIr Creation Request,201,Created,Firs Test single user 1-1,text,true,,463,10422,1,1,http://localhost:3002/fir,7,0,0
1675771398802,6,FIr Creation Request,201,Created,Firs Test single user 1-1,text,true,,463,10422,1,1,http://localhost:3002/fir,6,0,0
1675771398810,7,FIr Creation Request,201,Created,Firs Test single user 1-1,text,true,,463,10422,1,1,http://localhost:3002/fir,7,0,0
1675771398819,11,FIr Creation Request,201,Created,Firs Test single user 1-1,text,true,,463,10422,1,1,http://localhost:3002/fir,11,0,1
1675771398831,7,FIr Creation Request,201,Created,Firs Test single user 1-1,text,true,,463,10422,1,1,http://localhost:3002/fir,7,0,0
1675771398839,6,FIr Creation Request,201,Created,Firs Test single user 1-1,text,true,,463,10422,1,1,http://localhost:3002/fir,6,0,0
1675771398846,6,FIr Creation Request,201,Created,Firs Test single user 1-1,text,true,,463,10422,1,1,http://localhost:3002/fir,6,0,1
1675771398853,6,FIr Creation Request,201,Created,Firs Test single user 1-1,text,true,,463,10422,1,1,http://localhost:3002/fir,6,0,1
1675771398861,6,FIr Creation Request,201,Created,Firs Test single user 1-1,text,true,,463,10422,1,1,http://localhost:3002/fir,6,0,0
1675771398868,7,FIr Creation Request,201,Created,Firs Test single user 1-1,text,true,,463,10422,1,1,http://localhost:3002/fir,7,0,0
1675771398876,8,FIr Creation Request,201,Created,Firs Test single user 1-1,text,true,,463,10422,1,1,http://localhost:3002/fir,8,0,0
1675771398886,7,FIr Creation Request,201,Created,Firs Test single user 1-1,text,true,,463,10422,1,1,http://localhost:3002/fir,7,0,0
1675771398894,7,FIr Creation Request,201,Created,Firs Test single user 1-1,text,true,,463,10422,1,1,http://localhost:3002/fir,7,0,0
1675771398902,7,FIr Creation Request,201,Created,Firs Test single user 1-1,text,true,,463,10422,1,1,http://localhost:3002/fir,7,0,0
1675771398910,8,FIr Creation Request,201,Created,Firs Test single user 1-1,text,true,,463,10422,1,1,http://localhost:3002/fir,8,0,1
1675771398919,7,FIr Creation Request,201,Created,Firs Test single user 1-1,text,true,,463,10422,1,1,http://localhost:3002/fir,7,0,0
1675771398927,7,FIr Creation Request,201,Created,Firs Test single user 1-1,text,true,,463,10422,1,1,http://localhost:3002/fir,7,0,0
1675771398936,7,FIr Creation Request,201,Created,Firs Test single user 1-1,text,true,,463,10422,1,1,http://localhost:3002/fir,7,0,0
1675771398944,7,FIr Creation Request,201,Created,Firs Test single user 1-1,text,true,,463,10422,1,1,http://localhost:3002/fir,7,0,0
1675771398952,7,FIr Creation Request,201,Created,Firs Test single user 1-1,text,true,,463,10422,1,1,http://localhost:3002/fir,7,0,1
1675771398961,6,FIr Creation Request,201,Created,Firs Test single user 1-1,text,true,,463,10422,1,1,http://localhost:3002/fir,6,0,0
1675771398969,7,FIr Creation Request,201,Created,Firs Test single user 1-1,text,true,,463,10422,1,1,http://localhost:3002/fir,7,0,0
1675771398977,8,FIr Creation Request,201,Created,Firs Test single user 1-1,text,true,,463,10422,1,1,http://localhost:3002/fir,8,0,0
1675771398986,7,FIr Creation Request,201,Created,Firs Test single user 1-1,text,true,,463,10422,1,1,http://localhost:3002/fir,7,0,0
1675771398994,6,FIr Creation Request,201,Created,Firs Test single user 1-1,text,true,,463,10422,1,1,http://localhost:3002/fir,6,0,0
1675771399001,10,FIr Creation Request,201,Created,Firs Test single user 1-1,text,true,,463,10422,1,1,http://localhost:3002/fir,10,0,0
1675771399012,6,FIr Creation Request,201,Created,Firs Test single user 1-1,text,true,,463,10422,1,1,http://localhost:3002/fir,6,0,0
1675771399020,7,FIr Creation Request,201,Created,Firs Test single user 1-1,text,true,,463,10422,1,1,http://localhost:3002/fir,7,0,0
1675771399028,11,FIr Creation Request,201,Created,Firs Test single user 1-1,text,true,,463,10422,1,1,http://localhost:3002/fir,11,0,0
1675771399040,6,FIr Creation Request,201,Created,Firs Test single user 1-1,text,true,,463,10422,1,1,http://localhost:3002/fir,6,0,0
1675771399048,6,FIr Creation Request,201,Created,Firs Test single user 1-1,text,true,,463,10422,1,1,http://localhost:3002/fir,6,0,0
1675771399055,8,FIr Creation Request,201,Created,Firs Test single user 1-1,text,true,,463,10422,1,1,http://localhost:3002/fir,8,0,1
1675771399065,6,FIr Creation Request,201,Created,Firs Test single user 1-1,text,true,,463,10422,1,1,http://localhost:3002/fir,6,0,0
1675771399072,8,FIr Creation Request,201,Created,Firs Test single user 1-1,text,true,,463,10422,1,1,http://localhost:3002/fir,8,0,0
1675771399081,7,FIr Creation Request,201,Created,Firs Test single user 1-1,text,true,,463,10422,1,1,http://localhost:3002/fir,7,0,0
1675771399089,7,FIr Creation Request,201,Created,Firs Test single user 1-1,text,true,,463,10422,1,1,http://localhost:3002/fir,7,0,0
1675771399098,7,FIr Creation Request,201,Created,Firs Test single user 1-1,text,true,,463,10422,1,1,http://localhost:3002/fir,7,0,0
1675771399106,7,FIr Creation Request,201,Created,Firs Test single user 1-1,text,true,,463,10422,1,1,http://localhost:3002/fir,7,0,0
1675771399114,8,FIr Creation Request,201,Created,Firs Test single user 1-1,text,true,,463,10422,1,1,http://localhost:3002/fir,8,0,0
1675771399123,7,FIr Creation Request,201,Created,Firs Test single user 1-1,text,true,,463,10422,1,1,http://localhost:3002/fir,7,0,0
1675771399131,7,FIr Creation Request,201,Created,Firs Test single user 1-1,text,true,,463,10422,1,1,http://localhost:3002/fir,7,0,0
1675771399139,7,FIr Creation Request,201,Created,Firs Test single user 1-1,text,true,,463,10422,1,1,http://localhost:3002/fir,7,0,1
1675771399147,7,FIr Creation Request,201,Created,Firs Test single user 1-1,text,true,,463,10422,1,1,http://localhost:3002/fir,7,0,0
1675771399162,10,FIr Creation Request,201,Created,Firs Test single user 1-1,text,true,,463,10422,1,1,http://localhost:3002/fir,10,0,0
1675771399173,6,FIr Creation Request,201,Created,Firs Test single user 1-1,text,true,,463,10422,1,1,http://localhost:3002/fir,6,0,0
1675771399180,7,FIr Creation Request,201,Created,Firs Test single user 1-1,text,true,,463,10422,1,1,http://localhost:3002/fir,7,0,1
1675771399188,5,FIr Creation Request,201,Created,Firs Test single user 1-1,text,true,,463,10422,1,1,http://localhost:3002/fir,5,0,0
1675771399195,6,FIr Creation Request,201,Created,Firs Test single user 1-1,text,true,,463,10422,1,1,http://localhost:3002/fir,6,0,0
1675771399202,7,FIr Creation Request,201,Created,Firs Test single user 1-1,text,true,,463,10422,1,1,http://localhost:3002/fir,7,0,0
1675771399210,8,FIr Creation Request,201,Created,Firs Test single user 1-1,text,true,,463,10422,1,1,http://localhost:3002/fir,8,0,0
1675771399219,6,FIr Creation Request,201,Created,Firs Test single user 1-1,text,true,,463,10422,1,1,http://localhost:3002/fir,6,0,0
1675771399226,7,FIr Creation Request,201,Created,Firs Test single user 1-1,text,true,,463,10422,1,1,http://localhost:3002/fir,7,0,1
1675771399234,6,FIr Creation Request,201,Created,Firs Test single user 1-1,text,true,,463,10422,1,1,http://localhost:3002/fir,6,0,0
1675771399241,6,FIr Creation Request,201,Created,Firs Test single user 1-1,text,true,,463,10422,1,1,http://localhost:3002/fir,6,0,1
1675771399249,5,FIr Creation Request,201,Created,Firs Test single user 1-1,text,true,,463,10422,1,1,http://localhost:3002/fir,5,0,0
1675771399255,8,FIr Creation Request,201,Created,Firs Test single user 1-1,text,true,,463,10422,1,1,http://localhost:3002/fir,8,0,1
1675771399264,7,FIr Creation Request,201,Created,Firs Test single user 1-1,text,true,,463,10422,1,1,http://localhost:3002/fir,7,0,0
1675771399272,8,FIr Creation Request,201,Created,Firs Test single user 1-1,text,true,,463,10422,1,1,http://localhost:3002/fir,8,0,0
1675771399281,7,FIr Creation Request,201,Created,Firs Test single user 1-1,text,true,,463,10422,1,1,http://localhost:3002/fir,7,0,0
1675771399289,7,FIr Creation Request,201,Created,Firs Test single user 1-1,text,true,,463,10422,1,1,http://localhost:3002/fir,7,0,0
1675771399298,7,FIr Creation Request,201,Created,Firs Test single user 1-1,text,true,,463,10422,1,1,http://localhost:3002/fir,7,0,0
1675771399306,7,FIr Creation Request,201,Created,Firs Test single user 1-1,text,true,,463,10422,1,1,http://localhost:3002/fir,7,0,0
1675771399314,7,FIr Creation Request,201,Created,Firs Test single user 1-1,text,true,,463,10422,1,1,http://localhost:3002/fir,7,0,0
1675771399322,6,FIr Creation Request,201,Created,Firs Test single user 1-1,text,true,,463,10422,1,1,http://localhost:3002/fir,6,0,0
1675771399332,7,FIr Creation Request,201,Created,Firs Test single user 1-1,text,true,,463,10422,1,1,http://localhost:3002/fir,7,0,0
1675771399341,7,FIr Creation Request,201,Created,Firs Test single user 1-1,text,true,,463,10422,1,1,http://localhost:3002/fir,7,0,0
1675771399349,7,FIr Creation Request,201,Created,Firs Test single user 1-1,text,true,,463,10422,1,1,http://localhost:3002/fir,7,0,0
1675771399357,5,FIr Creation Request,201,Created,Firs Test single user 1-1,text,true,,463,10422,1,1,http://localhost:3002/fir,5,0,0
1675771399364,7,FIr Creation Request,201,Created,Firs Test single user 1-1,text,true,,463,10422,1,1,http://localhost:3002/fir,7,0,0
1675771399372,8,FIr Creation Request,201,Created,Firs Test single user 1-1,text,true,,463,10422,1,1,http://localhost:3002/fir,8,0,0
1675771399381,7,FIr Creation Request,201,Created,Firs Test single user 1-1,text,true,,463,10422,1,1,http://localhost:3002/fir,7,0,0
1675771399389,8,FIr Creation Request,201,Created,Firs Test single user 1-1,text,true,,463,10422,1,1,http://localhost:3002/fir,8,0,1
1675771399398,6,FIr Creation Request,201,Created,Firs Test single user 1-1,text,true,,463,10422,1,1,http://localhost:3002/fir,6,0,0
1675771399405,8,FIr Creation Request,201,Created,Firs Test single user 1-1,text,true,,463,10422,1,1,http://localhost:3002/fir,8,0,1
1675771399414,8,FIr Creation Request,201,Created,Firs Test single user 1-1,text,true,,463,10422,1,1,http://localhost:3002/fir,8,0,0
1675771399423,11,FIr Creation Request,201,Created,Firs Test single user 1-1,text,true,,463,10422,1,1,http://localhost:3002/fir,11,0,0
1675771399436,7,FIr Creation Request,201,Created,Firs Test single user 1-1,text,true,,463,10422,1,1,http://localhost:3002/fir,7,0,0
1675771399444,251,FIr Creation Request,201,Created,Firs Test single user 1-1,text,true,,463,10422,1,1,http://localhost:3002/fir,251,0,1
1675771399699,15,FIr Creation Request,201,Created,Firs Test single user 1-1,text,true,,463,10422,1,1,http://localhost:3002/fir,15,0,0
1675771399715,7,FIr Creation Request,201,Created,Firs Test single user 1-1,text,true,,463,10422,1,1,http://localhost:3002/fir,7,0,0
1675771399723,8,FIr Creation Request,201,Created,Firs Test single user 1-1,text,true,,463,10422,1,1,http://localhost:3002/fir,8,0,0
1675771399732,18,FIr Creation Request,201,Created,Firs Test single user 1-1,text,true,,463,10422,1,1,http://localhost:3002/fir,18,0,0
1675771399751,9,FIr Creation Request,201,Created,Firs Test single user 1-1,text,true,,463,10422,1,1,http://localhost:3002/fir,9,0,0
1675771399761,9,FIr Creation Request,201,Created,Firs Test single user 1-1,text,true,,463,10422,1,1,http://localhost:3002/fir,9,0,1
1675771399771,7,FIr Creation Request,201,Created,Firs Test single user 1-1,text,true,,463,10422,1,1,http://localhost:3002/fir,7,0,1
1675771399779,8,FIr Creation Request,201,Created,Firs Test single user 1-1,text,true,,463,10422,1,1,http://localhost:3002/fir,8,0,0
1675771399788,7,FIr Creation Request,201,Created,Firs Test single user 1-1,text,true,,463,10422,1,1,http://localhost:3002/fir,7,0,0
1675771399796,7,FIr Creation Request,201,Created,Firs Test single user 1-1,text,true,,463,10422,1,1,http://localhost:3002/fir,7,0,0
1675771399804,6,FIr Creation Request,201,Created,Firs Test single user 1-1,text,true,,463,10422,1,1,http://localhost:3002/fir,6,0,0
1675771399811,7,FIr Creation Request,201,Created,Firs Test single user 1-1,text,true,,463,10422,1,1,http://localhost:3002/fir,7,0,1
1675771399819,8,FIr Creation Request,201,Created,Firs Test single user 1-1,text,true,,463,10422,1,1,http://localhost:3002/fir,8,0,1
1675771399829,6,FIr Creation Request,201,Created,Firs Test single user 1-1,text,true,,463,10422,1,1,http://localhost:3002/fir,6,0,0
1675771399837,9,FIr Creation Request,201,Created,Firs Test single user 1-1,text,true,,463,10422,1,1,http://localhost:3002/fir,9,0,1
1675771399847,8,FIr Creation Request,201,Created,Firs Test single user 1-1,text,true,,463,10422,1,1,http://localhost:3002/fir,8,0,1
1675771399856,29,FIr Creation Request,201,Created,Firs Test single user 1-1,text,true,,463,10422,1,1,http://localhost:3002/fir,29,0,0
1675771399887,7,FIr Creation Request,201,Created,Firs Test single user 1-1,text,true,,463,10422,1,1,http://localhost:3002/fir,7,0,0
1675771399895,7,FIr Creation Request,201,Created,Firs Test single user 1-1,text,true,,463,10422,1,1,http://localhost:3002/fir,7,0,1
1675771399903,6,FIr Creation Request,201,Created,Firs Test single user 1-1,text,true,,463,10422,1,1,http://localhost:3002/fir,6,0,0
1675771399911,8,FIr Creation Request,201,Created,Firs Test single user 1-1,text,true,,463,10422,1,1,http://localhost:3002/fir,8,0,0
1675771399920,6,FIr Creation Request,201,Created,Firs Test single user 1-1,text,true,,463,10422,1,1,http://localhost:3002/fir,6,0,0
1675771399927,7,FIr Creation Request,201,Created,Firs Test single user 1-1,text,true,,463,10422,1,1,http://localhost:3002/fir,7,0,0
1675771399935,7,FIr Creation Request,201,Created,Firs Test single user 1-1,text,true,,463,10422,1,1,http://localhost:3002/fir,7,0,0
1675771399943,7,FIr Creation Request,201,Created,Firs Test single user 1-1,text,true,,463,10422,1,1,http://localhost:3002/fir,7,0,0
1675771399951,6,FIr Creation Request,201,Created,Firs Test single user 1-1,text,true,,463,10422,1,1,http://localhost:3002/fir,6,0,0
1675771399958,7,FIr Creation Request,201,Created,Firs Test single user 1-1,text,true,,463,10422,1,1,http://localhost:3002/fir,7,0,1
1675771399966,7,FIr Creation Request,201,Created,Firs Test single user 1-1,text,true,,463,10422,1,1,http://localhost:3002/fir,7,0,0
1675771399974,7,FIr Creation Request,201,Created,Firs Test single user 1-1,text,true,,463,10422,1,1,http://localhost:3002/fir,7,0,0
1675771399983,7,FIr Creation Request,201,Created,Firs Test single user 1-1,text,true,,463,10422,1,1,http://localhost:3002/fir,7,0,0
1675771399991,6,FIr Creation Request,201,Created,Firs Test single user 1-1,text,true,,463,10422,1,1,http://localhost:3002/fir,6,0,0
1675771399998,13,FIr Creation Request,201,Created,Firs Test single user 1-1,text,true,,463,10422,1,1,http://localhost:3002/fir,13,0,1
1675771400012,7,FIr Creation Request,201,Created,Firs Test single user 1-1,text,true,,463,10422,1,1,http://localhost:3002/fir,7,0,0
1675771400020,8,FIr Creation Request,201,Created,Firs Test single user 1-1,text,true,,463,10422,1,1,http://localhost:3002/fir,8,0,0
1675771400029,7,FIr Creation Request,201,Created,Firs Test single user 1-1,text,true,,463,10422,1,1,http://localhost:3002/fir,7,0,0
1675771400037,7,FIr Creation Request,201,Created,Firs Test single user 1-1,text,true,,463,10422,1,1,http://localhost:3002/fir,7,0,0
1675771400045,7,FIr Creation Request,201,Created,Firs Test single user 1-1,text,true,,463,10422,1,1,http://localhost:3002/fir,7,0,0
1675771400053,7,FIr Creation Request,201,Created,Firs Test single user 1-1,text,true,,463,10422,1,1,http://localhost:3002/fir,7,0,0
1675771400061,7,FIr Creation Request,201,Created,Firs Test single user 1-1,text,true,,463,10422,1,1,http://localhost:3002/fir,7,0,1
1675771400069,8,FIr Creation Request,201,Created,Firs Test single user 1-1,text,true,,463,10422,1,1,http://localhost:3002/fir,8,0,1
1675771400078,7,FIr Creation Request,201,Created,Firs Test single user 1-1,text,true,,463,10422,1,1,http://localhost:3002/fir,7,0,0
1675771400086,7,FIr Creation Request,201,Created,Firs Test single user 1-1,text,true,,463,10422,1,1,http://localhost:3002/fir,7,0,1
1675771400094,9,FIr Creation Request,201,Created,Firs Test single user 1-1,text,true,,463,10422,1,1,http://localhost:3002/fir,9,0,0
1675771400104,6,FIr Creation Request,201,Created,Firs Test single user 1-1,text,true,,463,10422,1,1,http://localhost:3002/fir,6,0,0
1675771400112,7,FIr Creation Request,201,Created,Firs Test single user 1-1,text,true,,463,10422,1,1,http://localhost:3002/fir,7,0,0
1675771400120,5,FIr Creation Request,201,Created,Firs Test single user 1-1,text,true,,463,10422,1,1,http://localhost:3002/fir,5,0,0
1675771400127,6,FIr Creation Request,201,Created,Firs Test single user 1-1,text,true,,463,10422,1,1,http://localhost:3002/fir,6,0,0
1675771400135,6,FIr Creation Request,201,Created,Firs Test single user 1-1,text,true,,463,10422,1,1,http://localhost:3002/fir,6,0,0
1675771400143,6,FIr Creation Request,201,Created,Firs Test single user 1-1,text,true,,463,10422,1,1,http://localhost:3002/fir,6,0,0
1675771400151,5,FIr Creation Request,201,Created,Firs Test single user 1-1,text,true,,463,10422,1,1,http://localhost:3002/fir,5,0,0
1675771400158,6,FIr Creation Request,201,Created,Firs Test single user 1-1,text,true,,463,10422,1,1,http://localhost:3002/fir,6,0,0
1675771400165,7,FIr Creation Request,201,Created,Firs Test single user 1-1,text,true,,463,10422,1,1,http://localhost:3002/fir,7,0,0
1675771400180,7,FIr Creation Request,201,Created,Firs Test single user 1-1,text,true,,463,10422,1,1,http://localhost:3002/fir,7,0,0
1675771400189,5,FIr Creation Request,201,Created,Firs Test single user 1-1,text,true,,463,10422,1,1,http://localhost:3002/fir,5,0,0
1675771400196,9,FIr Creation Request,201,Created,Firs Test single user 1-1,text,true,,463,10422,1,1,http://localhost:3002/fir,9,0,0
1675771400206,8,FIr Creation Request,201,Created,Firs Test single user 1-1,text,true,,463,10422,1,1,http://localhost:3002/fir,8,0,1
1675771400215,7,FIr Creation Request,201,Created,Firs Test single user 1-1,text,true,,463,10422,1,1,http://localhost:3002/fir,7,0,0
1675771400224,7,FIr Creation Request,201,Created,Firs Test single user 1-1,text,true,,463,10422,1,1,http://localhost:3002/fir,7,0,0
1675771400232,6,FIr Creation Request,201,Created,Firs Test single user 1-1,text,true,,463,10422,1,1,http://localhost:3002/fir,6,0,0
1675771400239,7,FIr Creation Request,201,Created,Firs Test single user 1-1,text,true,,463,10422,1,1,http://localhost:3002/fir,7,0,1
1675771400248,9,FIr Creation Request,201,Created,Firs Test single user 1-1,text,true,,463,10422,1,1,http://localhost:3002/fir,9,0,0
1675771400258,7,FIr Creation Request,201,Created,Firs Test single user 1-1,text,true,,463,10422,1,1,http://localhost:3002/fir,7,0,0
1675771400266,7,FIr Creation Request,201,Created,Firs Test single user 1-1,text,true,,463,10422,1,1,http://localhost:3002/fir,7,0,0
1675771400275,6,FIr Creation Request,201,Created,Firs Test single user 1-1,text,true,,463,10422,1,1,http://localhost:3002/fir,6,0,0
1675771400282,7,FIr Creation Request,201,Created,Firs Test single user 1-1,text,true,,463,10422,1,1,http://localhost:3002/fir,7,0,0
1675771400290,8,FIr Creation Request,201,Created,Firs Test single user 1-1,text,true,,463,10422,1,1,http://localhost:3002/fir,8,0,0
1675771400299,6,FIr Creation Request,201,Created,Firs Test single user 1-1,text,true,,463,10422,1,1,http://localhost:3002/fir,6,0,0
1675771400306,8,FIr Creation Request,201,Created,Firs Test single user 1-1,text,true,,463,10422,1,1,http://localhost:3002/fir,8,0,1
1675771400315,7,FIr Creation Request,201,Created,Firs Test single user 1-1,text,true,,463,10422,1,1,http://localhost:3002/fir,7,0,0
1675771400324,7,FIr Creation Request,201,Created,Firs Test single user 1-1,text,true,,463,10422,1,1,http://localhost:3002/fir,7,0,0
1675771400332,7,FIr Creation Request,201,Created,Firs Test single user 1-1,text,true,,463,10422,1,1,http://localhost:3002/fir,7,0,0
1675771400341,6,FIr Creation Request,201,Created,Firs Test single user 1-1,text,true,,463,10422,1,1,http://localhost:3002/fir,6,0,0
1675771400350,10,FIr Creation Request,201,Created,Firs Test single user 1-1,text,true,,463,10422,1,1,http://localhost:3002/fir,10,0,0
1675771400361,8,FIr Creation Request,201,Created,Firs Test single user 1-1,text,true,,463,10422,1,1,http://localhost:3002/fir,8,0,0
1675771400370,6,FIr Creation Request,201,Created,Firs Test single user 1-1,text,true,,463,10422,1,1,http://localhost:3002/fir,6,0,0
1675771400378,9,FIr Creation Request,201,Created,Firs Test single user 1-1,text,true,,463,10422,1,1,http://localhost:3002/fir,9,0,0
1675771400388,7,FIr Creation Request,201,Created,Firs Test single user 1-1,text,true,,463,10422,1,1,http://localhost:3002/fir,7,0,1
1675771400396,7,FIr Creation Request,201,Created,Firs Test single user 1-1,text,true,,463,10422,1,1,http://localhost:3002/fir,7,0,0
1675771400404,6,FIr Creation Request,201,Created,Firs Test single user 1-1,text,true,,463,10422,1,1,http://localhost:3002/fir,6,0,0
1675771400411,8,FIr Creation Request,201,Created,Firs Test single user 1-1,text,true,,463,10422,1,1,http://localhost:3002/fir,8,0,0
1675771400420,6,FIr Creation Request,201,Created,Firs Test single user 1-1,text,true,,463,10422,1,1,http://localhost:3002/fir,6,0,0
1675771400427,7,FIr Creation Request,201,Created,Firs Test single user 1-1,text,true,,463,10422,1,1,http://localhost:3002/fir,7,0,1
1675771400435,8,FIr Creation Request,201,Created,Firs Test single user 1-1,text,true,,463,10422,1,1,http://localhost:3002/fir,8,0,1
1675771400445,8,FIr Creation Request,201,Created,Firs Test single user 1-1,text,true,,463,10422,1,1,http://localhost:3002/fir,8,0,0
1675771400454,6,FIr Creation Request,201,Created,Firs Test single user 1-1,text,true,,463,10422,1,1,http://localhost:3002/fir,6,0,0
1675771400462,7,FIr Creation Request,201,Created,Firs Test single user 1-1,text,true,,463,10422,1,1,http://localhost:3002/fir,7,0,0
1675771400470,8,FIr Creation Request,201,Created,Firs Test single user 1-1,text,true,,463,10422,1,1,http://localhost:3002/fir,8,0,0
1675771400479,7,FIr Creation Request,201,Created,Firs Test single user 1-1,text,true,,463,10422,1,1,http://localhost:3002/fir,7,0,0
1675771400487,7,FIr Creation Request,201,Created,Firs Test single user 1-1,text,true,,463,10422,1,1,http://localhost:3002/fir,7,0,1
1675771400495,7,FIr Creation Request,201,Created,Firs Test single user 1-1,text,true,,463,10422,1,1,http://localhost:3002/fir,7,0,0
1675771400503,7,FIr Creation Request,201,Created,Firs Test single user 1-1,text,true,,463,10422,1,1,http://localhost:3002/fir,7,0,1
1675771400511,12,FIr Creation Request,201,Created,Firs Test single user 1-1,text,true,,463,10422,1,1,http://localhost:3002/fir,12,0,1
1675771400525,6,FIr Creation Request,201,Created,Firs Test single user 1-1,text,true,,463,10422,1,1,http://localhost:3002/fir,6,0,0
1675771400533,6,FIr Creation Request,201,Created,Firs Test single user 1-1,text,true,,463,10422,1,1,http://localhost:3002/fir,6,0,0
1675771400540,8,FIr Creation Request,201,Created,Firs Test single user 1-1,text,true,,463,10422,1,1,http://localhost:3002/fir,8,0,0
1675771400549,7,FIr Creation Request,201,Created,Firs Test single user 1-1,text,true,,463,10422,1,1,http://localhost:3002/fir,7,0,0
1675771400557,8,FIr Creation Request,201,Created,Firs Test single user 1-1,text,true,,463,10422,1,1,http://localhost:3002/fir,8,0,0
1675771400566,7,FIr Creation Request,201,Created,Firs Test single user 1-1,text,true,,463,10422,1,1,http://localhost:3002/fir,7,0,0
1675771400574,7,FIr Creation Request,201,Created,Firs Test single user 1-1,text,true,,463,10422,1,1,http://localhost:3002/fir,7,0,0
1675771400582,29,FIr Creation Request,201,Created,Firs Test single user 1-1,text,true,,463,10422,1,1,http://localhost:3002/fir,29,0,0
1675771400613,7,FIr Creation Request,201,Created,Firs Test single user 1-1,text,true,,463,10422,1,1,http://localhost:3002/fir,7,0,0
1675771400621,6,FIr Creation Request,201,Created,Firs Test single user 1-1,text,true,,463,10422,1,1,http://localhost:3002/fir,6,0,0
1675771400628,8,FIr Creation Request,201,Created,Firs Test single user 1-1,text,true,,463,10422,1,1,http://localhost:3002/fir,8,0,1
1675771400638,6,FIr Creation Request,201,Created,Firs Test single user 1-1,text,true,,463,10422,1,1,http://localhost:3002/fir,6,0,0
1675771400645,11,FIr Creation Request,201,Created,Firs Test single user 1-1,text,true,,463,10422,1,1,http://localhost:3002/fir,11,0,0
1675771400658,7,FIr Creation Request,201,Created,Firs Test single user 1-1,text,true,,463,10422,1,1,http://localhost:3002/fir,7,0,0
1675771400666,7,FIr Creation Request,201,Created,Firs Test single user 1-1,text,true,,463,10422,1,1,http://localhost:3002/fir,7,0,0
1675771400674,6,FIr Creation Request,201,Created,Firs Test single user 1-1,text,true,,463,10422,1,1,http://localhost:3002/fir,6,0,0
1675771400681,7,FIr Creation Request,201,Created,Firs Test single user 1-1,text,true,,463,10422,1,1,http://localhost:3002/fir,7,0,1
1675771400692,6,FIr Creation Request,201,Created,Firs Test single user 1-1,text,true,,463,10422,1,1,http://localhost:3002/fir,6,0,0
1675771400699,6,FIr Creation Request,201,Created,Firs Test single user 1-1,text,true,,463,10422,1,1,http://localhost:3002/fir,6,0,1
1675771400707,6,FIr Creation Request,201,Created,Firs Test single user 1-1,text,true,,463,10422,1,1,http://localhost:3002/fir,6,0,0
1675771400714,7,FIr Creation Request,201,Created,Firs Test single user 1-1,text,true,,463,10422,1,1,http://localhost:3002/fir,7,0,1
1675771400722,6,FIr Creation Request,201,Created,Firs Test single user 1-1,text,true,,463,10422,1,1,http://localhost:3002/fir,6,0,0
1675771400730,6,FIr Creation Request,201,Created,Firs Test single user 1-1,text,true,,463,10422,1,1,http://localhost:3002/fir,6,0,0
1675771400737,6,FIr Creation Request,201,Created,Firs Test single user 1-1,text,true,,463,10422,1,1,http://localhost:3002/fir,6,0,0
1675771400744,7,FIr Creation Request,201,Created,Firs Test single user 1-1,text,true,,463,10422,1,1,http://localhost:3002/fir,7,0,0
1675771400752,6,FIr Creation Request,201,Created,Firs Test single user 1-1,text,true,,463,10422,1,1,http://localhost:3002/fir,6,0,0
1675771400760,6,FIr Creation Request,201,Created,Firs Test single user 1-1,text,true,,463,10422,1,1,http://localhost:3002/fir,6,0,0
1675771400769,8,FIr Creation Request,201,Created,Firs Test single user 1-1,text,true,,463,10422,1,1,http://localhost:3002/fir,8,0,0
1675771400778,7,FIr Creation Request,201,Created,Firs Test single user 1-1,text,true,,463,10422,1,1,http://localhost:3002/fir,7,0,1
1675771400787,6,FIr Creation Request,201,Created,Firs Test single user 1-1,text,true,,463,10422,1,1,http://localhost:3002/fir,6,0,0
1675771400794,6,FIr Creation Request,201,Created,Firs Test single user 1-1,text,true,,463,10422,1,1,http://localhost:3002/fir,6,0,0
1675771400801,6,FIr Creation Request,201,Created,Firs Test single user 1-1,text,true,,463,10422,1,1,http://localhost:3002/fir,6,0,0
1675771400808,1289,FIr Creation Request,201,Created,Firs Test single user 1-1,text,true,,463,10422,1,1,http://localhost:3002/fir,1289,0,0
1675771402099,539,FIr Creation Request,201,Created,Firs Test single user 1-1,text,true,,463,10422,1,1,http://localhost:3002/fir,539,0,1
1675771402643,15,FIr Creation Request,201,Created,Firs Test single user 1-1,text,true,,463,10422,1,1,http://localhost:3002/fir,15,0,0
1675771402660,10,FIr Creation Request,201,Created,Firs Test single user 1-1,text,true,,463,10422,1,1,http://localhost:3002/fir,10,0,0
1675771402671,9,FIr Creation Request,201,Created,Firs Test single user 1-1,text,true,,463,10422,1,1,http://localhost:3002/fir,9,0,0
1675771402681,8,FIr Creation Request,201,Created,Firs Test single user 1-1,text,true,,463,10422,1,1,http://localhost:3002/fir,8,0,0
1675771402690,7,FIr Creation Request,201,Created,Firs Test single user 1-1,text,true,,463,10422,1,1,http://localhost:3002/fir,7,0,0
1675771402698,6,FIr Creation Request,201,Created,Firs Test single user 1-1,text,true,,463,10422,1,1,http://localhost:3002/fir,6,0,0
1675771402705,7,FIr Creation Request,201,Created,Firs Test single user 1-1,text,true,,463,10422,1,1,http://localhost:3002/fir,7,0,1
1675771402714,6,FIr Creation Request,201,Created,Firs Test single user 1-1,text,true,,463,10422,1,1,http://localhost:3002/fir,6,0,0
1675771402721,7,FIr Creation Request,201,Created,Firs Test single user 1-1,text,true,,463,10422,1,1,http://localhost:3002/fir,7,0,1
1675771402733,9,FIr Creation Request,201,Created,Firs Test single user 1-1,text,true,,463,10422,1,1,http://localhost:3002/fir,9,0,0
1675771402806,7,FIr Creation Request,201,Created,Firs Test single user 1-1,text,true,,463,10422,1,1,http://localhost:3002/fir,7,0,0
1675771402814,7,FIr Creation Request,201,Created,Firs Test single user 1-1,text,true,,463,10422,1,1,http://localhost:3002/fir,7,0,0
1675771402822,6,FIr Creation Request,201,Created,Firs Test single user 1-1,text,true,,463,10422,1,1,http://localhost:3002/fir,6,0,0
1675771402829,8,FIr Creation Request,201,Created,Firs Test single user 1-1,text,true,,463,10422,1,1,http://localhost:3002/fir,8,0,1
1675771402838,8,FIr Creation Request,201,Created,Firs Test single user 1-1,text,true,,463,10422,1,1,http://localhost:3002/fir,8,0,0
1675771402847,7,FIr Creation Request,201,Created,Firs Test single user 1-1,text,true,,463,10422,1,1,http://localhost:3002/fir,7,0,0
1675771402855,7,FIr Creation Request,201,Created,Firs Test single user 1-1,text,true,,463,10422,1,1,http://localhost:3002/fir,7,0,0
1675771402863,7,FIr Creation Request,201,Created,Firs Test single user 1-1,text,true,,463,10422,1,1,http://localhost:3002/fir,7,0,0
1675771402871,8,FIr Creation Request,201,Created,Firs Test single user 1-1,text,true,,463,10422,1,1,http://localhost:3002/fir,8,0,1
1675771402880,7,FIr Creation Request,201,Created,Firs Test single user 1-1,text,true,,463,10422,1,1,http://localhost:3002/fir,7,0,0
1675771402888,6,FIr Creation Request,201,Created,Firs Test single user 1-1,text,true,,463,10422,1,1,http://localhost:3002/fir,6,0,0
1675771402895,6,FIr Creation Request,201,Created,Firs Test single user 1-1,text,true,,463,10422,1,1,http://localhost:3002/fir,6,0,1
1675771402906,6,FIr Creation Request,201,Created,Firs Test single user 1-1,text,true,,463,10422,1,1,http://localhost:3002/fir,6,0,1
1675771402913,6,FIr Creation Request,201,Created,Firs Test single user 1-1,text,true,,463,10422,1,1,http://localhost:3002/fir,6,0,1
1675771402921,6,FIr Creation Request,201,Created,Firs Test single user 1-1,text,true,,463,10422,1,1,http://localhost:3002/fir,6,0,0
1675771402928,7,FIr Creation Request,201,Created,Firs Test single user 1-1,text,true,,463,10422,1,1,http://localhost:3002/fir,7,0,1
1675771402936,6,FIr Creation Request,201,Created,Firs Test single user 1-1,text,true,,463,10422,1,1,http://localhost:3002/fir,6,0,0
1675771402943,7,FIr Creation Request,201,Created,Firs Test single user 1-1,text,true,,463,10422,1,1,http://localhost:3002/fir,7,0,1
1675771402951,6,FIr Creation Request,201,Created,Firs Test single user 1-1,text,true,,463,10422,1,1,http://localhost:3002/fir,6,0,0
1675771402958,8,FIr Creation Request,201,Created,Firs Test single user 1-1,text,true,,463,10422,1,1,http://localhost:3002/fir,8,0,0
1675771402967,6,FIr Creation Request,201,Created,Firs Test single user 1-1,text,true,,463,10422,1,1,http://localhost:3002/fir,6,0,0
1675771402975,7,FIr Creation Request,201,Created,Firs Test single user 1-1,text,true,,463,10422,1,1,http://localhost:3002/fir,7,0,0
1675771402983,8,FIr Creation Request,201,Created,Firs Test single user 1-1,text,true,,463,10422,1,1,http://localhost:3002/fir,8,0,0
1675771402992,7,FIr Creation Request,201,Created,Firs Test single user 1-1,text,true,,463,10422,1,1,http://localhost:3002/fir,7,0,0
1675771403000,8,FIr Creation Request,201,Created,Firs Test single user 1-1,text,true,,463,10422,1,1,http://localhost:3002/fir,8,0,0
1675771403009,6,FIr Creation Request,201,Created,Firs Test single user 1-1,text,true,,463,10422,1,1,http://localhost:3002/fir,6,0,0
1675771403016,7,FIr Creation Request,201,Created,Firs Test single user 1-1,text,true,,463,10422,1,1,http://localhost:3002/fir,7,0,1
1675771403024,7,FIr Creation Request,201,Created,Firs Test single user 1-1,text,true,,463,10422,1,1,http://localhost:3002/fir,7,0,1
1675771403033,6,FIr Creation Request,201,Created,Firs Test single user 1-1,text,true,,463,10422,1,1,http://localhost:3002/fir,6,0,0
1675771403040,6,FIr Creation Request,201,Created,Firs Test single user 1-1,text,true,,463,10422,1,1,http://localhost:3002/fir,6,0,0
1675771403047,7,FIr Creation Request,201,Created,Firs Test single user 1-1,text,true,,463,10422,1,1,http://localhost:3002/fir,7,0,0
1675771403055,7,FIr Creation Request,201,Created,Firs Test single user 1-1,text,true,,463,10422,1,1,http://localhost:3002/fir,7,0,0
1675771403063,7,FIr Creation Request,201,Created,Firs Test single user 1-1,text,true,,463,10422,1,1,http://localhost:3002/fir,7,0,0
1675771403072,7,FIr Creation Request,201,Created,Firs Test single user 1-1,text,true,,463,10422,1,1,http://localhost:3002/fir,7,0,0
1675771403080,7,FIr Creation Request,201,Created,Firs Test single user 1-1,text,true,,463,10422,1,1,http://localhost:3002/fir,7,0,0
1675771403088,7,FIr Creation Request,201,Created,Firs Test single user 1-1,text,true,,463,10422,1,1,http://localhost:3002/fir,7,0,0
1675771403097,7,FIr Creation Request,201,Created,Firs Test single user 1-1,text,true,,463,10422,1,1,http://localhost:3002/fir,7,0,0
1675771403105,7,FIr Creation Request,201,Created,Firs Test single user 1-1,text,true,,463,10422,1,1,http://localhost:3002/fir,7,0,0
1675771403113,7,FIr Creation Request,201,Created,Firs Test single user 1-1,text,true,,463,10422,1,1,http://localhost:3002/fir,7,0,1
1675771403121,8,FIr Creation Request,201,Created,Firs Test single user 1-1,text,true,,463,10422,1,1,http://localhost:3002/fir,8,0,1
1675771403130,7,FIr Creation Request,201,Created,Firs Test single user 1-1,text,true,,463,10422,1,1,http://localhost:3002/fir,7,0,0
1675771403139,7,FIr Creation Request,201,Created,Firs Test single user 1-1,text,true,,463,10422,1,1,http://localhost:3002/fir,7,0,0
1675771403147,7,FIr Creation Request,201,Created,Firs Test single user 1-1,text,true,,463,10422,1,1,http://localhost:3002/fir,7,0,0
1675771403155,7,FIr Creation Request,201,Created,Firs Test single user 1-1,text,true,,463,10422,1,1,http://localhost:3002/fir,7,0,0
1675771403164,6,FIr Creation Request,201,Created,Firs Test single user 1-1,text,true,,463,10422,1,1,http://localhost:3002/fir,6,0,0
1675771403172,7,FIr Creation Request,201,Created,Firs Test single user 1-1,text,true,,463,10422,1,1,http://localhost:3002/fir,7,0,0
1675771403181,6,FIr Creation Request,201,Created,Firs Test single user 1-1,text,true,,463,10422,1,1,http://localhost:3002/fir,6,0,0
1675771403188,8,FIr Creation Request,201,Created,Firs Test single user 1-1,text,true,,463,10422,1,1,http://localhost:3002/fir,7,0,1
1675771403197,7,FIr Creation Request,201,Created,Firs Test single user 1-1,text,true,,463,10422,1,1,http://localhost:3002/fir,7,0,0
1675771403206,6,FIr Creation Request,201,Created,Firs Test single user 1-1,text,true,,463,10422,1,1,http://localhost:3002/fir,6,0,0
1675771403213,7,FIr Creation Request,201,Created,Firs Test single user 1-1,text,true,,463,10422,1,1,http://localhost:3002/fir,7,0,1
1675771403222,6,FIr Creation Request,201,Created,Firs Test single user 1-1,text,true,,463,10422,1,1,http://localhost:3002/fir,6,0,0
1675771403233,11,FIr Creation Request,201,Created,Firs Test single user 1-1,text,true,,463,10422,1,1,http://localhost:3002/fir,11,0,1
1675771403245,7,FIr Creation Request,201,Created,Firs Test single user 1-1,text,true,,463,10422,1,1,http://localhost:3002/fir,7,0,0
1675771403253,7,FIr Creation Request,201,Created,Firs Test single user 1-1,text,true,,463,10422,1,1,http://localhost:3002/fir,7,0,1
1675771403261,6,FIr Creation Request,201,Created,Firs Test single user 1-1,text,true,,463,10422,1,1,http://localhost:3002/fir,6,0,0
1675771403268,6,FIr Creation Request,201,Created,Firs Test single user 1-1,text,true,,463,10422,1,1,http://localhost:3002/fir,6,0,0
1675771403275,8,FIr Creation Request,201,Created,Firs Test single user 1-1,text,true,,463,10422,1,1,http://localhost:3002/fir,8,0,1
1675771403284,7,FIr Creation Request,201,Created,Firs Test single user 1-1,text,true,,463,10422,1,1,http://localhost:3002/fir,7,0,1
1675771403292,7,FIr Creation Request,201,Created,Firs Test single user 1-1,text,true,,463,10422,1,1,http://localhost:3002/fir,7,0,0
1675771403300,8,FIr Creation Request,201,Created,Firs Test single user 1-1,text,true,,463,10422,1,1,http://localhost:3002/fir,8,0,1
1675771403309,7,FIr Creation Request,201,Created,Firs Test single user 1-1,text,true,,463,10422,1,1,http://localhost:3002/fir,7,0,0
1675771403317,8,FIr Creation Request,201,Created,Firs Test single user 1-1,text,true,,463,10422,1,1,http://localhost:3002/fir,8,0,0
1675771403326,7,FIr Creation Request,201,Created,Firs Test single user 1-1,text,true,,463,10422,1,1,http://localhost:3002/fir,7,0,0
1675771403334,7,FIr Creation Request,201,Created,Firs Test single user 1-1,text,true,,463,10422,1,1,http://localhost:3002/fir,7,0,0
1675771403342,8,FIr Creation Request,201,Created,Firs Test single user 1-1,text,true,,463,10422,1,1,http://localhost:3002/fir,8,0,0
1675771403351,7,FIr Creation Request,201,Created,Firs Test single user 1-1,text,true,,463,10422,1,1,http://localhost:3002/fir,7,0,0
1675771403359,7,FIr Creation Request,201,Created,Firs Test single user 1-1,text,true,,463,10422,1,1,http://localhost:3002/fir,7,0,0
1675771403367,7,FIr Creation Request,201,Created,Firs Test single user 1-1,text,true,,463,10422,1,1,http://localhost:3002/fir,7,0,0
1675771403375,7,FIr Creation Request,201,Created,Firs Test single user 1-1,text,true,,463,10422,1,1,http://localhost:3002/fir,7,0,0
1675771403383,7,FIr Creation Request,201,Created,Firs Test single user 1-1,text,true,,463,10422,1,1,http://localhost:3002/fir,7,0,1
1675771403391,6,FIr Creation Request,201,Created,Firs Test single user 1-1,text,true,,463,10422,1,1,http://localhost:3002/fir,6,0,0
1675771403399,6,FIr Creation Request,201,Created,Firs Test single user 1-1,text,true,,463,10422,1,1,http://localhost:3002/fir,6,0,0
1675771403406,6,FIr Creation Request,201,Created,Firs Test single user 1-1,text,true,,463,10422,1,1,http://localhost:3002/fir,6,0,0
1675771403420,7,FIr Creation Request,201,Created,Firs Test single user 1-1,text,true,,463,10422,1,1,http://localhost:3002/fir,7,0,1
1675771403428,6,FIr Creation Request,201,Created,Firs Test single user 1-1,text,true,,463,10422,1,1,http://localhost:3002/fir,6,0,1
1675771403436,6,FIr Creation Request,201,Created,Firs Test single user 1-1,text,true,,463,10422,1,1,http://localhost:3002/fir,6,0,0
1675771403443,7,FIr Creation Request,201,Created,Firs Test single user 1-1,text,true,,463,10422,1,1,http://localhost:3002/fir,7,0,1
1675771403451,7,FIr Creation Request,201,Created,Firs Test single user 1-1,text,true,,463,10422,1,1,http://localhost:3002/fir,7,0,0
1675771403459,7,FIr Creation Request,201,Created,Firs Test single user 1-1,text,true,,463,10422,1,1,http://localhost:3002/fir,7,0,1
1675771403467,7,FIr Creation Request,201,Created,Firs Test single user 1-1,text,true,,463,10422,1,1,http://localhost:3002/fir,7,0,0
1675771403475,8,FIr Creation Request,201,Created,Firs Test single user 1-1,text,true,,463,10422,1,1,http://localhost:3002/fir,8,0,1
1675771403484,7,FIr Creation Request,201,Created,Firs Test single user 1-1,text,true,,463,10422,1,1,http://localhost:3002/fir,7,0,0
1675771403493,7,FIr Creation Request,201,Created,Firs Test single user 1-1,text,true,,463,10422,1,1,http://localhost:3002/fir,7,0,0
1675771403501,7,FIr Creation Request,201,Created,Firs Test single user 1-1,text,true,,463,10422,1,1,http://localhost:3002/fir,7,0,0
1675771403509,7,FIr Creation Request,201,Created,Firs Test single user 1-1,text,true,,463,10422,1,1,http://localhost:3002/fir,7,0,0
1675771403518,7,FIr Creation Request,201,Created,Firs Test single user 1-1,text,true,,463,10422,1,1,http://localhost:3002/fir,7,0,0
1675771403526,7,FIr Creation Request,201,Created,Firs Test single user 1-1,text,true,,463,10422,1,1,http://localhost:3002/fir,7,0,0
1675771403534,8,FIr Creation Request,201,Created,Firs Test single user 1-1,text,true,,463,10422,1,1,http://localhost:3002/fir,8,0,0
1675771403543,6,FIr Creation Request,201,Created,Firs Test single user 1-1,text,true,,463,10422,1,1,http://localhost:3002/fir,6,0,0
1675771403550,212,FIr Creation Request,201,Created,Firs Test single user 1-1,text,true,,463,10422,1,1,http://localhost:3002/fir,212,0,0
1675771403764,8,FIr Creation Request,201,Created,Firs Test single user 1-1,text,true,,463,10422,1,1,http://localhost:3002/fir,8,0,0
1675771403774,7,FIr Creation Request,201,Created,Firs Test single user 1-1,text,true,,463,10422,1,1,http://localhost:3002/fir,7,0,0
1675771403783,7,FIr Creation Request,201,Created,Firs Test single user 1-1,text,true,,463,10422,1,1,http://localhost:3002/fir,7,0,0
1675771403791,7,FIr Creation Request,201,Created,Firs Test single user 1-1,text,true,,463,10422,1,1,http://localhost:3002/fir,7,0,0
1675771403799,8,FIr Creation Request,201,Created,Firs Test single user 1-1,text,true,,463,10422,1,1,http://localhost:3002/fir,8,0,0
1675771403808,6,FIr Creation Request,201,Created,Firs Test single user 1-1,text,true,,463,10422,1,1,http://localhost:3002/fir,6,0,0
1675771403816,6,FIr Creation Request,201,Created,Firs Test single user 1-1,text,true,,463,10422,1,1,http://localhost:3002/fir,6,0,0
1675771403824,8,FIr Creation Request,201,Created,Firs Test single user 1-1,text,true,,463,10422,1,1,http://localhost:3002/fir,8,0,0
1675771403834,7,FIr Creation Request,201,Created,Firs Test single user 1-1,text,true,,463,10422,1,1,http://localhost:3002/fir,7,0,0
1675771403842,6,FIr Creation Request,201,Created,Firs Test single user 1-1,text,true,,463,10422,1,1,http://localhost:3002/fir,6,0,0
1675771403849,9,FIr Creation Request,201,Created,Firs Test single user 1-1,text,true,,463,10422,1,1,http://localhost:3002/fir,9,0,0
1675771403860,8,FIr Creation Request,201,Created,Firs Test single user 1-1,text,true,,463,10422,1,1,http://localhost:3002/fir,8,0,0
1675771403869,6,FIr Creation Request,201,Created,Firs Test single user 1-1,text,true,,463,10422,1,1,http://localhost:3002/fir,6,0,0
1675771403877,7,FIr Creation Request,201,Created,Firs Test single user 1-1,text,true,,463,10422,1,1,http://localhost:3002/fir,7,0,0
1675771403885,6,FIr Creation Request,201,Created,Firs Test single user 1-1,text,true,,463,10422,1,1,http://localhost:3002/fir,6,0,0
1675771403893,9,FIr Creation Request,201,Created,Firs Test single user 1-1,text,true,,463,10422,1,1,http://localhost:3002/fir,9,0,0
1675771403903,7,FIr Creation Request,201,Created,Firs Test single user 1-1,text,true,,463,10422,1,1,http://localhost:3002/fir,7,0,0
1675771403911,7,FIr Creation Request,201,Created,Firs Test single user 1-1,text,true,,463,10422,1,1,http://localhost:3002/fir,7,0,0
1675771403920,6,FIr Creation Request,201,Created,Firs Test single user 1-1,text,true,,463,10422,1,1,http://localhost:3002/fir,6,0,0
1675771403930,8,FIr Creation Request,201,Created,Firs Test single user 1-1,text,true,,463,10422,1,1,http://localhost:3002/fir,8,0,0
1675771403940,6,FIr Creation Request,201,Created,Firs Test single user 1-1,text,true,,463,10422,1,1,http://localhost:3002/fir,6,0,0
1675771403947,8,FIr Creation Request,201,Created,Firs Test single user 1-1,text,true,,463,10422,1,1,http://localhost:3002/fir,8,0,0
1675771403956,7,FIr Creation Request,201,Created,Firs Test single user 1-1,text,true,,463,10422,1,1,http://localhost:3002/fir,7,0,0
1675771403964,7,FIr Creation Request,201,Created,Firs Test single user 1-1,text,true,,463,10422,1,1,http://localhost:3002/fir,7,0,1
1675771403972,7,FIr Creation Request,201,Created,Firs Test single user 1-1,text,true,,463,10422,1,1,http://localhost:3002/fir,7,0,1
1675771403980,8,FIr Creation Request,201,Created,Firs Test single user 1-1,text,true,,463,10422,1,1,http://localhost:3002/fir,8,0,1
1675771403989,7,FIr Creation Request,201,Created,Firs Test single user 1-1,text,true,,463,10422,1,1,http://localhost:3002/fir,7,0,0
1675771403997,8,FIr Creation Request,201,Created,Firs Test single user 1-1,text,true,,463,10422,1,1,http://localhost:3002/fir,8,0,1
1675771404006,7,FIr Creation Request,201,Created,Firs Test single user 1-1,text,true,,463,10422,1,1,http://localhost:3002/fir,7,0,0
1675771404015,6,FIr Creation Request,201,Created,Firs Test single user 1-1,text,true,,463,10422,1,1,http://localhost:3002/fir,6,0,0
1675771404023,7,FIr Creation Request,201,Created,Firs Test single user 1-1,text,true,,463,10422,1,1,http://localhost:3002/fir,7,0,0
1675771404031,7,FIr Creation Request,201,Created,Firs Test single user 1-1,text,true,,463,10422,1,1,http://localhost:3002/fir,7,0,0
1675771404039,8,FIr Creation Request,201,Created,Firs Test single user 1-1,text,true,,463,10422,1,1,http://localhost:3002/fir,8,0,0
1675771404048,7,FIr Creation Request,201,Created,Firs Test single user 1-1,text,true,,463,10422,1,1,http://localhost:3002/fir,7,0,0
1675771404056,7,FIr Creation Request,201,Created,Firs Test single user 1-1,text,true,,463,10422,1,1,http://localhost:3002/fir,7,0,0
1675771404065,6,FIr Creation Request,201,Created,Firs Test single user 1-1,text,true,,463,10422,1,1,http://localhost:3002/fir,6,0,0
1675771404072,9,FIr Creation Request,201,Created,Firs Test single user 1-1,text,true,,463,10422,1,1,http://localhost:3002/fir,9,0,1
1675771404082,6,FIr Creation Request,201,Created,Firs Test single user 1-1,text,true,,463,10422,1,1,http://localhost:3002/fir,6,0,0
1675771404090,7,FIr Creation Request,201,Created,Firs Test single user 1-1,text,true,,463,10422,1,1,http://localhost:3002/fir,7,0,0
1675771404098,7,FIr Creation Request,201,Created,Firs Test single user 1-1,text,true,,463,10422,1,1,http://localhost:3002/fir,7,0,0
1675771404106,7,FIr Creation Request,201,Created,Firs Test single user 1-1,text,true,,463,10422,1,1,http://localhost:3002/fir,7,0,0
1675771404114,7,FIr Creation Request,201,Created,Firs Test single user 1-1,text,true,,463,10422,1,1,http://localhost:3002/fir,7,0,0
1675771404123,7,FIr Creation Request,201,Created,Firs Test single user 1-1,text,true,,463,10422,1,1,http://localhost:3002/fir,7,0,0
1675771404131,8,FIr Creation Request,201,Created,Firs Test single user 1-1,text,true,,463,10422,1,1,http://localhost:3002/fir,8,0,0
1675771404140,6,FIr Creation Request,201,Created,Firs Test single user 1-1,text,true,,463,10422,1,1,http://localhost:3002/fir,6,0,0
1675771404148,6,FIr Creation Request,201,Created,Firs Test single user 1-1,text,true,,463,10422,1,1,http://localhost:3002/fir,6,0,0
1675771404155,7,FIr Creation Request,201,Created,Firs Test single user 1-1,text,true,,463,10422,1,1,http://localhost:3002/fir,7,0,1
1675771404164,6,FIr Creation Request,201,Created,Firs Test single user 1-1,text,true,,463,10422,1,1,http://localhost:3002/fir,6,0,0
1675771404171,7,FIr Creation Request,201,Created,Firs Test single user 1-1,text,true,,463,10422,1,1,http://localhost:3002/fir,7,0,1
1675771404179,8,FIr Creation Request,201,Created,Firs Test single user 1-1,text,true,,463,10422,1,1,http://localhost:3002/fir,8,0,0
1675771404188,9,FIr Creation Request,201,Created,Firs Test single user 1-1,text,true,,463,10422,1,1,http://localhost:3002/fir,9,0,0
1675771404198,7,FIr Creation Request,201,Created,Firs Test single user 1-1,text,true,,463,10422,1,1,http://localhost:3002/fir,7,0,0
1675771404206,8,FIr Creation Request,201,Created,Firs Test single user 1-1,text,true,,463,10422,1,1,http://localhost:3002/fir,8,0,1
1675771404215,6,FIr Creation Request,201,Created,Firs Test single user 1-1,text,true,,463,10422,1,1,http://localhost:3002/fir,6,0,0
1675771404223,7,FIr Creation Request,201,Created,Firs Test single user 1-1,text,true,,463,10422,1,1,http://localhost:3002/fir,7,0,0
1675771404231,8,FIr Creation Request,201,Created,Firs Test single user 1-1,text,true,,463,10422,1,1,http://localhost:3002/fir,8,0,1
1675771404240,6,FIr Creation Request,201,Created,Firs Test single user 1-1,text,true,,463,10422,1,1,http://localhost:3002/fir,6,0,0
1675771404253,10,FIr Creation Request,201,Created,Firs Test single user 1-1,text,true,,463,10422,1,1,http://localhost:3002/fir,10,0,1
1675771404264,8,FIr Creation Request,201,Created,Firs Test single user 1-1,text,true,,463,10422,1,1,http://localhost:3002/fir,8,0,1
1675771404273,6,FIr Creation Request,201,Created,Firs Test single user 1-1,text,true,,463,10422,1,1,http://localhost:3002/fir,6,0,0
1675771404280,9,FIr Creation Request,201,Created,Firs Test single user 1-1,text,true,,463,10422,1,1,http://localhost:3002/fir,9,0,1
1675771404290,7,FIr Creation Request,201,Created,Firs Test single user 1-1,text,true,,463,10422,1,1,http://localhost:3002/fir,7,0,0
1675771404298,8,FIr Creation Request,201,Created,Firs Test single user 1-1,text,true,,463,10422,1,1,http://localhost:3002/fir,8,0,0
1675771404307,6,FIr Creation Request,201,Created,Firs Test single user 1-1,text,true,,463,10422,1,1,http://localhost:3002/fir,6,0,0
1675771404315,7,FIr Creation Request,201,Created,Firs Test single user 1-1,text,true,,463,10422,1,1,http://localhost:3002/fir,7,0,0
1675771404324,6,FIr Creation Request,201,Created,Firs Test single user 1-1,text,true,,463,10422,1,1,http://localhost:3002/fir,6,0,0
1675771404331,9,FIr Creation Request,201,Created,Firs Test single user 1-1,text,true,,463,10422,1,1,http://localhost:3002/fir,9,0,0
1675771404341,7,FIr Creation Request,201,Created,Firs Test single user 1-1,text,true,,463,10422,1,1,http://localhost:3002/fir,7,0,0
1675771404349,7,FIr Creation Request,201,Created,Firs Test single user 1-1,text,true,,463,10422,1,1,http://localhost:3002/fir,7,0,1
1675771404357,6,FIr Creation Request,201,Created,Firs Test single user 1-1,text,true,,463,10422,1,1,http://localhost:3002/fir,6,0,0
1675771404365,7,FIr Creation Request,201,Created,Firs Test single user 1-1,text,true,,463,10422,1,1,http://localhost:3002/fir,7,0,0
1675771404373,7,FIr Creation Request,201,Created,Firs Test single user 1-1,text,true,,463,10422,1,1,http://localhost:3002/fir,7,0,1
1675771404381,7,FIr Creation Request,201,Created,Firs Test single user 1-1,text,true,,463,10422,1,1,http://localhost:3002/fir,7,0,1
1675771404389,8,FIr Creation Request,201,Created,Firs Test single user 1-1,text,true,,463,10422,1,1,http://localhost:3002/fir,8,0,1
1675771404398,7,FIr Creation Request,201,Created,Firs Test single user 1-1,text,true,,463,10422,1,1,http://localhost:3002/fir,7,0,0
1675771404406,7,FIr Creation Request,201,Created,Firs Test single user 1-1,text,true,,463,10422,1,1,http://localhost:3002/fir,7,0,0
1675771404415,7,FIr Creation Request,201,Created,Firs Test single user 1-1,text,true,,463,10422,1,1,http://localhost:3002/fir,7,0,0
1675771404423,8,FIr Creation Request,201,Created,Firs Test single user 1-1,text,true,,463,10422,1,1,http://localhost:3002/fir,8,0,0
1675771404432,6,FIr Creation Request,201,Created,Firs Test single user 1-1,text,true,,463,10422,1,1,http://localhost:3002/fir,6,0,0
1675771404440,11,FIr Creation Request,201,Created,Firs Test single user 1-1,text,true,,463,10422,1,1,http://localhost:3002/fir,11,0,0
1675771404452,6,FIr Creation Request,201,Created,Firs Test single user 1-1,text,true,,463,10422,1,1,http://localhost:3002/fir,6,0,0
1675771404459,7,FIr Creation Request,201,Created,Firs Test single user 1-1,text,true,,463,10422,1,1,http://localhost:3002/fir,7,0,1
1675771404467,6,FIr Creation Request,201,Created,Firs Test single user 1-1,text,true,,463,10422,1,1,http://localhost:3002/fir,6,0,0
1675771404474,6,FIr Creation Request,201,Created,Firs Test single user 1-1,text,true,,463,10422,1,1,http://localhost:3002/fir,6,0,0
1675771404481,7,FIr Creation Request,201,Created,Firs Test single user 1-1,text,true,,463,10422,1,1,http://localhost:3002/fir,7,0,1
1675771404489,8,FIr Creation Request,201,Created,Firs Test single user 1-1,text,true,,463,10422,1,1,http://localhost:3002/fir,8,0,1
1675771404499,6,FIr Creation Request,201,Created,Firs Test single user 1-1,text,true,,463,10422,1,1,http://localhost:3002/fir,6,0,0
1675771404506,7,FIr Creation Request,201,Created,Firs Test single user 1-1,text,true,,463,10422,1,1,http://localhost:3002/fir,7,0,1
1675771404515,7,FIr Creation Request,201,Created,Firs Test single user 1-1,text,true,,463,10422,1,1,http://localhost:3002/fir,7,0,0
1675771404524,6,FIr Creation Request,201,Created,Firs Test single user 1-1,text,true,,463,10422,1,1,http://localhost:3002/fir,6,0,0
1675771404532,6,FIr Creation Request,201,Created,Firs Test single user 1-1,text,true,,463,10422,1,1,http://localhost:3002/fir,6,0,0
1675771404539,6,FIr Creation Request,201,Created,Firs Test single user 1-1,text,true,,463,10422,1,1,http://localhost:3002/fir,6,0,1
1675771404547,6,FIr Creation Request,201,Created,Firs Test single user 1-1,text,true,,463,10422,1,1,http://localhost:3002/fir,6,0,0
1675771404554,7,FIr Creation Request,201,Created,Firs Test single user 1-1,text,true,,463,10422,1,1,http://localhost:3002/fir,7,0,0
1675771404562,5,FIr Creation Request,201,Created,Firs Test single user 1-1,text,true,,463,10422,1,1,http://localhost:3002/fir,5,0,0
1675771404569,6,FIr Creation Request,201,Created,Firs Test single user 1-1,text,true,,463,10422,1,1,http://localhost:3002/fir,6,0,0
1675771404576,8,FIr Creation Request,201,Created,Firs Test single user 1-1,text,true,,463,10422,1,1,http://localhost:3002/fir,8,0,1
1675771404585,7,FIr Creation Request,201,Created,Firs Test single user 1-1,text,true,,463,10422,1,1,http://localhost:3002/fir,7,0,1
1675771404593,12,FIr Creation Request,201,Created,Firs Test single user 1-1,text,true,,463,10422,1,1,http://localhost:3002/fir,12,0,0
1675771404606,7,FIr Creation Request,201,Created,Firs Test single user 1-1,text,true,,463,10422,1,1,http://localhost:3002/fir,7,0,1
1675771404614,9,FIr Creation Request,201,Created,Firs Test single user 1-1,text,true,,463,10422,1,1,http://localhost:3002/fir,9,0,1
1675771404625,6,FIr Creation Request,201,Created,Firs Test single user 1-1,text,true,,463,10422,1,1,http://localhost:3002/fir,6,0,0
1675771404632,7,FIr Creation Request,201,Created,Firs Test single user 1-1,text,true,,463,10422,1,1,http://localhost:3002/fir,7,0,1
1675771404640,7,FIr Creation Request,201,Created,Firs Test single user 1-1,text,true,,463,10422,1,1,http://localhost:3002/fir,7,0,0
1675771404649,7,FIr Creation Request,201,Created,Firs Test single user 1-1,text,true,,463,10422,1,1,http://localhost:3002/fir,7,0,0
1675771404657,7,FIr Creation Request,201,Created,Firs Test single user 1-1,text,true,,463,10422,1,1,http://localhost:3002/fir,7,0,0
1675771404665,7,FIr Creation Request,201,Created,Firs Test single user 1-1,text,true,,463,10422,1,1,http://localhost:3002/fir,7,0,0
1675771404673,8,FIr Creation Request,201,Created,Firs Test single user 1-1,text,true,,463,10422,1,1,http://localhost:3002/fir,8,0,1
1675771404682,7,FIr Creation Request,201,Created,Firs Test single user 1-1,text,true,,463,10422,1,1,http://localhost:3002/fir,7,0,0
1675771404690,8,FIr Creation Request,201,Created,Firs Test single user 1-1,text,true,,463,10422,1,1,http://localhost:3002/fir,8,0,0
1675771404699,7,FIr Creation Request,201,Created,Firs Test single user 1-1,text,true,,463,10422,1,1,http://localhost:3002/fir,7,0,0
1675771404707,6,FIr Creation Request,201,Created,Firs Test single user 1-1,text,true,,463,10422,1,1,http://localhost:3002/fir,6,0,0
1675771404715,7,FIr Creation Request,201,Created,Firs Test single user 1-1,text,true,,463,10422,1,1,http://localhost:3002/fir,7,0,0
1675771404723,7,FIr Creation Request,201,Created,Firs Test single user 1-1,text,true,,463,10422,1,1,http://localhost:3002/fir,7,0,0
1675771404732,7,FIr Creation Request,201,Created,Firs Test single user 1-1,text,true,,463,10422,1,1,http://localhost:3002/fir,7,0,0
1675771404740,7,FIr Creation Request,201,Created,Firs Test single user 1-1,text,true,,463,10422,1,1,http://localhost:3002/fir,7,0,0
1675771404748,8,FIr Creation Request,201,Created,Firs Test single user 1-1,text,true,,463,10422,1,1,http://localhost:3002/fir,8,0,1
1675771404757,6,FIr Creation Request,201,Created,Firs Test single user 1-1,text,true,,463,10422,1,1,http://localhost:3002/fir,6,0,0
1675771404768,8,FIr Creation Request,201,Created,Firs Test single user 1-1,text,true,,463,10422,1,1,http://localhost:3002/fir,8,0,1
1675771404777,7,FIr Creation Request,201,Created,Firs Test single user 1-1,text,true,,463,10422,1,1,http://localhost:3002/fir,7,0,1
1675771404785,8,FIr Creation Request,201,Created,Firs Test single user 1-1,text,true,,463,10422,1,1,http://localhost:3002/fir,8,0,0
1675771404794,6,FIr Creation Request,201,Created,Firs Test single user 1-1,text,true,,463,10422,1,1,http://localhost:3002/fir,6,0,0
1675771404801,8,FIr Creation Request,201,Created,Firs Test single user 1-1,text,true,,463,10422,1,1,http://localhost:3002/fir,8,0,1
1675771404811,7,FIr Creation Request,201,Created,Firs Test single user 1-1,text,true,,463,10422,1,1,http://localhost:3002/fir,7,0,0
1675771404819,6,FIr Creation Request,201,Created,Firs Test single user 1-1,text,true,,463,10422,1,1,http://localhost:3002/fir,6,0,0
1675771404826,6,FIr Creation Request,201,Created,Firs Test single user 1-1,text,true,,463,10422,1,1,http://localhost:3002/fir,6,0,0
1675771404833,6,FIr Creation Request,201,Created,Firs Test single user 1-1,text,true,,463,10422,1,1,http://localhost:3002/fir,6,0,0
1675771404840,7,FIr Creation Request,201,Created,Firs Test single user 1-1,text,true,,463,10422,1,1,http://localhost:3002/fir,7,0,1
1675771404848,7,FIr Creation Request,201,Created,Firs Test single user 1-1,text,true,,463,10422,1,1,http://localhost:3002/fir,7,0,0
1675771404856,8,FIr Creation Request,201,Created,Firs Test single user 1-1,text,true,,463,10422,1,1,http://localhost:3002/fir,8,0,1
1675771404865,8,FIr Creation Request,201,Created,Firs Test single user 1-1,text,true,,463,10422,1,1,http://localhost:3002/fir,8,0,0
1675771404874,7,FIr Creation Request,201,Created,Firs Test single user 1-1,text,true,,463,10422,1,1,http://localhost:3002/fir,7,0,0
1675771404882,7,FIr Creation Request,201,Created,Firs Test single user 1-1,text,true,,463,10422,1,1,http://localhost:3002/fir,7,0,0
1675771404890,8,FIr Creation Request,201,Created,Firs Test single user 1-1,text,true,,463,10422,1,1,http://localhost:3002/fir,8,0,0
1675771404899,11,FIr Creation Request,201,Created,Firs Test single user 1-1,text,true,,463,10422,1,1,http://localhost:3002/fir,11,0,0
1675771404911,778,FIr Creation Request,201,Created,Firs Test single user 1-1,text,true,,463,10422,1,1,http://localhost:3002/fir,778,0,0
1675771405692,31,FIr Creation Request,201,Created,Firs Test single user 1-1,text,true,,463,10422,1,1,http://localhost:3002/fir,31,0,0
1675771405725,6,FIr Creation Request,201,Created,Firs Test single user 1-1,text,true,,463,10422,1,1,http://localhost:3002/fir,6,0,0
1675771405733,6,FIr Creation Request,201,Created,Firs Test single user 1-1,text,true,,463,10422,1,1,http://localhost:3002/fir,6,0,0
1675771405740,7,FIr Creation Request,201,Created,Firs Test single user 1-1,text,true,,463,10422,1,1,http://localhost:3002/fir,7,0,0
1675771405748,6,FIr Creation Request,201,Created,Firs Test single user 1-1,text,true,,463,10422,1,1,http://localhost:3002/fir,6,0,0
1675771405755,7,FIr Creation Request,201,Created,Firs Test single user 1-1,text,true,,463,10422,1,1,http://localhost:3002/fir,7,0,0
1675771405763,376,FIr Creation Request,201,Created,Firs Test single user 1-1,text,true,,463,10422,1,1,http://localhost:3002/fir,376,0,0
1675771406144,149,FIr Creation Request,201,Created,Firs Test single user 1-1,text,true,,463,10422,1,1,http://localhost:3002/fir,149,0,0
1675771406306,595,FIr Creation Request,201,Created,Firs Test single user 1-1,text,true,,463,10422,1,1,http://localhost:3002/fir,595,0,0
1675771406906,9,FIr Creation Request,201,Created,Firs Test single user 1-1,text,true,,463,10422,1,1,http://localhost:3002/fir,9,0,1
1675771406917,7,FIr Creation Request,201,Created,Firs Test single user 1-1,text,true,,463,10422,1,1,http://localhost:3002/fir,7,0,0
1675771406925,10,FIr Creation Request,201,Created,Firs Test single user 1-1,text,true,,463,10422,1,1,http://localhost:3002/fir,10,0,1
1675771406936,6,FIr Creation Request,201,Created,Firs Test single user 1-1,text,true,,463,10422,1,1,http://localhost:3002/fir,6,0,0
1675771406943,6,FIr Creation Request,201,Created,Firs Test single user 1-1,text,true,,463,10422,1,1,http://localhost:3002/fir,6,0,0
1675771406950,6,FIr Creation Request,201,Created,Firs Test single user 1-1,text,true,,463,10422,1,1,http://localhost:3002/fir,6,0,1
1675771406958,5,FIr Creation Request,201,Created,Firs Test single user 1-1,text,true,,463,10422,1,1,http://localhost:3002/fir,5,0,0
1675771406964,6,FIr Creation Request,201,Created,Firs Test single user 1-1,text,true,,463,10422,1,1,http://localhost:3002/fir,6,0,0
1675771406978,8,FIr Creation Request,201,Created,Firs Test single user 1-1,text,true,,463,10422,1,1,http://localhost:3002/fir,8,0,0
1675771406987,7,FIr Creation Request,201,Created,Firs Test single user 1-1,text,true,,463,10422,1,1,http://localhost:3002/fir,7,0,0
1675771406995,8,FIr Creation Request,201,Created,Firs Test single user 1-1,text,true,,463,10422,1,1,http://localhost:3002/fir,8,0,0
1675771407005,6,FIr Creation Request,201,Created,Firs Test single user 1-1,text,true,,463,10422,1,1,http://localhost:3002/fir,6,0,0
1675771407012,8,FIr Creation Request,201,Created,Firs Test single user 1-1,text,true,,463,10422,1,1,http://localhost:3002/fir,8,0,1
1675771407021,6,FIr Creation Request,201,Created,Firs Test single user 1-1,text,true,,463,10422,1,1,http://localhost:3002/fir,6,0,0
1675771407028,8,FIr Creation Request,201,Created,Firs Test single user 1-1,text,true,,463,10422,1,1,http://localhost:3002/fir,8,0,0
1675771407037,7,FIr Creation Request,201,Created,Firs Test single user 1-1,text,true,,463,10422,1,1,http://localhost:3002/fir,7,0,0
1675771407045,7,FIr Creation Request,201,Created,Firs Test single user 1-1,text,true,,463,10422,1,1,http://localhost:3002/fir,7,0,0
1675771407053,8,FIr Creation Request,201,Created,Firs Test single user 1-1,text,true,,463,10422,1,1,http://localhost:3002/fir,8,0,1
1675771407062,7,FIr Creation Request,201,Created,Firs Test single user 1-1,text,true,,463,10422,1,1,http://localhost:3002/fir,7,0,1
1675771407070,8,FIr Creation Request,201,Created,Firs Test single user 1-1,text,true,,463,10422,1,1,http://localhost:3002/fir,8,0,0
1675771407079,6,FIr Creation Request,201,Created,Firs Test single user 1-1,text,true,,463,10422,1,1,http://localhost:3002/fir,6,0,0
1675771407087,7,FIr Creation Request,201,Created,Firs Test single user 1-1,text,true,,463,10422,1,1,http://localhost:3002/fir,7,0,0
1675771407096,6,FIr Creation Request,201,Created,Firs Test single user 1-1,text,true,,463,10422,1,1,http://localhost:3002/fir,6,0,0
1675771407103,8,FIr Creation Request,201,Created,Firs Test single user 1-1,text,true,,463,10422,1,1,http://localhost:3002/fir,8,0,1
1675771407112,7,FIr Creation Request,201,Created,Firs Test single user 1-1,text,true,,463,10422,1,1,http://localhost:3002/fir,7,0,0
1675771407120,8,FIr Creation Request,201,Created,Firs Test single user 1-1,text,true,,463,10422,1,1,http://localhost:3002/fir,8,0,0
1675771407129,7,FIr Creation Request,201,Created,Firs Test single user 1-1,text,true,,463,10422,1,1,http://localhost:3002/fir,7,0,0
1675771407137,8,FIr Creation Request,201,Created,Firs Test single user 1-1,text,true,,463,10422,1,1,http://localhost:3002/fir,8,0,0
1675771407146,7,FIr Creation Request,201,Created,Firs Test single user 1-1,text,true,,463,10422,1,1,http://localhost:3002/fir,7,0,0
1675771407154,7,FIr Creation Request,201,Created,Firs Test single user 1-1,text,true,,463,10422,1,1,http://localhost:3002/fir,7,0,0
1675771407162,8,FIr Creation Request,201,Created,Firs Test single user 1-1,text,true,,463,10422,1,1,http://localhost:3002/fir,8,0,0
1675771407171,6,FIr Creation Request,201,Created,Firs Test single user 1-1,text,true,,463,10422,1,1,http://localhost:3002/fir,6,0,0
1675771407178,8,FIr Creation Request,201,Created,Firs Test single user 1-1,text,true,,463,10422,1,1,http://localhost:3002/fir,8,0,1
1675771407187,7,FIr Creation Request,201,Created,Firs Test single user 1-1,text,true,,463,10422,1,1,http://localhost:3002/fir,7,0,0
1675771407195,8,FIr Creation Request,201,Created,Firs Test single user 1-1,text,true,,463,10422,1,1,http://localhost:3002/fir,8,0,1
1675771407204,7,FIr Creation Request,201,Created,Firs Test single user 1-1,text,true,,463,10422,1,1,http://localhost:3002/fir,7,0,1
1675771407212,8,FIr Creation Request,201,Created,Firs Test single user 1-1,text,true,,463,10422,1,1,http://localhost:3002/fir,8,0,0
1675771407221,7,FIr Creation Request,201,Created,Firs Test single user 1-1,text,true,,463,10422,1,1,http://localhost:3002/fir,7,0,0
1675771407229,7,FIr Creation Request,201,Created,Firs Test single user 1-1,text,true,,463,10422,1,1,http://localhost:3002/fir,7,0,0
1675771407237,7,FIr Creation Request,201,Created,Firs Test single user 1-1,text,true,,463,10422,1,1,http://localhost:3002/fir,7,0,0
1675771407245,8,FIr Creation Request,201,Created,Firs Test single user 1-1,text,true,,463,10422,1,1,http://localhost:3002/fir,8,0,1
1675771407254,7,FIr Creation Request,201,Created,Firs Test single user 1-1,text,true,,463,10422,1,1,http://localhost:3002/fir,7,0,1
1675771407262,7,FIr Creation Request,201,Created,Firs Test single user 1-1,text,true,,463,10422,1,1,http://localhost:3002/fir,7,0,0
1675771407270,8,FIr Creation Request,201,Created,Firs Test single user 1-1,text,true,,463,10422,1,1,http://localhost:3002/fir,8,0,1
1675771407279,7,FIr Creation Request,201,Created,Firs Test single user 1-1,text,true,,463,10422,1,1,http://localhost:3002/fir,7,0,0
1675771407287,7,FIr Creation Request,201,Created,Firs Test single user 1-1,text,true,,463,10422,1,1,http://localhost:3002/fir,7,0,0
1675771407296,7,FIr Creation Request,201,Created,Firs Test single user 1-1,text,true,,463,10422,1,1,http://localhost:3002/fir,7,0,0
1675771407304,9,FIr Creation Request,201,Created,Firs Test single user 1-1,text,true,,463,10422,1,1,http://localhost:3002/fir,9,0,0
1675771407320,8,FIr Creation Request,201,Created,Firs Test single user 1-1,text,true,,463,10422,1,1,http://localhost:3002/fir,8,0,0
1675771407329,8,FIr Creation Request,201,Created,Firs Test single user 1-1,text,true,,463,10422,1,1,http://localhost:3002/fir,8,0,1
1675771407338,7,FIr Creation Request,201,Created,Firs Test single user 1-1,text,true,,463,10422,1,1,http://localhost:3002/fir,7,0,0
1675771407346,7,FIr Creation Request,201,Created,Firs Test single user 1-1,text,true,,463,10422,1,1,http://localhost:3002/fir,7,0,0
1675771407354,8,FIr Creation Request,201,Created,Firs Test single user 1-1,text,true,,463,10422,1,1,http://localhost:3002/fir,8,0,0
1675771407363,7,FIr Creation Request,201,Created,Firs Test single user 1-1,text,true,,463,10422,1,1,http://localhost:3002/fir,7,0,0
1675771407371,6,FIr Creation Request,201,Created,Firs Test single user 1-1,text,true,,463,10422,1,1,http://localhost:3002/fir,6,0,0
1675771407379,7,FIr Creation Request,201,Created,Firs Test single user 1-1,text,true,,463,10422,1,1,http://localhost:3002/fir,7,0,0
1675771407388,7,FIr Creation Request,201,Created,Firs Test single user 1-1,text,true,,463,10422,1,1,http://localhost:3002/fir,7,0,0
1675771407396,7,FIr Creation Request,201,Created,Firs Test single user 1-1,text,true,,463,10422,1,1,http://localhost:3002/fir,7,0,0
1675771407404,6,FIr Creation Request,201,Created,Firs Test single user 1-1,text,true,,463,10422,1,1,http://localhost:3002/fir,6,0,0
1675771407411,7,FIr Creation Request,201,Created,Firs Test single user 1-1,text,true,,463,10422,1,1,http://localhost:3002/fir,7,0,0
1675771407420,6,FIr Creation Request,201,Created,Firs Test single user 1-1,text,true,,463,10422,1,1,http://localhost:3002/fir,6,0,0
1675771407427,7,FIr Creation Request,201,Created,Firs Test single user 1-1,text,true,,463,10422,1,1,http://localhost:3002/fir,7,0,1
1675771407435,6,FIr Creation Request,201,Created,Firs Test single user 1-1,text,true,,463,10422,1,1,http://localhost:3002/fir,6,0,0
1675771407442,6,FIr Creation Request,201,Created,Firs Test single user 1-1,text,true,,463,10422,1,1,http://localhost:3002/fir,6,0,0
1675771407449,178,FIr Creation Request,201,Created,Firs Test single user 1-1,text,true,,463,10422,1,1,http://localhost:3002/fir,178,0,1
1675771407631,102,FIr Creation Request,201,Created,Firs Test single user 1-1,text,true,,463,10422,1,1,http://localhost:3002/fir,102,0,0
1675771407736,8,FIr Creation Request,201,Created,Firs Test single user 1-1,text,true,,463,10422,1,1,http://localhost:3002/fir,8,0,0
1675771407745,8,FIr Creation Request,201,Created,Firs Test single user 1-1,text,true,,463,10422,1,1,http://localhost:3002/fir,8,0,0
1675771407754,8,FIr Creation Request,201,Created,Firs Test single user 1-1,text,true,,463,10422,1,1,http://localhost:3002/fir,8,0,0
1675771407763,6,FIr Creation Request,201,Created,Firs Test single user 1-1,text,true,,463,10422,1,1,http://localhost:3002/fir,6,0,0
1675771407770,8,FIr Creation Request,201,Created,Firs Test single user 1-1,text,true,,463,10422,1,1,http://localhost:3002/fir,8,0,1
1675771407780,6,FIr Creation Request,201,Created,Firs Test single user 1-1,text,true,,463,10422,1,1,http://localhost:3002/fir,6,0,0
1675771407787,9,FIr Creation Request,201,Created,Firs Test single user 1-1,text,true,,463,10422,1,1,http://localhost:3002/fir,9,0,1
1675771407797,6,FIr Creation Request,201,Created,Firs Test single user 1-1,text,true,,463,10422,1,1,http://localhost:3002/fir,6,0,0
1675771407804,7,FIr Creation Request,201,Created,Firs Test single user 1-1,text,true,,463,10422,1,1,http://localhost:3002/fir,7,0,1
1675771407813,7,FIr Creation Request,201,Created,Firs Test single user 1-1,text,true,,463,10422,1,1,http://localhost:3002/fir,7,0,0
1675771407821,265,FIr Creation Request,201,Created,Firs Test single user 1-1,text,true,,463,10422,1,1,http://localhost:3002/fir,265,0,1
1675771408091,13,FIr Creation Request,201,Created,Firs Test single user 1-1,text,true,,463,10422,1,1,http://localhost:3002/fir,13,0,0
1675771408105,8,FIr Creation Request,201,Created,Firs Test single user 1-1,text,true,,463,10422,1,1,http://localhost:3002/fir,8,0,0
1675771408114,10,FIr Creation Request,201,Created,Firs Test single user 1-1,text,true,,463,10422,1,1,http://localhost:3002/fir,10,0,1
1675771408125,8,FIr Creation Request,201,Created,Firs Test single user 1-1,text,true,,463,10422,1,1,http://localhost:3002/fir,8,0,0
1675771408134,7,FIr Creation Request,201,Created,Firs Test single user 1-1,text,true,,463,10422,1,1,http://localhost:3002/fir,7,0,0
1675771408142,8,FIr Creation Request,201,Created,Firs Test single user 1-1,text,true,,463,10422,1,1,http://localhost:3002/fir,8,0,1
1675771408151,10,FIr Creation Request,201,Created,Firs Test single user 1-1,text,true,,463,10422,1,1,http://localhost:3002/fir,10,0,1
1675771408162,7,FIr Creation Request,201,Created,Firs Test single user 1-1,text,true,,463,10422,1,1,http://localhost:3002/fir,7,0,0
1675771408170,7,FIr Creation Request,201,Created,Firs Test single user 1-1,text,true,,463,10422,1,1,http://localhost:3002/fir,7,0,1
1675771408178,7,FIr Creation Request,201,Created,Firs Test single user 1-1,text,true,,463,10422,1,1,http://localhost:3002/fir,7,0,0
1675771408186,7,FIr Creation Request,201,Created,Firs Test single user 1-1,text,true,,463,10422,1,1,http://localhost:3002/fir,7,0,0
1675771408195,6,FIr Creation Request,201,Created,Firs Test single user 1-1,text,true,,463,10422,1,1,http://localhost:3002/fir,6,0,0
1675771408202,8,FIr Creation Request,201,Created,Firs Test single user 1-1,text,true,,463,10422,1,1,http://localhost:3002/fir,8,0,0
1675771408212,6,FIr Creation Request,201,Created,Firs Test single user 1-1,text,true,,463,10422,1,1,http://localhost:3002/fir,6,0,0
1675771408219,6,FIr Creation Request,201,Created,Firs Test single user 1-1,text,true,,463,10422,1,1,http://localhost:3002/fir,6,0,0
1675771408226,6,FIr Creation Request,201,Created,Firs Test single user 1-1,text,true,,463,10422,1,1,http://localhost:3002/fir,6,0,0
1675771408234,7,FIr Creation Request,201,Created,Firs Test single user 1-1,text,true,,463,10422,1,1,http://localhost:3002/fir,7,0,0
1675771408242,7,FIr Creation Request,201,Created,Firs Test single user 1-1,text,true,,463,10422,1,1,http://localhost:3002/fir,7,0,0
1675771408250,7,FIr Creation Request,201,Created,Firs Test single user 1-1,text,true,,463,10422,1,1,http://localhost:3002/fir,7,0,0
1675771408258,6,FIr Creation Request,201,Created,Firs Test single user 1-1,text,true,,463,10422,1,1,http://localhost:3002/fir,6,0,0
1675771408265,7,FIr Creation Request,201,Created,Firs Test single user 1-1,text,true,,463,10422,1,1,http://localhost:3002/fir,7,0,0
1675771408274,7,FIr Creation Request,201,Created,Firs Test single user 1-1,text,true,,463,10422,1,1,http://localhost:3002/fir,7,0,0
1675771408282,7,FIr Creation Request,201,Created,Firs Test single user 1-1,text,true,,463,10422,1,1,http://localhost:3002/fir,7,0,0
1675771408290,7,FIr Creation Request,201,Created,Firs Test single user 1-1,text,true,,463,10422,1,1,http://localhost:3002/fir,7,0,0
1675771408299,6,FIr Creation Request,201,Created,Firs Test single user 1-1,text,true,,463,10422,1,1,http://localhost:3002/fir,6,0,0
1675771408307,7,FIr Creation Request,201,Created,Firs Test single user 1-1,text,true,,463,10422,1,1,http://localhost:3002/fir,7,0,0
1675771408315,7,FIr Creation Request,201,Created,Firs Test single user 1-1,text,true,,463,10422,1,1,http://localhost:3002/fir,7,0,0
1675771408324,6,FIr Creation Request,201,Created,Firs Test single user 1-1,text,true,,463,10422,1,1,http://localhost:3002/fir,6,0,0
1675771408332,7,FIr Creation Request,201,Created,Firs Test single user 1-1,text,true,,463,10422,1,1,http://localhost:3002/fir,7,0,0
1675771408340,8,FIr Creation Request,201,Created,Firs Test single user 1-1,text,true,,463,10422,1,1,http://localhost:3002/fir,8,0,1
1675771408349,6,FIr Creation Request,201,Created,Firs Test single user 1-1,text,true,,463,10422,1,1,http://localhost:3002/fir,6,0,0
1675771408356,9,FIr Creation Request,201,Created,Firs Test single user 1-1,text,true,,463,10422,1,1,http://localhost:3002/fir,9,0,1
1675771408366,7,FIr Creation Request,201,Created,Firs Test single user 1-1,text,true,,463,10422,1,1,http://localhost:3002/fir,7,0,0
1675771408374,6,FIr Creation Request,201,Created,Firs Test single user 1-1,text,true,,463,10422,1,1,http://localhost:3002/fir,6,0,0
1675771408382,7,FIr Creation Request,201,Created,Firs Test single user 1-1,text,true,,463,10422,1,1,http://localhost:3002/fir,7,0,0
1675771408390,7,FIr Creation Request,201,Created,Firs Test single user 1-1,text,true,,463,10422,1,1,http://localhost:3002/fir,7,0,0
1675771408399,7,FIr Creation Request,201,Created,Firs Test single user 1-1,text,true,,463,10422,1,1,http://localhost:3002/fir,7,0,0
1675771408407,7,FIr Creation Request,201,Created,Firs Test single user 1-1,text,true,,463,10422,1,1,http://localhost:3002/fir,7,0,0
1675771408416,6,FIr Creation Request,201,Created,Firs Test single user 1-1,text,true,,463,10422,1,1,http://localhost:3002/fir,6,0,0
1675771408424,7,FIr Creation Request,201,Created,Firs Test single user 1-1,text,true,,463,10422,1,1,http://localhost:3002/fir,7,0,0
1675771408432,7,FIr Creation Request,201,Created,Firs Test single user 1-1,text,true,,463,10422,1,1,http://localhost:3002/fir,7,0,0
1675771408440,7,FIr Creation Request,201,Created,Firs Test single user 1-1,text,true,,463,10422,1,1,http://localhost:3002/fir,7,0,0
1675771408449,8,FIr Creation Request,201,Created,Firs Test single user 1-1,text,true,,463,10422,1,1,http://localhost:3002/fir,8,0,0
1675771408458,6,FIr Creation Request,201,Created,Firs Test single user 1-1,text,true,,463,10422,1,1,http://localhost:3002/fir,6,0,0
1675771408465,7,FIr Creation Request,201,Created,Firs Test single user 1-1,text,true,,463,10422,1,1,http://localhost:3002/fir,7,0,0
1675771408474,7,FIr Creation Request,201,Created,Firs Test single user 1-1,text,true,,463,10422,1,1,http://localhost:3002/fir,7,0,0
1675771408482,7,FIr Creation Request,201,Created,Firs Test single user 1-1,text,true,,463,10422,1,1,http://localhost:3002/fir,7,0,0
1675771408490,8,FIr Creation Request,201,Created,Firs Test single user 1-1,text,true,,463,10422,1,1,http://localhost:3002/fir,8,0,1
1675771408499,6,FIr Creation Request,201,Created,Firs Test single user 1-1,text,true,,463,10422,1,1,http://localhost:3002/fir,6,0,0
1675771408511,9,FIr Creation Request,201,Created,Firs Test single user 1-1,text,true,,463,10422,1,1,http://localhost:3002/fir,9,0,0
1675771408521,7,FIr Creation Request,201,Created,Firs Test single user 1-1,text,true,,463,10422,1,1,http://localhost:3002/fir,7,0,0
1675771408529,11,FIr Creation Request,201,Created,Firs Test single user 1-1,text,true,,463,10422,1,1,http://localhost:3002/fir,11,0,0
1675771408542,31,FIr Creation Request,201,Created,Firs Test single user 1-1,text,true,,463,10422,1,1,http://localhost:3002/fir,31,0,0
1675771408574,7,FIr Creation Request,201,Created,Firs Test single user 1-1,text,true,,463,10422,1,1,http://localhost:3002/fir,7,0,0
1675771408582,11,FIr Creation Request,201,Created,Firs Test single user 1-1,text,true,,463,10422,1,1,http://localhost:3002/fir,11,0,0
1675771408594,9,FIr Creation Request,201,Created,Firs Test single user 1-1,text,true,,463,10422,1,1,http://localhost:3002/fir,9,0,0
1675771408604,7,FIr Creation Request,201,Created,Firs Test single user 1-1,text,true,,463,10422,1,1,http://localhost:3002/fir,7,0,0
1675771408612,7,FIr Creation Request,201,Created,Firs Test single user 1-1,text,true,,463,10422,1,1,http://localhost:3002/fir,7,0,0
1675771408620,7,FIr Creation Request,201,Created,Firs Test single user 1-1,text,true,,463,10422,1,1,http://localhost:3002/fir,7,0,1
1675771408628,8,FIr Creation Request,201,Created,Firs Test single user 1-1,text,true,,463,10422,1,1,http://localhost:3002/fir,7,0,1
1675771408637,7,FIr Creation Request,201,Created,Firs Test single user 1-1,text,true,,463,10422,1,1,http://localhost:3002/fir,7,0,0
1675771408645,7,FIr Creation Request,201,Created,Firs Test single user 1-1,text,true,,463,10422,1,1,http://localhost:3002/fir,7,0,0
1675771408654,7,FIr Creation Request,201,Created,Firs Test single user 1-1,text,true,,463,10422,1,1,http://localhost:3002/fir,7,0,0
1675771408662,8,FIr Creation Request,201,Created,Firs Test single user 1-1,text,true,,463,10422,1,1,http://localhost:3002/fir,8,0,0
1675771408671,6,FIr Creation Request,201,Created,Firs Test single user 1-1,text,true,,463,10422,1,1,http://localhost:3002/fir,6,0,0
1675771408679,7,FIr Creation Request,201,Created,Firs Test single user 1-1,text,true,,463,10422,1,1,http://localhost:3002/fir,7,0,0
1675771408687,7,FIr Creation Request,201,Created,Firs Test single user 1-1,text,true,,463,10422,1,1,http://localhost:3002/fir,7,0,0
1675771408695,7,FIr Creation Request,201,Created,Firs Test single user 1-1,text,true,,463,10422,1,1,http://localhost:3002/fir,7,0,0
1675771408704,7,FIr Creation Request,201,Created,Firs Test single user 1-1,text,true,,463,10422,1,1,http://localhost:3002/fir,6,0,0
1675771408712,7,FIr Creation Request,201,Created,Firs Test single user 1-1,text,true,,463,10422,1,1,http://localhost:3002/fir,7,0,0
1675771408720,8,FIr Creation Request,201,Created,Firs Test single user 1-1,text,true,,463,10422,1,1,http://localhost:3002/fir,8,0,0
1675771408729,8,FIr Creation Request,201,Created,Firs Test single user 1-1,text,true,,463,10422,1,1,http://localhost:3002/fir,8,0,0
1675771408738,6,FIr Creation Request,201,Created,Firs Test single user 1-1,text,true,,463,10422,1,1,http://localhost:3002/fir,6,0,0
1675771408745,8,FIr Creation Request,201,Created,Firs Test single user 1-1,text,true,,463,10422,1,1,http://localhost:3002/fir,8,0,1
1675771408754,7,FIr Creation Request,201,Created,Firs Test single user 1-1,text,true,,463,10422,1,1,http://localhost:3002/fir,7,0,0
1675771408762,7,FIr Creation Request,201,Created,Firs Test single user 1-1,text,true,,463,10422,1,1,http://localhost:3002/fir,7,0,0
1675771408770,7,FIr Creation Request,201,Created,Firs Test single user 1-1,text,true,,463,10422,1,1,http://localhost:3002/fir,7,0,1
1675771408779,7,FIr Creation Request,201,Created,Firs Test single user 1-1,text,true,,463,10422,1,1,http://localhost:3002/fir,7,0,0
1675771408787,7,FIr Creation Request,201,Created,Firs Test single user 1-1,text,true,,463,10422,1,1,http://localhost:3002/fir,7,0,1
1675771408796,8,FIr Creation Request,201,Created,Firs Test single user 1-1,text,true,,463,10422,1,1,http://localhost:3002/fir,8,0,0
1675771408805,9,FIr Creation Request,201,Created,Firs Test single user 1-1,text,true,,463,10422,1,1,http://localhost:3002/fir,9,0,0
1675771408816,7,FIr Creation Request,201,Created,Firs Test single user 1-1,text,true,,463,10422,1,1,http://localhost:3002/fir,7,0,0
1675771408824,7,FIr Creation Request,201,Created,Firs Test single user 1-1,text,true,,463,10422,1,1,http://localhost:3002/fir,7,0,0
1675771408833,7,FIr Creation Request,201,Created,Firs Test single user 1-1,text,true,,463,10422,1,1,http://localhost:3002/fir,7,0,0
1675771408841,4,FIr Creation Request,201,Created,Firs Test single user 1-1,text,true,,463,10422,1,1,http://localhost:3002/fir,4,0,0
1675771408852,5,FIr Creation Request,201,Created,Firs Test single user 1-1,text,true,,463,10422,1,1,http://localhost:3002/fir,5,0,1
1675771408858,5,FIr Creation Request,201,Created,Firs Test single user 1-1,text,true,,463,10422,1,1,http://localhost:3002/fir,5,0,0
1675771408864,6,FIr Creation Request,201,Created,Firs Test single user 1-1,text,true,,463,10422,1,1,http://localhost:3002/fir,6,0,0
1675771408871,6,FIr Creation Request,201,Created,Firs Test single user 1-1,text,true,,463,10422,1,1,http://localhost:3002/fir,6,0,0
1675771408879,7,FIr Creation Request,201,Created,Firs Test single user 1-1,text,true,,463,10422,1,1,http://localhost:3002/fir,7,0,0
1675771408887,7,FIr Creation Request,201,Created,Firs Test single user 1-1,text,true,,463,10422,1,1,http://localhost:3002/fir,7,0,1
1675771408895,8,FIr Creation Request,201,Created,Firs Test single user 1-1,text,true,,463,10422,1,1,http://localhost:3002/fir,8,0,1
1675771408904,7,FIr Creation Request,201,Created,Firs Test single user 1-1,text,true,,463,10422,1,1,http://localhost:3002/fir,7,0,0
1675771408912,7,FIr Creation Request,201,Created,Firs Test single user 1-1,text,true,,463,10422,1,1,http://localhost:3002/fir,7,0,1
1675771408921,7,FIr Creation Request,201,Created,Firs Test single user 1-1,text,true,,463,10422,1,1,http://localhost:3002/fir,7,0,0
1675771408929,7,FIr Creation Request,201,Created,Firs Test single user 1-1,text,true,,463,10422,1,1,http://localhost:3002/fir,7,0,0
1675771408937,8,FIr Creation Request,201,Created,Firs Test single user 1-1,text,true,,463,10422,1,1,http://localhost:3002/fir,8,0,1
1675771408946,7,FIr Creation Request,201,Created,Firs Test single user 1-1,text,true,,463,10422,1,1,http://localhost:3002/fir,7,0,0
1675771408954,7,FIr Creation Request,201,Created,Firs Test single user 1-1,text,true,,463,10422,1,1,http://localhost:3002/fir,7,0,1
1675771408963,6,FIr Creation Request,201,Created,Firs Test single user 1-1,text,true,,463,10422,1,1,http://localhost:3002/fir,6,0,0
1675771408971,8,FIr Creation Request,201,Created,Firs Test single user 1-1,text,true,,463,10422,1,1,http://localhost:3002/fir,8,0,0
1675771408980,4,FIr Creation Request,201,Created,Firs Test single user 1-1,text,true,,463,10422,1,1,http://localhost:3002/fir,4,0,0
1675771408986,4,FIr Creation Request,201,Created,Firs Test single user 1-1,text,true,,463,10422,1,1,http://localhost:3002/fir,4,0,0
1675771408991,4,FIr Creation Request,201,Created,Firs Test single user 1-1,text,true,,463,10422,1,1,http://localhost:3002/fir,4,0,0
1675771408996,5,FIr Creation Request,201,Created,Firs Test single user 1-1,text,true,,463,10422,1,1,http://localhost:3002/fir,5,0,0
1675771409003,122,FIr Creation Request,201,Created,Firs Test single user 1-1,text,true,,463,10422,1,1,http://localhost:3002/fir,122,0,0
1675771409130,215,FIr Creation Request,201,Created,Firs Test single user 1-1,text,true,,463,10422,1,1,http://localhost:3002/fir,215,0,0
1675771409346,4,FIr Creation Request,201,Created,Firs Test single user 1-1,text,true,,463,10422,1,1,http://localhost:3002/fir,4,0,1
1675771409352,5,FIr Creation Request,201,Created,Firs Test single user 1-1,text,true,,463,10422,1,1,http://localhost:3002/fir,5,0,0
1675771409358,5,FIr Creation Request,201,Created,Firs Test single user 1-1,text,true,,463,10422,1,1,http://localhost:3002/fir,5,0,1
1675771409367,6,FIr Creation Request,201,Created,Firs Test single user 1-1,text,true,,463,10422,1,1,http://localhost:3002/fir,6,0,0
1675771409375,6,FIr Creation Request,201,Created,Firs Test single user 1-1,text,true,,463,10422,1,1,http://localhost:3002/fir,6,0,0
1675771409382,12,FIr Creation Request,201,Created,Firs Test single user 1-1,text,true,,463,10422,1,1,http://localhost:3002/fir,12,0,0
1675771409395,7,FIr Creation Request,201,Created,Firs Test single user 1-1,text,true,,463,10422,1,1,http://localhost:3002/fir,7,0,0
1675771409404,7,FIr Creation Request,201,Created,Firs Test single user 1-1,text,true,,463,10422,1,1,http://localhost:3002/fir,7,0,0
1675771409412,8,FIr Creation Request,201,Created,Firs Test single user 1-1,text,true,,463,10422,1,1,http://localhost:3002/fir,8,0,0
1675771409422,6,FIr Creation Request,201,Created,Firs Test single user 1-1,text,true,,463,10422,1,1,http://localhost:3002/fir,6,0,0
1675771409429,8,FIr Creation Request,201,Created,Firs Test single user 1-1,text,true,,463,10422,1,1,http://localhost:3002/fir,8,0,0
1675771409438,7,FIr Creation Request,201,Created,Firs Test single user 1-1,text,true,,463,10422,1,1,http://localhost:3002/fir,7,0,1
1675771409446,7,FIr Creation Request,201,Created,Firs Test single user 1-1,text,true,,463,10422,1,1,http://localhost:3002/fir,7,0,0
1675771409454,27,FIr Creation Request,201,Created,Firs Test single user 1-1,text,true,,463,10422,1,1,http://localhost:3002/fir,27,0,1
1675771409482,6,FIr Creation Request,201,Created,Firs Test single user 1-1,text,true,,463,10422,1,1,http://localhost:3002/fir,6,0,0
1675771409489,8,FIr Creation Request,201,Created,Firs Test single user 1-1,text,true,,463,10422,1,1,http://localhost:3002/fir,8,0,1
1675771409498,14,FIr Creation Request,201,Created,Firs Test single user 1-1,text,true,,463,10422,1,1,http://localhost:3002/fir,14,0,1
1675771409514,7,FIr Creation Request,201,Created,Firs Test single user 1-1,text,true,,463,10422,1,1,http://localhost:3002/fir,7,0,0
1675771409522,23,FIr Creation Request,201,Created,Firs Test single user 1-1,text,true,,463,10422,1,1,http://localhost:3002/fir,23,0,0
1675771409547,31,FIr Creation Request,201,Created,Firs Test single user 1-1,text,true,,463,10422,1,1,http://localhost:3002/fir,31,0,0
1675771409579,9,FIr Creation Request,201,Created,Firs Test single user 1-1,text,true,,463,10422,1,1,http://localhost:3002/fir,9,0,1
1675771409590,14,FIr Creation Request,201,Created,Firs Test single user 1-1,text,true,,463,10422,1,1,http://localhost:3002/fir,14,0,0
1675771409605,9,FIr Creation Request,201,Created,Firs Test single user 1-1,text,true,,463,10422,1,1,http://localhost:3002/fir,9,0,1
1675771409615,7,FIr Creation Request,201,Created,Firs Test single user 1-1,text,true,,463,10422,1,1,http://localhost:3002/fir,7,0,0
1675771409623,6,FIr Creation Request,201,Created,Firs Test single user 1-1,text,true,,463,10422,1,1,http://localhost:3002/fir,6,0,0
1675771409630,13,FIr Creation Request,201,Created,Firs Test single user 1-1,text,true,,463,10422,1,1,http://localhost:3002/fir,13,0,0
1675771409644,12,FIr Creation Request,201,Created,Firs Test single user 1-1,text,true,,463,10422,1,1,http://localhost:3002/fir,12,0,0
1675771409657,6,FIr Creation Request,201,Created,Firs Test single user 1-1,text,true,,463,10422,1,1,http://localhost:3002/fir,6,0,0
1675771409664,6,FIr Creation Request,201,Created,Firs Test single user 1-1,text,true,,463,10422,1,1,http://localhost:3002/fir,6,0,0
1675771409671,6,FIr Creation Request,201,Created,Firs Test single user 1-1,text,true,,463,10422,1,1,http://localhost:3002/fir,6,0,1
1675771409678,9,FIr Creation Request,201,Created,Firs Test single user 1-1,text,true,,463,10422,1,1,http://localhost:3002/fir,9,0,0
1675771409688,6,FIr Creation Request,201,Created,Firs Test single user 1-1,text,true,,463,10422,1,1,http://localhost:3002/fir,6,0,0
1675771409695,6,FIr Creation Request,201,Created,Firs Test single user 1-1,text,true,,463,10422,1,1,http://localhost:3002/fir,6,0,0
1675771409703,6,FIr Creation Request,201,Created,Firs Test single user 1-1,text,true,,463,10422,1,1,http://localhost:3002/fir,6,0,0
1675771409710,6,FIr Creation Request,201,Created,Firs Test single user 1-1,text,true,,463,10422,1,1,http://localhost:3002/fir,6,0,0
1675771409717,6,FIr Creation Request,201,Created,Firs Test single user 1-1,text,true,,463,10422,1,1,http://localhost:3002/fir,6,0,0
1675771409724,6,FIr Creation Request,201,Created,Firs Test single user 1-1,text,true,,463,10422,1,1,http://localhost:3002/fir,6,0,0
1675771409731,7,FIr Creation Request,201,Created,Firs Test single user 1-1,text,true,,463,10422,1,1,http://localhost:3002/fir,7,0,0
1675771409739,12,FIr Creation Request,201,Created,Firs Test single user 1-1,text,true,,463,10422,1,1,http://localhost:3002/fir,12,0,1
1675771409752,5,FIr Creation Request,201,Created,Firs Test single user 1-1,text,true,,463,10422,1,1,http://localhost:3002/fir,5,0,0
1675771409758,6,FIr Creation Request,201,Created,Firs Test single user 1-1,text,true,,463,10422,1,1,http://localhost:3002/fir,6,0,0
1675771409766,6,FIr Creation Request,201,Created,Firs Test single user 1-1,text,true,,463,10422,1,1,http://localhost:3002/fir,6,0,0
1675771409773,7,FIr Creation Request,201,Created,Firs Test single user 1-1,text,true,,463,10422,1,1,http://localhost:3002/fir,7,0,0
1675771409782,12,FIr Creation Request,201,Created,Firs Test single user 1-1,text,true,,463,10422,1,1,http://localhost:3002/fir,12,0,0
1675771409795,7,FIr Creation Request,201,Created,Firs Test single user 1-1,text,true,,463,10422,1,1,http://localhost:3002/fir,7,0,0
1675771409803,14,FIr Creation Request,201,Created,Firs Test single user 1-1,text,true,,463,10422,1,1,http://localhost:3002/fir,14,0,0
1675771409818,6,FIr Creation Request,201,Created,Firs Test single user 1-1,text,true,,463,10422,1,1,http://localhost:3002/fir,6,0,1
1675771409826,5,FIr Creation Request,201,Created,Firs Test single user 1-1,text,true,,463,10422,1,1,http://localhost:3002/fir,5,0,0
1675771409832,8,FIr Creation Request,201,Created,Firs Test single user 1-1,text,true,,463,10422,1,1,http://localhost:3002/fir,8,0,1
1675771409841,6,FIr Creation Request,201,Created,Firs Test single user 1-1,text,true,,463,10422,1,1,http://localhost:3002/fir,6,0,1
1675771409848,6,FIr Creation Request,201,Created,Firs Test single user 1-1,text,true,,463,10422,1,1,http://localhost:3002/fir,6,0,0
1675771409855,7,FIr Creation Request,201,Created,Firs Test single user 1-1,text,true,,463,10422,1,1,http://localhost:3002/fir,7,0,1
1675771409863,6,FIr Creation Request,201,Created,Firs Test single user 1-1,text,true,,463,10422,1,1,http://localhost:3002/fir,6,0,0
1675771409875,11,FIr Creation Request,201,Created,Firs Test single user 1-1,text,true,,463,10422,1,1,http://localhost:3002/fir,11,0,0
1675771409887,7,FIr Creation Request,201,Created,Firs Test single user 1-1,text,true,,463,10422,1,1,http://localhost:3002/fir,7,0,0
1675771409895,7,FIr Creation Request,201,Created,Firs Test single user 1-1,text,true,,463,10422,1,1,http://localhost:3002/fir,7,0,0
1675771409903,20,FIr Creation Request,201,Created,Firs Test single user 1-1,text,true,,463,10422,1,1,http://localhost:3002/fir,20,0,1
1675771409924,6,FIr Creation Request,201,Created,Firs Test single user 1-1,text,true,,463,10422,1,1,http://localhost:3002/fir,6,0,0
1675771409932,7,FIr Creation Request,201,Created,Firs Test single user 1-1,text,true,,463,10422,1,1,http://localhost:3002/fir,7,0,0
1675771409940,7,FIr Creation Request,201,Created,Firs Test single user 1-1,text,true,,463,10422,1,1,http://localhost:3002/fir,7,0,0
1675771409948,7,FIr Creation Request,201,Created,Firs Test single user 1-1,text,true,,463,10422,1,1,http://localhost:3002/fir,7,0,0
1675771409956,8,FIr Creation Request,201,Created,Firs Test single user 1-1,text,true,,463,10422,1,1,http://localhost:3002/fir,8,0,0
1675771409966,5,FIr Creation Request,201,Created,Firs Test single user 1-1,text,true,,463,10422,1,1,http://localhost:3002/fir,5,0,0
1675771409973,7,FIr Creation Request,201,Created,Firs Test single user 1-1,text,true,,463,10422,1,1,http://localhost:3002/fir,7,0,0
1675771409981,7,FIr Creation Request,201,Created,Firs Test single user 1-1,text,true,,463,10422,1,1,http://localhost:3002/fir,7,0,1
1675771409990,6,FIr Creation Request,201,Created,Firs Test single user 1-1,text,true,,463,10422,1,1,http://localhost:3002/fir,6,0,0
1675771409997,6,FIr Creation Request,201,Created,Firs Test single user 1-1,text,true,,463,10422,1,1,http://localhost:3002/fir,6,0,0
1675771410005,23,FIr Creation Request,201,Created,Firs Test single user 1-1,text,true,,463,10422,1,1,http://localhost:3002/fir,23,0,0
1675771410029,6,FIr Creation Request,201,Created,Firs Test single user 1-1,text,true,,463,10422,1,1,http://localhost:3002/fir,6,0,0
1675771410037,6,FIr Creation Request,201,Created,Firs Test single user 1-1,text,true,,463,10422,1,1,http://localhost:3002/fir,6,0,0
1675771410045,11,FIr Creation Request,201,Created,Firs Test single user 1-1,text,true,,463,10422,1,1,http://localhost:3002/fir,11,0,1
1675771410057,6,FIr Creation Request,201,Created,Firs Test single user 1-1,text,true,,463,10422,1,1,http://localhost:3002/fir,6,0,0
1675771410064,13,FIr Creation Request,201,Created,Firs Test single user 1-1,text,true,,463,10422,1,1,http://localhost:3002/fir,13,0,1
1675771410078,7,FIr Creation Request,201,Created,Firs Test single user 1-1,text,true,,463,10422,1,1,http://localhost:3002/fir,7,0,0
1675771410086,7,FIr Creation Request,201,Created,Firs Test single user 1-1,text,true,,463,10422,1,1,http://localhost:3002/fir,7,0,0
1675771410094,7,FIr Creation Request,201,Created,Firs Test single user 1-1,text,true,,463,10422,1,1,http://localhost:3002/fir,7,0,0
1675771410102,6,FIr Creation Request,201,Created,Firs Test single user 1-1,text,true,,463,10422,1,1,http://localhost:3002/fir,6,0,0
1675771410109,8,FIr Creation Request,201,Created,Firs Test single user 1-1,text,true,,463,10422,1,1,http://localhost:3002/fir,8,0,0
1675771410118,7,FIr Creation Request,201,Created,Firs Test single user 1-1,text,true,,463,10422,1,1,http://localhost:3002/fir,7,0,0
1675771410126,7,FIr Creation Request,201,Created,Firs Test single user 1-1,text,true,,463,10422,1,1,http://localhost:3002/fir,7,0,0
1675771410134,6,FIr Creation Request,201,Created,Firs Test single user 1-1,text,true,,463,10422,1,1,http://localhost:3002/fir,6,0,0
1675771410142,5,FIr Creation Request,201,Created,Firs Test single user 1-1,text,true,,463,10422,1,1,http://localhost:3002/fir,5,0,0
1675771410149,6,FIr Creation Request,201,Created,Firs Test single user 1-1,text,true,,463,10422,1,1,http://localhost:3002/fir,6,0,0
1675771410156,12,FIr Creation Request,201,Created,Firs Test single user 1-1,text,true,,463,10422,1,1,http://localhost:3002/fir,12,0,1
1675771410169,9,FIr Creation Request,201,Created,Firs Test single user 1-1,text,true,,463,10422,1,1,http://localhost:3002/fir,9,0,1
1675771410179,6,FIr Creation Request,201,Created,Firs Test single user 1-1,text,true,,463,10422,1,1,http://localhost:3002/fir,6,0,1
1675771410186,8,FIr Creation Request,201,Created,Firs Test single user 1-1,text,true,,463,10422,1,1,http://localhost:3002/fir,8,0,1
1675771410195,7,FIr Creation Request,201,Created,Firs Test single user 1-1,text,true,,463,10422,1,1,http://localhost:3002/fir,7,0,0
1675771410203,7,FIr Creation Request,201,Created,Firs Test single user 1-1,text,true,,463,10422,1,1,http://localhost:3002/fir,7,0,0
1675771410211,6,FIr Creation Request,201,Created,Firs Test single user 1-1,text,true,,463,10422,1,1,http://localhost:3002/fir,6,0,0
1675771410219,5,FIr Creation Request,201,Created,Firs Test single user 1-1,text,true,,463,10422,1,1,http://localhost:3002/fir,5,0,0
1675771410225,6,FIr Creation Request,201,Created,Firs Test single user 1-1,text,true,,463,10422,1,1,http://localhost:3002/fir,6,0,0
1675771410232,6,FIr Creation Request,201,Created,Firs Test single user 1-1,text,true,,463,10422,1,1,http://localhost:3002/fir,6,0,0
1675771410240,7,FIr Creation Request,201,Created,Firs Test single user 1-1,text,true,,463,10422,1,1,http://localhost:3002/fir,7,0,0
1675771410248,8,FIr Creation Request,201,Created,Firs Test single user 1-1,text,true,,463,10422,1,1,http://localhost:3002/fir,8,0,0
1675771410257,7,FIr Creation Request,201,Created,Firs Test single user 1-1,text,true,,463,10422,1,1,http://localhost:3002/fir,7,0,0
1675771410265,8,FIr Creation Request,201,Created,Firs Test single user 1-1,text,true,,463,10422,1,1,http://localhost:3002/fir,8,0,0
1675771410274,12,FIr Creation Request,201,Created,Firs Test single user 1-1,text,true,,463,10422,1,1,http://localhost:3002/fir,12,0,0
1675771410287,7,FIr Creation Request,201,Created,Firs Test single user 1-1,text,true,,463,10422,1,1,http://localhost:3002/fir,7,0,0
1675771410295,19,FIr Creation Request,201,Created,Firs Test single user 1-1,text,true,,463,10422,1,1,http://localhost:3002/fir,19,0,0
1675771410316,7,FIr Creation Request,201,Created,Firs Test single user 1-1,text,true,,463,10422,1,1,http://localhost:3002/fir,7,0,0
1675771410324,12,FIr Creation Request,201,Created,Firs Test single user 1-1,text,true,,463,10422,1,1,http://localhost:3002/fir,12,0,0
1675771410337,7,FIr Creation Request,201,Created,Firs Test single user 1-1,text,true,,463,10422,1,1,http://localhost:3002/fir,7,0,0
1675771410346,6,FIr Creation Request,201,Created,Firs Test single user 1-1,text,true,,463,10422,1,1,http://localhost:3002/fir,6,0,0
1675771410353,8,FIr Creation Request,201,Created,Firs Test single user 1-1,text,true,,463,10422,1,1,http://localhost:3002/fir,8,0,0
1675771410363,6,FIr Creation Request,201,Created,Firs Test single user 1-1,text,true,,463,10422,1,1,http://localhost:3002/fir,6,0,0
1675771410370,8,FIr Creation Request,201,Created,Firs Test single user 1-1,text,true,,463,10422,1,1,http://localhost:3002/fir,8,0,0
1675771410386,21,FIr Creation Request,201,Created,Firs Test single user 1-1,text,true,,463,10422,1,1,http://localhost:3002/fir,21,0,0
1675771410408,7,FIr Creation Request,201,Created,Firs Test single user 1-1,text,true,,463,10422,1,1,http://localhost:3002/fir,7,0,1
1675771410417,6,FIr Creation Request,201,Created,Firs Test single user 1-1,text,true,,463,10422,1,1,http://localhost:3002/fir,6,0,0
1675771410424,360,FIr Creation Request,201,Created,Firs Test single user 1-1,text,true,,463,10422,1,1,http://localhost:3002/fir,360,0,1
1675771410786,7,FIr Creation Request,201,Created,Firs Test single user 1-1,text,true,,463,10422,1,1,http://localhost:3002/fir,7,0,0
1675771410795,11,FIr Creation Request,201,Created,Firs Test single user 1-1,text,true,,463,10422,1,1,http://localhost:3002/fir,11,0,0
1675771410808,7,FIr Creation Request,201,Created,Firs Test single user 1-1,text,true,,463,10422,1,1,http://localhost:3002/fir,7,0,0
1675771410816,14,FIr Creation Request,201,Created,Firs Test single user 1-1,text,true,,463,10422,1,1,http://localhost:3002/fir,14,0,0
1675771410831,7,FIr Creation Request,201,Created,Firs Test single user 1-1,text,true,,463,10422,1,1,http://localhost:3002/fir,7,0,1
1675771410839,6,FIr Creation Request,201,Created,Firs Test single user 1-1,text,true,,463,10422,1,1,http://localhost:3002/fir,6,0,0
1675771410847,5,FIr Creation Request,201,Created,Firs Test single user 1-1,text,true,,463,10422,1,1,http://localhost:3002/fir,5,0,0
1675771410854,13,FIr Creation Request,201,Created,Firs Test single user 1-1,text,true,,463,10422,1,1,http://localhost:3002/fir,13,0,0
1675771410868,6,FIr Creation Request,201,Created,Firs Test single user 1-1,text,true,,463,10422,1,1,http://localhost:3002/fir,6,0,1
1675771410875,6,FIr Creation Request,201,Created,Firs Test single user 1-1,text,true,,463,10422,1,1,http://localhost:3002/fir,6,0,0
1675771410882,7,FIr Creation Request,201,Created,Firs Test single user 1-1,text,true,,463,10422,1,1,http://localhost:3002/fir,7,0,0
1675771410897,6,FIr Creation Request,201,Created,Firs Test single user 1-1,text,true,,463,10422,1,1,http://localhost:3002/fir,6,0,0
1675771410905,6,FIr Creation Request,201,Created,Firs Test single user 1-1,text,true,,463,10422,1,1,http://localhost:3002/fir,6,0,0
1675771410912,6,FIr Creation Request,201,Created,Firs Test single user 1-1,text,true,,463,10422,1,1,http://localhost:3002/fir,6,0,0
1675771410919,6,FIr Creation Request,201,Created,Firs Test single user 1-1,text,true,,463,10422,1,1,http://localhost:3002/fir,6,0,1
1675771410927,6,FIr Creation Request,201,Created,Firs Test single user 1-1,text,true,,463,10422,1,1,http://localhost:3002/fir,6,0,0
1675771410935,6,FIr Creation Request,201,Created,Firs Test single user 1-1,text,true,,463,10422,1,1,http://localhost:3002/fir,6,0,0
1675771410942,7,FIr Creation Request,201,Created,Firs Test single user 1-1,text,true,,463,10422,1,1,http://localhost:3002/fir,7,0,0
1675771410950,7,FIr Creation Request,201,Created,Firs Test single user 1-1,text,true,,463,10422,1,1,http://localhost:3002/fir,7,0,1
1675771410958,6,FIr Creation Request,201,Created,Firs Test single user 1-1,text,true,,463,10422,1,1,http://localhost:3002/fir,6,0,1
1675771410965,17,FIr Creation Request,201,Created,Firs Test single user 1-1,text,true,,463,10422,1,1,http://localhost:3002/fir,17,0,0
1675771410984,5,FIr Creation Request,201,Created,Firs Test single user 1-1,text,true,,463,10422,1,1,http://localhost:3002/fir,5,0,0
1675771410991,7,FIr Creation Request,201,Created,Firs Test single user 1-1,text,true,,463,10422,1,1,http://localhost:3002/fir,7,0,0
1675771410999,7,FIr Creation Request,201,Created,Firs Test single user 1-1,text,true,,463,10422,1,1,http://localhost:3002/fir,7,0,0
1675771411007,8,FIr Creation Request,201,Created,Firs Test single user 1-1,text,true,,463,10422,1,1,http://localhost:3002/fir,8,0,1
1675771411016,7,FIr Creation Request,201,Created,Firs Test single user 1-1,text,true,,463,10422,1,1,http://localhost:3002/fir,7,0,0
1675771411024,8,FIr Creation Request,201,Created,Firs Test single user 1-1,text,true,,463,10422,1,1,http://localhost:3002/fir,8,0,0
1675771411033,7,FIr Creation Request,201,Created,Firs Test single user 1-1,text,true,,463,10422,1,1,http://localhost:3002/fir,7,0,0
1675771411041,20,FIr Creation Request,201,Created,Firs Test single user 1-1,text,true,,463,10422,1,1,http://localhost:3002/fir,20,0,0
1675771411068,8,FIr Creation Request,201,Created,Firs Test single user 1-1,text,true,,463,10422,1,1,http://localhost:3002/fir,8,0,0
1675771411077,10,FIr Creation Request,201,Created,Firs Test single user 1-1,text,true,,463,10422,1,1,http://localhost:3002/fir,10,0,0
1675771411089,22,FIr Creation Request,201,Created,Firs Test single user 1-1,text,true,,463,10422,1,1,http://localhost:3002/fir,22,0,0
1675771411112,8,FIr Creation Request,201,Created,Firs Test single user 1-1,text,true,,463,10422,1,1,http://localhost:3002/fir,8,0,0
1675771411121,7,FIr Creation Request,201,Created,Firs Test single user 1-1,text,true,,463,10422,1,1,http://localhost:3002/fir,7,0,0
1675771411129,7,FIr Creation Request,201,Created,Firs Test single user 1-1,text,true,,463,10422,1,1,http://localhost:3002/fir,7,0,0
1675771411138,6,FIr Creation Request,201,Created,Firs Test single user 1-1,text,true,,463,10422,1,1,http://localhost:3002/fir,6,0,0
1675771411146,10,FIr Creation Request,201,Created,Firs Test single user 1-1,text,true,,463,10422,1,1,http://localhost:3002/fir,10,0,0
1675771411158,7,FIr Creation Request,201,Created,Firs Test single user 1-1,text,true,,463,10422,1,1,http://localhost:3002/fir,7,0,0
1675771411166,10,FIr Creation Request,201,Created,Firs Test single user 1-1,text,true,,463,10422,1,1,http://localhost:3002/fir,10,0,0
1675771411177,9,FIr Creation Request,201,Created,Firs Test single user 1-1,text,true,,463,10422,1,1,http://localhost:3002/fir,9,0,0
1675771411187,7,FIr Creation Request,201,Created,Firs Test single user 1-1,text,true,,463,10422,1,1,http://localhost:3002/fir,7,0,1
1675771411196,7,FIr Creation Request,201,Created,Firs Test single user 1-1,text,true,,463,10422,1,1,http://localhost:3002/fir,7,0,0
1675771411204,7,FIr Creation Request,201,Created,Firs Test single user 1-1,text,true,,463,10422,1,1,http://localhost:3002/fir,7,0,0
1675771411213,7,FIr Creation Request,201,Created,Firs Test single user 1-1,text,true,,463,10422,1,1,http://localhost:3002/fir,7,0,0
1675771411221,11,FIr Creation Request,201,Created,Firs Test single user 1-1,text,true,,463,10422,1,1,http://localhost:3002/fir,11,0,0
1675771411233,10,FIr Creation Request,201,Created,Firs Test single user 1-1,text,true,,463,10422,1,1,http://localhost:3002/fir,10,0,0
1675771411245,8,FIr Creation Request,201,Created,Firs Test single user 1-1,text,true,,463,10422,1,1,http://localhost:3002/fir,8,0,0
1675771411254,9,FIr Creation Request,201,Created,Firs Test single user 1-1,text,true,,463,10422,1,1,http://localhost:3002/fir,9,0,1
1675771411337,7,FIr Creation Request,201,Created,Firs Test single user 1-1,text,true,,463,10422,1,1,http://localhost:3002/fir,7,0,0
1675771411345,9,FIr Creation Request,201,Created,Firs Test single user 1-1,text,true,,463,10422,1,1,http://localhost:3002/fir,9,0,1
1675771411356,8,FIr Creation Request,201,Created,Firs Test single user 1-1,text,true,,463,10422,1,1,http://localhost:3002/fir,8,0,0
1675771411365,9,FIr Creation Request,201,Created,Firs Test single user 1-1,text,true,,463,10422,1,1,http://localhost:3002/fir,9,0,0
1675771411375,7,FIr Creation Request,201,Created,Firs Test single user 1-1,text,true,,463,10422,1,1,http://localhost:3002/fir,7,0,1
1675771411384,7,FIr Creation Request,201,Created,Firs Test single user 1-1,text,true,,463,10422,1,1,http://localhost:3002/fir,7,0,0
1675771411393,10,FIr Creation Request,201,Created,Firs Test single user 1-1,text,true,,463,10422,1,1,http://localhost:3002/fir,10,0,0
1675771411409,9,FIr Creation Request,201,Created,Firs Test single user 1-1,text,true,,463,10422,1,1,http://localhost:3002/fir,9,0,0
1675771411419,9,FIr Creation Request,201,Created,Firs Test single user 1-1,text,true,,463,10422,1,1,http://localhost:3002/fir,9,0,1
1675771411429,8,FIr Creation Request,201,Created,Firs Test single user 1-1,text,true,,463,10422,1,1,http://localhost:3002/fir,8,0,1
1675771411438,10,FIr Creation Request,201,Created,Firs Test single user 1-1,text,true,,463,10422,1,1,http://localhost:3002/fir,10,0,0
1675771411449,7,FIr Creation Request,201,Created,Firs Test single user 1-1,text,true,,463,10422,1,1,http://localhost:3002/fir,7,0,0
1675771411457,7,FIr Creation Request,201,Created,Firs Test single user 1-1,text,true,,463,10422,1,1,http://localhost:3002/fir,7,0,1
1675771411466,7,FIr Creation Request,201,Created,Firs Test single user 1-1,text,true,,463,10422,1,1,http://localhost:3002/fir,7,0,0
1675771411474,8,FIr Creation Request,201,Created,Firs Test single user 1-1,text,true,,463,10422,1,1,http://localhost:3002/fir,8,0,0
1675771411483,7,FIr Creation Request,201,Created,Firs Test single user 1-1,text,true,,463,10422,1,1,http://localhost:3002/fir,7,0,1
1675771411492,6,FIr Creation Request,201,Created,Firs Test single user 1-1,text,true,,463,10422,1,1,http://localhost:3002/fir,6,0,0
1675771411500,8,FIr Creation Request,201,Created,Firs Test single user 1-1,text,true,,463,10422,1,1,http://localhost:3002/fir,8,0,0
1675771411510,7,FIr Creation Request,201,Created,Firs Test single user 1-1,text,true,,463,10422,1,1,http://localhost:3002/fir,7,0,1
1675771411519,7,FIr Creation Request,201,Created,Firs Test single user 1-1,text,true,,463,10422,1,1,http://localhost:3002/fir,7,0,1
1675771411528,8,FIr Creation Request,201,Created,Firs Test single user 1-1,text,true,,463,10422,1,1,http://localhost:3002/fir,8,0,0
1675771411537,7,FIr Creation Request,201,Created,Firs Test single user 1-1,text,true,,463,10422,1,1,http://localhost:3002/fir,7,0,0
1675771411546,8,FIr Creation Request,201,Created,Firs Test single user 1-1,text,true,,463,10422,1,1,http://localhost:3002/fir,8,0,0
1675771411555,9,FIr Creation Request,201,Created,Firs Test single user 1-1,text,true,,463,10422,1,1,http://localhost:3002/fir,9,0,1
1675771411565,7,FIr Creation Request,201,Created,Firs Test single user 1-1,text,true,,463,10422,1,1,http://localhost:3002/fir,7,0,1
1675771411580,9,FIr Creation Request,201,Created,Firs Test single user 1-1,text,true,,463,10422,1,1,http://localhost:3002/fir,9,0,0
1675771411590,6,FIr Creation Request,201,Created,Firs Test single user 1-1,text,true,,463,10422,1,1,http://localhost:3002/fir,6,0,1
1675771411597,6,FIr Creation Request,201,Created,Firs Test single user 1-1,text,true,,463,10422,1,1,http://localhost:3002/fir,6,0,0
1675771411604,7,FIr Creation Request,201,Created,Firs Test single user 1-1,text,true,,463,10422,1,1,http://localhost:3002/fir,7,0,1
1675771411612,7,FIr Creation Request,201,Created,Firs Test single user 1-1,text,true,,463,10422,1,1,http://localhost:3002/fir,7,0,0
1675771411620,5,FIr Creation Request,201,Created,Firs Test single user 1-1,text,true,,463,10422,1,1,http://localhost:3002/fir,5,0,0
1675771411627,10,FIr Creation Request,201,Created,Firs Test single user 1-1,text,true,,463,10422,1,1,http://localhost:3002/fir,10,0,0
1675771411638,7,FIr Creation Request,201,Created,Firs Test single user 1-1,text,true,,463,10422,1,1,http://localhost:3002/fir,7,0,0
1675771411646,7,FIr Creation Request,201,Created,Firs Test single user 1-1,text,true,,463,10422,1,1,http://localhost:3002/fir,7,0,0
1675771411654,8,FIr Creation Request,201,Created,Firs Test single user 1-1,text,true,,463,10422,1,1,http://localhost:3002/fir,8,0,0
1675771411663,37,FIr Creation Request,201,Created,Firs Test single user 1-1,text,true,,463,10422,1,1,http://localhost:3002/fir,37,0,1
1675771411701,6,FIr Creation Request,201,Created,Firs Test single user 1-1,text,true,,463,10422,1,1,http://localhost:3002/fir,6,0,0
1675771411708,6,FIr Creation Request,201,Created,Firs Test single user 1-1,text,true,,463,10422,1,1,http://localhost:3002/fir,6,0,0
1675771411715,8,FIr Creation Request,201,Created,Firs Test single user 1-1,text,true,,463,10422,1,1,http://localhost:3002/fir,8,0,1
1675771411724,7,FIr Creation Request,201,Created,Firs Test single user 1-1,text,true,,463,10422,1,1,http://localhost:3002/fir,7,0,0
1675771411733,7,FIr Creation Request,201,Created,Firs Test single user 1-1,text,true,,463,10422,1,1,http://localhost:3002/fir,7,0,0
1675771411742,7,FIr Creation Request,201,Created,Firs Test single user 1-1,text,true,,463,10422,1,1,http://localhost:3002/fir,7,0,0
1675771411750,6,FIr Creation Request,201,Created,Firs Test single user 1-1,text,true,,463,10422,1,1,http://localhost:3002/fir,6,0,0
1675771411758,246,FIr Creation Request,201,Created,Firs Test single user 1-1,text,true,,463,10422,1,1,http://localhost:3002/fir,246,0,0
1675771412007,10,FIr Creation Request,201,Created,Firs Test single user 1-1,text,true,,463,10422,1,1,http://localhost:3002/fir,10,0,1
1675771412018,8,FIr Creation Request,201,Created,Firs Test single user 1-1,text,true,,463,10422,1,1,http://localhost:3002/fir,8,0,1
1675771412027,7,FIr Creation Request,201,Created,Firs Test single user 1-1,text,true,,463,10422,1,1,http://localhost:3002/fir,7,0,0
1675771412036,6,FIr Creation Request,201,Created,Firs Test single user 1-1,text,true,,463,10422,1,1,http://localhost:3002/fir,6,0,0
1675771412044,6,FIr Creation Request,201,Created,Firs Test single user 1-1,text,true,,463,10422,1,1,http://localhost:3002/fir,6,0,0
1675771412051,9,FIr Creation Request,201,Created,Firs Test single user 1-1,text,true,,463,10422,1,1,http://localhost:3002/fir,9,0,0
1675771412061,6,FIr Creation Request,201,Created,Firs Test single user 1-1,text,true,,463,10422,1,1,http://localhost:3002/fir,6,0,1
1675771412068,6,FIr Creation Request,201,Created,Firs Test single user 1-1,text,true,,463,10422,1,1,http://localhost:3002/fir,6,0,0
1675771412076,5,FIr Creation Request,201,Created,Firs Test single user 1-1,text,true,,463,10422,1,1,http://localhost:3002/fir,5,0,0
1675771412082,7,FIr Creation Request,201,Created,Firs Test single user 1-1,text,true,,463,10422,1,1,http://localhost:3002/fir,7,0,1
1675771412095,11,FIr Creation Request,201,Created,Firs Test single user 1-1,text,true,,463,10422,1,1,http://localhost:3002/fir,11,0,1
1675771412107,6,FIr Creation Request,201,Created,Firs Test single user 1-1,text,true,,463,10422,1,1,http://localhost:3002/fir,6,0,0
1675771412114,7,FIr Creation Request,201,Created,Firs Test single user 1-1,text,true,,463,10422,1,1,http://localhost:3002/fir,7,0,1
1675771412122,7,FIr Creation Request,201,Created,Firs Test single user 1-1,text,true,,463,10422,1,1,http://localhost:3002/fir,7,0,1
1675771412130,11,FIr Creation Request,201,Created,Firs Test single user 1-1,text,true,,463,10422,1,1,http://localhost:3002/fir,11,0,0
1675771412142,7,FIr Creation Request,201,Created,Firs Test single user 1-1,text,true,,463,10422,1,1,http://localhost:3002/fir,7,0,0
1675771412151,6,FIr Creation Request,201,Created,Firs Test single user 1-1,text,true,,463,10422,1,1,http://localhost:3002/fir,6,0,0
1675771412158,8,FIr Creation Request,201,Created,Firs Test single user 1-1,text,true,,463,10422,1,1,http://localhost:3002/fir,8,0,0
1675771412168,11,FIr Creation Request,201,Created,Firs Test single user 1-1,text,true,,463,10422,1,1,http://localhost:3002/fir,11,0,0
1675771412180,10,FIr Creation Request,201,Created,Firs Test single user 1-1,text,true,,463,10422,1,1,http://localhost:3002/fir,10,0,0
1675771412192,8,FIr Creation Request,201,Created,Firs Test single user 1-1,text,true,,463,10422,1,1,http://localhost:3002/fir,8,0,0
1675771412201,7,FIr Creation Request,201,Created,Firs Test single user 1-1,text,true,,463,10422,1,1,http://localhost:3002/fir,7,0,0
1675771412210,7,FIr Creation Request,201,Created,Firs Test single user 1-1,text,true,,463,10422,1,1,http://localhost:3002/fir,7,0,0
1675771412218,7,FIr Creation Request,201,Created,Firs Test single user 1-1,text,true,,463,10422,1,1,http://localhost:3002/fir,7,0,0
1675771412226,7,FIr Creation Request,201,Created,Firs Test single user 1-1,text,true,,463,10422,1,1,http://localhost:3002/fir,7,0,1
1675771412235,7,FIr Creation Request,201,Created,Firs Test single user 1-1,text,true,,463,10422,1,1,http://localhost:3002/fir,7,0,0
1675771412243,5,FIr Creation Request,201,Created,Firs Test single user 1-1,text,true,,463,10422,1,1,http://localhost:3002/fir,5,0,0
1675771412250,6,FIr Creation Request,201,Created,Firs Test single user 1-1,text,true,,463,10422,1,1,http://localhost:3002/fir,6,0,0
1675771412257,7,FIr Creation Request,201,Created,Firs Test single user 1-1,text,true,,463,10422,1,1,http://localhost:3002/fir,7,0,0
1675771412265,6,FIr Creation Request,201,Created,Firs Test single user 1-1,text,true,,463,10422,1,1,http://localhost:3002/fir,6,0,0
1675771412272,6,FIr Creation Request,201,Created,Firs Test single user 1-1,text,true,,463,10422,1,1,http://localhost:3002/fir,6,0,0
1675771412280,7,FIr Creation Request,201,Created,Firs Test single user 1-1,text,true,,463,10422,1,1,http://localhost:3002/fir,7,0,0
1675771412289,6,FIr Creation Request,201,Created,Firs Test single user 1-1,text,true,,463,10422,1,1,http://localhost:3002/fir,6,0,0
1675771412296,6,FIr Creation Request,201,Created,Firs Test single user 1-1,text,true,,463,10422,1,1,http://localhost:3002/fir,6,0,0
1675771412304,7,FIr Creation Request,201,Created,Firs Test single user 1-1,text,true,,463,10422,1,1,http://localhost:3002/fir,7,0,0
1675771412312,6,FIr Creation Request,201,Created,Firs Test single user 1-1,text,true,,463,10422,1,1,http://localhost:3002/fir,6,0,0
1675771412319,7,FIr Creation Request,201,Created,Firs Test single user 1-1,text,true,,463,10422,1,1,http://localhost:3002/fir,7,0,1
1675771412327,6,FIr Creation Request,201,Created,Firs Test single user 1-1,text,true,,463,10422,1,1,http://localhost:3002/fir,6,0,0
1675771412334,7,FIr Creation Request,201,Created,Firs Test single user 1-1,text,true,,463,10422,1,1,http://localhost:3002/fir,7,0,0
1675771412342,7,FIr Creation Request,201,Created,Firs Test single user 1-1,text,true,,463,10422,1,1,http://localhost:3002/fir,7,0,0
1675771412350,7,FIr Creation Request,201,Created,Firs Test single user 1-1,text,true,,463,10422,1,1,http://localhost:3002/fir,7,0,0
1675771412359,6,FIr Creation Request,201,Created,Firs Test single user 1-1,text,true,,463,10422,1,1,http://localhost:3002/fir,6,0,0
1675771412367,7,FIr Creation Request,201,Created,Firs Test single user 1-1,text,true,,463,10422,1,1,http://localhost:3002/fir,7,0,0
1675771412375,8,FIr Creation Request,201,Created,Firs Test single user 1-1,text,true,,463,10422,1,1,http://localhost:3002/fir,8,0,0
1675771412384,7,FIr Creation Request,201,Created,Firs Test single user 1-1,text,true,,463,10422,1,1,http://localhost:3002/fir,7,0,0
1675771412392,7,FIr Creation Request,201,Created,Firs Test single user 1-1,text,true,,463,10422,1,1,http://localhost:3002/fir,7,0,0
1675771412401,6,FIr Creation Request,201,Created,Firs Test single user 1-1,text,true,,463,10422,1,1,http://localhost:3002/fir,6,0,0
1675771412409,7,FIr Creation Request,201,Created,Firs Test single user 1-1,text,true,,463,10422,1,1,http://localhost:3002/fir,7,0,0
1675771412417,7,FIr Creation Request,201,Created,Firs Test single user 1-1,text,true,,463,10422,1,1,http://localhost:3002/fir,7,0,0
1675771412425,10,FIr Creation Request,201,Created,Firs Test single user 1-1,text,true,,463,10422,1,1,http://localhost:3002/fir,10,0,0
1675771412436,6,FIr Creation Request,201,Created,Firs Test single user 1-1,text,true,,463,10422,1,1,http://localhost:3002/fir,6,0,1
1675771412444,7,FIr Creation Request,201,Created,Firs Test single user 1-1,text,true,,463,10422,1,1,http://localhost:3002/fir,7,0,0
1675771412452,7,FIr Creation Request,201,Created,Firs Test single user 1-1,text,true,,463,10422,1,1,http://localhost:3002/fir,7,0,0
1675771412460,6,FIr Creation Request,201,Created,Firs Test single user 1-1,text,true,,463,10422,1,1,http://localhost:3002/fir,6,0,0
1675771412468,6,FIr Creation Request,201,Created,Firs Test single user 1-1,text,true,,463,10422,1,1,http://localhost:3002/fir,6,0,0
1675771412475,7,FIr Creation Request,201,Created,Firs Test single user 1-1,text,true,,463,10422,1,1,http://localhost:3002/fir,7,0,1
1675771412484,7,FIr Creation Request,201,Created,Firs Test single user 1-1,text,true,,463,10422,1,1,http://localhost:3002/fir,7,0,0
1675771412492,6,FIr Creation Request,201,Created,Firs Test single user 1-1,text,true,,463,10422,1,1,http://localhost:3002/fir,6,0,0
1675771412500,9,FIr Creation Request,201,Created,Firs Test single user 1-1,text,true,,463,10422,1,1,http://localhost:3002/fir,9,0,0
1675771412511,6,FIr Creation Request,201,Created,Firs Test single user 1-1,text,true,,463,10422,1,1,http://localhost:3002/fir,6,0,0
1675771412519,6,FIr Creation Request,201,Created,Firs Test single user 1-1,text,true,,463,10422,1,1,http://localhost:3002/fir,6,0,0
1675771412526,7,FIr Creation Request,201,Created,Firs Test single user 1-1,text,true,,463,10422,1,1,http://localhost:3002/fir,7,0,1
1675771412534,9,FIr Creation Request,201,Created,Firs Test single user 1-1,text,true,,463,10422,1,1,http://localhost:3002/fir,9,0,0
1675771412545,6,FIr Creation Request,201,Created,Firs Test single user 1-1,text,true,,463,10422,1,1,http://localhost:3002/fir,6,0,0
1675771412552,6,FIr Creation Request,201,Created,Firs Test single user 1-1,text,true,,463,10422,1,1,http://localhost:3002/fir,6,0,0
1675771412560,6,FIr Creation Request,201,Created,Firs Test single user 1-1,text,true,,463,10422,1,1,http://localhost:3002/fir,6,0,0
1675771412567,7,FIr Creation Request,201,Created,Firs Test single user 1-1,text,true,,463,10422,1,1,http://localhost:3002/fir,7,0,0
1675771412575,6,FIr Creation Request,201,Created,Firs Test single user 1-1,text,true,,463,10422,1,1,http://localhost:3002/fir,6,0,0
1675771412582,7,FIr Creation Request,201,Created,Firs Test single user 1-1,text,true,,463,10422,1,1,http://localhost:3002/fir,7,0,1
1675771412590,7,FIr Creation Request,201,Created,Firs Test single user 1-1,text,true,,463,10422,1,1,http://localhost:3002/fir,7,0,0
1675771412605,11,FIr Creation Request,201,Created,Firs Test single user 1-1,text,true,,463,10422,1,1,http://localhost:3002/fir,11,0,0
1675771412617,7,FIr Creation Request,201,Created,Firs Test single user 1-1,text,true,,463,10422,1,1,http://localhost:3002/fir,7,0,1
1675771412625,7,FIr Creation Request,201,Created,Firs Test single user 1-1,text,true,,463,10422,1,1,http://localhost:3002/fir,7,0,0
1675771412634,7,FIr Creation Request,201,Created,Firs Test single user 1-1,text,true,,463,10422,1,1,http://localhost:3002/fir,7,0,0
1675771412643,6,FIr Creation Request,201,Created,Firs Test single user 1-1,text,true,,463,10422,1,1,http://localhost:3002/fir,6,0,0
1675771412650,9,FIr Creation Request,201,Created,Firs Test single user 1-1,text,true,,463,10422,1,1,http://localhost:3002/fir,9,0,1
1675771412660,6,FIr Creation Request,201,Created,Firs Test single user 1-1,text,true,,463,10422,1,1,http://localhost:3002/fir,6,0,0
1675771412667,8,FIr Creation Request,201,Created,Firs Test single user 1-1,text,true,,463,10422,1,1,http://localhost:3002/fir,8,0,1
1675771412676,6,FIr Creation Request,201,Created,Firs Test single user 1-1,text,true,,463,10422,1,1,http://localhost:3002/fir,6,0,0
1675771412683,9,FIr Creation Request,201,Created,Firs Test single user 1-1,text,true,,463,10422,1,1,http://localhost:3002/fir,9,0,0
1675771412694,11,FIr Creation Request,201,Created,Firs Test single user 1-1,text,true,,463,10422,1,1,http://localhost:3002/fir,11,0,0
1675771412706,7,FIr Creation Request,201,Created,Firs Test single user 1-1,text,true,,463,10422,1,1,http://localhost:3002/fir,7,0,0
1675771412714,7,FIr Creation Request,201,Created,Firs Test single user 1-1,text,true,,463,10422,1,1,http://localhost:3002/fir,7,0,1
1675771412722,12,FIr Creation Request,201,Created,Firs Test single user 1-1,text,true,,463,10422,1,1,http://localhost:3002/fir,12,0,0
1675771412735,7,FIr Creation Request,201,Created,Firs Test single user 1-1,text,true,,463,10422,1,1,http://localhost:3002/fir,7,0,0
1675771412743,6,FIr Creation Request,201,Created,Firs Test single user 1-1,text,true,,463,10422,1,1,http://localhost:3002/fir,6,0,0
1675771412751,11,FIr Creation Request,201,Created,Firs Test single user 1-1,text,true,,463,10422,1,1,http://localhost:3002/fir,11,0,0
1675771412764,7,FIr Creation Request,201,Created,Firs Test single user 1-1,text,true,,463,10422,1,1,http://localhost:3002/fir,7,0,0
1675771412772,12,FIr Creation Request,201,Created,Firs Test single user 1-1,text,true,,463,10422,1,1,http://localhost:3002/fir,12,0,0
1675771412786,6,FIr Creation Request,201,Created,Firs Test single user 1-1,text,true,,463,10422,1,1,http://localhost:3002/fir,6,0,0
1675771412794,7,FIr Creation Request,201,Created,Firs Test single user 1-1,text,true,,463,10422,1,1,http://localhost:3002/fir,7,0,0
1675771412802,7,FIr Creation Request,201,Created,Firs Test single user 1-1,text,true,,463,10422,1,1,http://localhost:3002/fir,7,0,1
1675771412810,6,FIr Creation Request,201,Created,Firs Test single user 1-1,text,true,,463,10422,1,1,http://localhost:3002/fir,6,0,0
1675771412818,6,FIr Creation Request,201,Created,Firs Test single user 1-1,text,true,,463,10422,1,1,http://localhost:3002/fir,6,0,0
1675771412825,8,FIr Creation Request,201,Created,Firs Test single user 1-1,text,true,,463,10422,1,1,http://localhost:3002/fir,8,0,1
1675771412835,6,FIr Creation Request,201,Created,Firs Test single user 1-1,text,true,,463,10422,1,1,http://localhost:3002/fir,6,0,0
1675771412842,7,FIr Creation Request,201,Created,Firs Test single user 1-1,text,true,,463,10422,1,1,http://localhost:3002/fir,7,0,0
1675771412850,8,FIr Creation Request,201,Created,Firs Test single user 1-1,text,true,,463,10422,1,1,http://localhost:3002/fir,8,0,1
1675771412859,36,FIr Creation Request,201,Created,Firs Test single user 1-1,text,true,,463,10422,1,1,http://localhost:3002/fir,36,0,1
1675771412896,6,FIr Creation Request,201,Created,Firs Test single user 1-1,text,true,,463,10422,1,1,http://localhost:3002/fir,6,0,0
1675771412903,7,FIr Creation Request,201,Created,Firs Test single user 1-1,text,true,,463,10422,1,1,http://localhost:3002/fir,7,0,0
1675771412911,7,FIr Creation Request,201,Created,Firs Test single user 1-1,text,true,,463,10422,1,1,http://localhost:3002/fir,7,0,1
1675771412919,6,FIr Creation Request,201,Created,Firs Test single user 1-1,text,true,,463,10422,1,1,http://localhost:3002/fir,6,0,0
1675771412926,7,FIr Creation Request,201,Created,Firs Test single user 1-1,text,true,,463,10422,1,1,http://localhost:3002/fir,7,0,1
1675771412934,12,FIr Creation Request,201,Created,Firs Test single user 1-1,text,true,,463,10422,1,1,http://localhost:3002/fir,12,0,0
1675771412947,7,FIr Creation Request,201,Created,Firs Test single user 1-1,text,true,,463,10422,1,1,http://localhost:3002/fir,7,0,0
1675771412954,7,FIr Creation Request,201,Created,Firs Test single user 1-1,text,true,,463,10422,1,1,http://localhost:3002/fir,7,0,0
1675771412963,7,FIr Creation Request,201,Created,Firs Test single user 1-1,text,true,,463,10422,1,1,http://localhost:3002/fir,7,0,0
1675771412971,8,FIr Creation Request,201,Created,Firs Test single user 1-1,text,true,,463,10422,1,1,http://localhost:3002/fir,8,0,0
1675771412980,8,FIr Creation Request,201,Created,Firs Test single user 1-1,text,true,,463,10422,1,1,http://localhost:3002/fir,8,0,1
1675771412989,6,FIr Creation Request,201,Created,Firs Test single user 1-1,text,true,,463,10422,1,1,http://localhost:3002/fir,6,0,0
1675771412997,6,FIr Creation Request,201,Created,Firs Test single user 1-1,text,true,,463,10422,1,1,http://localhost:3002/fir,6,0,0
1675771413004,8,FIr Creation Request,201,Created,Firs Test single user 1-1,text,true,,463,10422,1,1,http://localhost:3002/fir,8,0,1
1675771413013,7,FIr Creation Request,201,Created,Firs Test single user 1-1,text,true,,463,10422,1,1,http://localhost:3002/fir,7,0,1
1675771413021,8,FIr Creation Request,201,Created,Firs Test single user 1-1,text,true,,463,10422,1,1,http://localhost:3002/fir,8,0,0
1675771413030,8,FIr Creation Request,201,Created,Firs Test single user 1-1,text,true,,463,10422,1,1,http://localhost:3002/fir,8,0,0
1675771413039,7,FIr Creation Request,201,Created,Firs Test single user 1-1,text,true,,463,10422,1,1,http://localhost:3002/fir,7,0,0
1675771413047,6,FIr Creation Request,201,Created,Firs Test single user 1-1,text,true,,463,10422,1,1,http://localhost:3002/fir,6,0,0
1675771413055,7,FIr Creation Request,201,Created,Firs Test single user 1-1,text,true,,463,10422,1,1,http://localhost:3002/fir,7,0,0
1675771413063,1237,FIr Creation Request,201,Created,Firs Test single user 1-1,text,true,,463,10422,1,1,http://localhost:3002/fir,1237,0,0
1675771414302,180,FIr Creation Request,201,Created,Firs Test single user 1-1,text,true,,463,10422,1,1,http://localhost:3002/fir,180,0,0
1675771414491,556,FIr Creation Request,201,Created,Firs Test single user 1-1,text,true,,463,10422,1,1,http://localhost:3002/fir,556,0,1
1675771415052,14,FIr Creation Request,201,Created,Firs Test single user 1-1,text,true,,463,10422,1,1,http://localhost:3002/fir,14,0,1
1675771415068,10,FIr Creation Request,201,Created,Firs Test single user 1-1,text,true,,463,10422,1,1,http://localhost:3002/fir,10,0,0
1675771415079,6,FIr Creation Request,201,Created,Firs Test single user 1-1,text,true,,463,10422,1,1,http://localhost:3002/fir,6,0,1
1675771415087,10,FIr Creation Request,201,Created,Firs Test single user 1-1,text,true,,463,10422,1,1,http://localhost:3002/fir,10,0,0
1675771415098,7,FIr Creation Request,201,Created,Firs Test single user 1-1,text,true,,463,10422,1,1,http://localhost:3002/fir,7,0,0
1675771415106,7,FIr Creation Request,201,Created,Firs Test single user 1-1,text,true,,463,10422,1,1,http://localhost:3002/fir,7,0,0
1675771415114,6,FIr Creation Request,201,Created,Firs Test single user 1-1,text,true,,463,10422,1,1,http://localhost:3002/fir,6,0,0
1675771415122,8,FIr Creation Request,201,Created,Firs Test single user 1-1,text,true,,463,10422,1,1,http://localhost:3002/fir,8,0,0
1675771415131,8,FIr Creation Request,201,Created,Firs Test single user 1-1,text,true,,463,10422,1,1,http://localhost:3002/fir,8,0,0
1675771415140,10,FIr Creation Request,201,Created,Firs Test single user 1-1,text,true,,463,10422,1,1,http://localhost:3002/fir,10,0,0
1675771415151,8,FIr Creation Request,201,Created,Firs Test single user 1-1,text,true,,463,10422,1,1,http://localhost:3002/fir,8,0,0
1675771415162,10,FIr Creation Request,201,Created,Firs Test single user 1-1,text,true,,463,10422,1,1,http://localhost:3002/fir,10,0,0
1675771415174,31,FIr Creation Request,201,Created,Firs Test single user 1-1,text,true,,463,10422,1,1,http://localhost:3002/fir,31,0,0
1675771415207,12,FIr Creation Request,201,Created,Firs Test single user 1-1,text,true,,463,10422,1,1,http://localhost:3002/fir,12,0,0
1675771415220,9,FIr Creation Request,201,Created,Firs Test single user 1-1,text,true,,463,10422,1,1,http://localhost:3002/fir,9,0,0
1675771415230,31,FIr Creation Request,201,Created,Firs Test single user 1-1,text,true,,463,10422,1,1,http://localhost:3002/fir,31,0,0
1675771415263,8,FIr Creation Request,201,Created,Firs Test single user 1-1,text,true,,463,10422,1,1,http://localhost:3002/fir,8,0,0
1675771415272,10,FIr Creation Request,201,Created,Firs Test single user 1-1,text,true,,463,10422,1,1,http://localhost:3002/fir,10,0,0
1675771415283,7,FIr Creation Request,201,Created,Firs Test single user 1-1,text,true,,463,10422,1,1,http://localhost:3002/fir,7,0,0
1675771415291,6,FIr Creation Request,201,Created,Firs Test single user 1-1,text,true,,463,10422,1,1,http://localhost:3002/fir,6,0,0
1675771415298,7,FIr Creation Request,201,Created,Firs Test single user 1-1,text,true,,463,10422,1,1,http://localhost:3002/fir,7,0,1
1675771415307,7,FIr Creation Request,201,Created,Firs Test single user 1-1,text,true,,463,10422,1,1,http://localhost:3002/fir,7,0,0
1675771415315,8,FIr Creation Request,201,Created,Firs Test single user 1-1,text,true,,463,10422,1,1,http://localhost:3002/fir,8,0,0
1675771415324,6,FIr Creation Request,201,Created,Firs Test single user 1-1,text,true,,463,10422,1,1,http://localhost:3002/fir,6,0,0
1675771415332,8,FIr Creation Request,201,Created,Firs Test single user 1-1,text,true,,463,10422,1,1,http://localhost:3002/fir,8,0,0
1675771415341,6,FIr Creation Request,201,Created,Firs Test single user 1-1,text,true,,463,10422,1,1,http://localhost:3002/fir,6,0,0
1675771415348,7,FIr Creation Request,201,Created,Firs Test single user 1-1,text,true,,463,10422,1,1,http://localhost:3002/fir,7,0,0
1675771415356,8,FIr Creation Request,201,Created,Firs Test single user 1-1,text,true,,463,10422,1,1,http://localhost:3002/fir,8,0,0
1675771415365,7,FIr Creation Request,201,Created,Firs Test single user 1-1,text,true,,463,10422,1,1,http://localhost:3002/fir,7,0,0
1675771415373,7,FIr Creation Request,201,Created,Firs Test single user 1-1,text,true,,463,10422,1,1,http://localhost:3002/fir,7,0,0
1675771415381,7,FIr Creation Request,201,Created,Firs Test single user 1-1,text,true,,463,10422,1,1,http://localhost:3002/fir,7,0,0
1675771415389,6,FIr Creation Request,201,Created,Firs Test single user 1-1,text,true,,463,10422,1,1,http://localhost:3002/fir,6,0,0
1675771415396,6,FIr Creation Request,201,Created,Firs Test single user 1-1,text,true,,463,10422,1,1,http://localhost:3002/fir,6,0,0
1675771415404,8,FIr Creation Request,201,Created,Firs Test single user 1-1,text,true,,463,10422,1,1,http://localhost:3002/fir,8,0,0
1675771415414,6,FIr Creation Request,201,Created,Firs Test single user 1-1,text,true,,463,10422,1,1,http://localhost:3002/fir,6,0,0
1675771415421,7,FIr Creation Request,201,Created,Firs Test single user 1-1,text,true,,463,10422,1,1,http://localhost:3002/fir,7,0,1
1675771415430,6,FIr Creation Request,201,Created,Firs Test single user 1-1,text,true,,463,10422,1,1,http://localhost:3002/fir,6,0,0
1675771415437,6,FIr Creation Request,201,Created,Firs Test single user 1-1,text,true,,463,10422,1,1,http://localhost:3002/fir,6,0,0
1675771415444,6,FIr Creation Request,201,Created,Firs Test single user 1-1,text,true,,463,10422,1,1,http://localhost:3002/fir,6,0,0
1675771415451,8,FIr Creation Request,201,Created,Firs Test single user 1-1,text,true,,463,10422,1,1,http://localhost:3002/fir,8,0,0
1675771415461,7,FIr Creation Request,201,Created,Firs Test single user 1-1,text,true,,463,10422,1,1,http://localhost:3002/fir,7,0,0
1675771415469,12,FIr Creation Request,201,Created,Firs Test single user 1-1,text,true,,463,10422,1,1,http://localhost:3002/fir,12,0,0
1675771415482,7,FIr Creation Request,201,Created,Firs Test single user 1-1,text,true,,463,10422,1,1,http://localhost:3002/fir,7,0,0
1675771415490,7,FIr Creation Request,201,Created,Firs Test single user 1-1,text,true,,463,10422,1,1,http://localhost:3002/fir,7,0,0
1675771415502,7,FIr Creation Request,201,Created,Firs Test single user 1-1,text,true,,463,10422,1,1,http://localhost:3002/fir,7,0,0
1675771415511,6,FIr Creation Request,201,Created,Firs Test single user 1-1,text,true,,463,10422,1,1,http://localhost:3002/fir,6,0,0
1675771415518,9,FIr Creation Request,201,Created,Firs Test single user 1-1,text,true,,463,10422,1,1,http://localhost:3002/fir,9,0,1
1675771415528,7,FIr Creation Request,201,Created,Firs Test single user 1-1,text,true,,463,10422,1,1,http://localhost:3002/fir,7,0,1
1675771415536,7,FIr Creation Request,201,Created,Firs Test single user 1-1,text,true,,463,10422,1,1,http://localhost:3002/fir,7,0,0
1675771415544,7,FIr Creation Request,201,Created,Firs Test single user 1-1,text,true,,463,10422,1,1,http://localhost:3002/fir,7,0,0
1675771415552,7,FIr Creation Request,201,Created,Firs Test single user 1-1,text,true,,463,10422,1,1,http://localhost:3002/fir,7,0,0
1675771415560,7,FIr Creation Request,201,Created,Firs Test single user 1-1,text,true,,463,10422,1,1,http://localhost:3002/fir,7,0,0
1675771415569,7,FIr Creation Request,201,Created,Firs Test single user 1-1,text,true,,463,10422,1,1,http://localhost:3002/fir,7,0,0
1675771415577,7,FIr Creation Request,201,Created,Firs Test single user 1-1,text,true,,463,10422,1,1,http://localhost:3002/fir,7,0,0
1675771415585,7,FIr Creation Request,201,Created,Firs Test single user 1-1,text,true,,463,10422,1,1,http://localhost:3002/fir,7,0,1
1675771415594,7,FIr Creation Request,201,Created,Firs Test single user 1-1,text,true,,463,10422,1,1,http://localhost:3002/fir,7,0,0
1675771415603,6,FIr Creation Request,201,Created,Firs Test single user 1-1,text,true,,463,10422,1,1,http://localhost:3002/fir,6,0,0
1675771415610,8,FIr Creation Request,201,Created,Firs Test single user 1-1,text,true,,463,10422,1,1,http://localhost:3002/fir,8,0,1
1675771415619,9,FIr Creation Request,201,Created,Firs Test single user 1-1,text,true,,463,10422,1,1,http://localhost:3002/fir,9,0,1
1675771415630,5,FIr Creation Request,201,Created,Firs Test single user 1-1,text,true,,463,10422,1,1,http://localhost:3002/fir,5,0,0
1675771415637,5,FIr Creation Request,201,Created,Firs Test single user 1-1,text,true,,463,10422,1,1,http://localhost:3002/fir,5,0,0
1675771415644,5,FIr Creation Request,201,Created,Firs Test single user 1-1,text,true,,463,10422,1,1,http://localhost:3002/fir,5,0,0
1675771415651,6,FIr Creation Request,201,Created,Firs Test single user 1-1,text,true,,463,10422,1,1,http://localhost:3002/fir,6,0,0
1675771415658,8,FIr Creation Request,201,Created,Firs Test single user 1-1,text,true,,463,10422,1,1,http://localhost:3002/fir,8,0,0
1675771415672,8,FIr Creation Request,201,Created,Firs Test single user 1-1,text,true,,463,10422,1,1,http://localhost:3002/fir,8,0,0
1675771415681,8,FIr Creation Request,201,Created,Firs Test single user 1-1,text,true,,463,10422,1,1,http://localhost:3002/fir,8,0,1
1675771415690,7,FIr Creation Request,201,Created,Firs Test single user 1-1,text,true,,463,10422,1,1,http://localhost:3002/fir,7,0,0
1675771415698,8,FIr Creation Request,201,Created,Firs Test single user 1-1,text,true,,463,10422,1,1,http://localhost:3002/fir,8,0,1
1675771415707,7,FIr Creation Request,201,Created,Firs Test single user 1-1,text,true,,463,10422,1,1,http://localhost:3002/fir,7,0,0
1675771415715,7,FIr Creation Request,201,Created,Firs Test single user 1-1,text,true,,463,10422,1,1,http://localhost:3002/fir,7,0,0
1675771415723,7,FIr Creation Request,201,Created,Firs Test single user 1-1,text,true,,463,10422,1,1,http://localhost:3002/fir,7,0,0
1675771415732,7,FIr Creation Request,201,Created,Firs Test single user 1-1,text,true,,463,10422,1,1,http://localhost:3002/fir,7,0,0
1675771415740,11,FIr Creation Request,201,Created,Firs Test single user 1-1,text,true,,463,10422,1,1,http://localhost:3002/fir,11,0,0
1675771415752,7,FIr Creation Request,201,Created,Firs Test single user 1-1,text,true,,463,10422,1,1,http://localhost:3002/fir,7,0,0
1675771415760,7,FIr Creation Request,201,Created,Firs Test single user 1-1,text,true,,463,10422,1,1,http://localhost:3002/fir,7,0,0
1675771415768,8,FIr Creation Request,201,Created,Firs Test single user 1-1,text,true,,463,10422,1,1,http://localhost:3002/fir,8,0,0
1675771415777,6,FIr Creation Request,201,Created,Firs Test single user 1-1,text,true,,463,10422,1,1,http://localhost:3002/fir,6,0,1
1675771415785,6,FIr Creation Request,201,Created,Firs Test single user 1-1,text,true,,463,10422,1,1,http://localhost:3002/fir,6,0,0
1675771415792,8,FIr Creation Request,201,Created,Firs Test single user 1-1,text,true,,463,10422,1,1,http://localhost:3002/fir,8,0,1
1675771415801,6,FIr Creation Request,201,Created,Firs Test single user 1-1,text,true,,463,10422,1,1,http://localhost:3002/fir,6,0,0
1675771415808,6,FIr Creation Request,201,Created,Firs Test single user 1-1,text,true,,463,10422,1,1,http://localhost:3002/fir,6,0,0
1675771415815,7,FIr Creation Request,201,Created,Firs Test single user 1-1,text,true,,463,10422,1,1,http://localhost:3002/fir,7,0,0
1675771415823,7,FIr Creation Request,201,Created,Firs Test single user 1-1,text,true,,463,10422,1,1,http://localhost:3002/fir,7,0,0
1675771415831,8,FIr Creation Request,201,Created,Firs Test single user 1-1,text,true,,463,10422,1,1,http://localhost:3002/fir,8,0,1
1675771415840,8,FIr Creation Request,201,Created,Firs Test single user 1-1,text,true,,463,10422,1,1,http://localhost:3002/fir,8,0,0
1675771415849,7,FIr Creation Request,201,Created,Firs Test single user 1-1,text,true,,463,10422,1,1,http://localhost:3002/fir,7,0,0
1675771415857,7,FIr Creation Request,201,Created,Firs Test single user 1-1,text,true,,463,10422,1,1,http://localhost:3002/fir,7,0,0
1675771415865,8,FIr Creation Request,201,Created,Firs Test single user 1-1,text,true,,463,10422,1,1,http://localhost:3002/fir,8,0,0
1675771415874,7,FIr Creation Request,201,Created,Firs Test single user 1-1,text,true,,463,10422,1,1,http://localhost:3002/fir,7,0,0
1675771415882,7,FIr Creation Request,201,Created,Firs Test single user 1-1,text,true,,463,10422,1,1,http://localhost:3002/fir,7,0,1
1675771415890,7,FIr Creation Request,201,Created,Firs Test single user 1-1,text,true,,463,10422,1,1,http://localhost:3002/fir,7,0,0
1675771415899,7,FIr Creation Request,201,Created,Firs Test single user 1-1,text,true,,463,10422,1,1,http://localhost:3002/fir,7,0,0
1675771415907,7,FIr Creation Request,201,Created,Firs Test single user 1-1,text,true,,463,10422,1,1,http://localhost:3002/fir,7,0,0
1675771415915,7,FIr Creation Request,201,Created,Firs Test single user 1-1,text,true,,463,10422,1,1,http://localhost:3002/fir,7,0,0
1675771415923,7,FIr Creation Request,201,Created,Firs Test single user 1-1,text,true,,463,10422,1,1,http://localhost:3002/fir,7,0,1
1675771415932,7,FIr Creation Request,201,Created,Firs Test single user 1-1,text,true,,463,10422,1,1,http://localhost:3002/fir,7,0,0
1675771415940,7,FIr Creation Request,201,Created,Firs Test single user 1-1,text,true,,463,10422,1,1,http://localhost:3002/fir,7,0,0
1675771415948,8,FIr Creation Request,201,Created,Firs Test single user 1-1,text,true,,463,10422,1,1,http://localhost:3002/fir,8,0,0
1675771415957,7,FIr Creation Request,201,Created,Firs Test single user 1-1,text,true,,463,10422,1,1,http://localhost:3002/fir,7,0,0
1675771415966,330,FIr Creation Request,201,Created,Firs Test single user 1-1,text,true,,463,10422,1,1,http://localhost:3002/fir,330,0,0
1675771416299,8,FIr Creation Request,201,Created,Firs Test single user 1-1,text,true,,463,10422,1,1,http://localhost:3002/fir,8,0,0
1675771416309,6,FIr Creation Request,201,Created,Firs Test single user 1-1,text,true,,463,10422,1,1,http://localhost:3002/fir,6,0,0
1675771416316,8,FIr Creation Request,201,Created,Firs Test single user 1-1,text,true,,463,10422,1,1,http://localhost:3002/fir,8,0,0
1675771416325,6,FIr Creation Request,201,Created,Firs Test single user 1-1,text,true,,463,10422,1,1,http://localhost:3002/fir,6,0,0
1675771416332,7,FIr Creation Request,201,Created,Firs Test single user 1-1,text,true,,463,10422,1,1,http://localhost:3002/fir,7,0,1
1675771416340,7,FIr Creation Request,201,Created,Firs Test single user 1-1,text,true,,463,10422,1,1,http://localhost:3002/fir,7,0,0
1675771416348,8,FIr Creation Request,201,Created,Firs Test single user 1-1,text,true,,463,10422,1,1,http://localhost:3002/fir,8,0,0
1675771416357,7,FIr Creation Request,201,Created,Firs Test single user 1-1,text,true,,463,10422,1,1,http://localhost:3002/fir,7,0,0
1675771416365,6,FIr Creation Request,201,Created,Firs Test single user 1-1,text,true,,463,10422,1,1,http://localhost:3002/fir,6,0,0
1675771416372,6,FIr Creation Request,201,Created,Firs Test single user 1-1,text,true,,463,10422,1,1,http://localhost:3002/fir,6,0,0
1675771416379,6,FIr Creation Request,201,Created,Firs Test single user 1-1,text,true,,463,10422,1,1,http://localhost:3002/fir,6,0,0
1675771416386,7,FIr Creation Request,201,Created,Firs Test single user 1-1,text,true,,463,10422,1,1,http://localhost:3002/fir,7,0,1
1675771416394,6,FIr Creation Request,201,Created,Firs Test single user 1-1,text,true,,463,10422,1,1,http://localhost:3002/fir,6,0,0
1675771416401,6,FIr Creation Request,201,Created,Firs Test single user 1-1,text,true,,463,10422,1,1,http://localhost:3002/fir,6,0,0
1675771416408,7,FIr Creation Request,201,Created,Firs Test single user 1-1,text,true,,463,10422,1,1,http://localhost:3002/fir,7,0,0
1675771416416,6,FIr Creation Request,201,Created,Firs Test single user 1-1,text,true,,463,10422,1,1,http://localhost:3002/fir,6,0,0
1675771416423,6,FIr Creation Request,201,Created,Firs Test single user 1-1,text,true,,463,10422,1,1,http://localhost:3002/fir,6,0,0
1675771416430,6,FIr Creation Request,201,Created,Firs Test single user 1-1,text,true,,463,10422,1,1,http://localhost:3002/fir,6,0,0
1675771416438,6,FIr Creation Request,201,Created,Firs Test single user 1-1,text,true,,463,10422,1,1,http://localhost:3002/fir,6,0,0
1675771416445,8,FIr Creation Request,201,Created,Firs Test single user 1-1,text,true,,463,10422,1,1,http://localhost:3002/fir,7,0,1
1675771416454,7,FIr Creation Request,201,Created,Firs Test single user 1-1,text,true,,463,10422,1,1,http://localhost:3002/fir,7,0,0
1675771416463,8,FIr Creation Request,201,Created,Firs Test single user 1-1,text,true,,463,10422,1,1,http://localhost:3002/fir,8,0,0
1675771416472,12,FIr Creation Request,201,Created,Firs Test single user 1-1,text,true,,463,10422,1,1,http://localhost:3002/fir,12,0,0
1675771416485,7,FIr Creation Request,201,Created,Firs Test single user 1-1,text,true,,463,10422,1,1,http://localhost:3002/fir,7,0,1
1675771416493,7,FIr Creation Request,201,Created,Firs Test single user 1-1,text,true,,463,10422,1,1,http://localhost:3002/fir,7,0,1
1675771416501,7,FIr Creation Request,201,Created,Firs Test single user 1-1,text,true,,463,10422,1,1,http://localhost:3002/fir,7,0,0
1675771416509,6,FIr Creation Request,201,Created,Firs Test single user 1-1,text,true,,463,10422,1,1,http://localhost:3002/fir,6,0,0
1675771416522,7,FIr Creation Request,201,Created,Firs Test single user 1-1,text,true,,463,10422,1,1,http://localhost:3002/fir,7,0,0
1675771416531,6,FIr Creation Request,201,Created,Firs Test single user 1-1,text,true,,463,10422,1,1,http://localhost:3002/fir,6,0,0
1675771416538,6,FIr Creation Request,201,Created,Firs Test single user 1-1,text,true,,463,10422,1,1,http://localhost:3002/fir,6,0,1
1675771416546,6,FIr Creation Request,201,Created,Firs Test single user 1-1,text,true,,463,10422,1,1,http://localhost:3002/fir,6,0,0
1675771416553,6,FIr Creation Request,201,Created,Firs Test single user 1-1,text,true,,463,10422,1,1,http://localhost:3002/fir,6,0,0
1675771416561,6,FIr Creation Request,201,Created,Firs Test single user 1-1,text,true,,463,10422,1,1,http://localhost:3002/fir,6,0,0
1675771416568,6,FIr Creation Request,201,Created,Firs Test single user 1-1,text,true,,463,10422,1,1,http://localhost:3002/fir,6,0,0
1675771416575,6,FIr Creation Request,201,Created,Firs Test single user 1-1,text,true,,463,10422,1,1,http://localhost:3002/fir,6,0,0
1675771416583,8,FIr Creation Request,201,Created,Firs Test single user 1-1,text,true,,463,10422,1,1,http://localhost:3002/fir,8,0,0
1675771416592,7,FIr Creation Request,201,Created,Firs Test single user 1-1,text,true,,463,10422,1,1,http://localhost:3002/fir,7,0,0
1675771416600,6,FIr Creation Request,201,Created,Firs Test single user 1-1,text,true,,463,10422,1,1,http://localhost:3002/fir,6,0,0
1675771416607,30,FIr Creation Request,201,Created,Firs Test single user 1-1,text,true,,463,10422,1,1,http://localhost:3002/fir,30,0,1
1675771416639,6,FIr Creation Request,201,Created,Firs Test single user 1-1,text,true,,463,10422,1,1,http://localhost:3002/fir,6,0,0
1675771416646,6,FIr Creation Request,201,Created,Firs Test single user 1-1,text,true,,463,10422,1,1,http://localhost:3002/fir,6,0,0
1675771416653,7,FIr Creation Request,201,Created,Firs Test single user 1-1,text,true,,463,10422,1,1,http://localhost:3002/fir,7,0,1
1675771416662,5,FIr Creation Request,201,Created,Firs Test single user 1-1,text,true,,463,10422,1,1,http://localhost:3002/fir,5,0,0
1675771416669,7,FIr Creation Request,201,Created,Firs Test single user 1-1,text,true,,463,10422,1,1,http://localhost:3002/fir,7,0,0
1675771416677,8,FIr Creation Request,201,Created,Firs Test single user 1-1,text,true,,463,10422,1,1,http://localhost:3002/fir,8,0,0
1675771416691,7,FIr Creation Request,201,Created,Firs Test single user 1-1,text,true,,463,10422,1,1,http://localhost:3002/fir,7,0,0
1675771416699,7,FIr Creation Request,201,Created,Firs Test single user 1-1,text,true,,463,10422,1,1,http://localhost:3002/fir,7,0,1
1675771416707,6,FIr Creation Request,201,Created,Firs Test single user 1-1,text,true,,463,10422,1,1,http://localhost:3002/fir,6,0,0
1675771416715,5,FIr Creation Request,201,Created,Firs Test single user 1-1,text,true,,463,10422,1,1,http://localhost:3002/fir,5,0,0
1675771416722,6,FIr Creation Request,201,Created,Firs Test single user 1-1,text,true,,463,10422,1,1,http://localhost:3002/fir,6,0,0
1675771416729,6,FIr Creation Request,201,Created,Firs Test single user 1-1,text,true,,463,10422,1,1,http://localhost:3002/fir,6,0,0
1675771416736,9,FIr Creation Request,201,Created,Firs Test single user 1-1,text,true,,463,10422,1,1,http://localhost:3002/fir,9,0,1
1675771416747,6,FIr Creation Request,201,Created,Firs Test single user 1-1,text,true,,463,10422,1,1,http://localhost:3002/fir,6,0,0
1675771416754,7,FIr Creation Request,201,Created,Firs Test single user 1-1,text,true,,463,10422,1,1,http://localhost:3002/fir,7,0,1
1675771416762,6,FIr Creation Request,201,Created,Firs Test single user 1-1,text,true,,463,10422,1,1,http://localhost:3002/fir,6,0,0
1675771416769,7,FIr Creation Request,201,Created,Firs Test single user 1-1,text,true,,463,10422,1,1,http://localhost:3002/fir,7,0,0
1675771416777,7,FIr Creation Request,201,Created,Firs Test single user 1-1,text,true,,463,10422,1,1,http://localhost:3002/fir,7,0,0
1675771416785,6,FIr Creation Request,201,Created,Firs Test single user 1-1,text,true,,463,10422,1,1,http://localhost:3002/fir,6,0,0
1675771416792,6,FIr Creation Request,201,Created,Firs Test single user 1-1,text,true,,463,10422,1,1,http://localhost:3002/fir,6,0,1
1675771416800,6,FIr Creation Request,201,Created,Firs Test single user 1-1,text,true,,463,10422,1,1,http://localhost:3002/fir,6,0,0
1675771416807,8,FIr Creation Request,201,Created,Firs Test single user 1-1,text,true,,463,10422,1,1,http://localhost:3002/fir,8,0,0
1675771416816,7,FIr Creation Request,201,Created,Firs Test single user 1-1,text,true,,463,10422,1,1,http://localhost:3002/fir,7,0,0
1675771416824,8,FIr Creation Request,201,Created,Firs Test single user 1-1,text,true,,463,10422,1,1,http://localhost:3002/fir,8,0,0
1675771416833,7,FIr Creation Request,201,Created,Firs Test single user 1-1,text,true,,463,10422,1,1,http://localhost:3002/fir,7,0,0
1675771416841,7,FIr Creation Request,201,Created,Firs Test single user 1-1,text,true,,463,10422,1,1,http://localhost:3002/fir,7,0,0
1675771416849,8,FIr Creation Request,201,Created,Firs Test single user 1-1,text,true,,463,10422,1,1,http://localhost:3002/fir,8,0,0
1675771416858,7,FIr Creation Request,201,Created,Firs Test single user 1-1,text,true,,463,10422,1,1,http://localhost:3002/fir,7,0,0
1675771416866,7,FIr Creation Request,201,Created,Firs Test single user 1-1,text,true,,463,10422,1,1,http://localhost:3002/fir,7,0,1
1675771416874,6,FIr Creation Request,201,Created,Firs Test single user 1-1,text,true,,463,10422,1,1,http://localhost:3002/fir,6,0,1
1675771416882,9,FIr Creation Request,201,Created,Firs Test single user 1-1,text,true,,463,10422,1,1,http://localhost:3002/fir,9,0,0
1675771416892,7,FIr Creation Request,201,Created,Firs Test single user 1-1,text,true,,463,10422,1,1,http://localhost:3002/fir,7,0,1
1675771416900,6,FIr Creation Request,201,Created,Firs Test single user 1-1,text,true,,463,10422,1,1,http://localhost:3002/fir,6,0,0
1675771416907,8,FIr Creation Request,201,Created,Firs Test single user 1-1,text,true,,463,10422,1,1,http://localhost:3002/fir,8,0,1
1675771416916,8,FIr Creation Request,201,Created,Firs Test single user 1-1,text,true,,463,10422,1,1,http://localhost:3002/fir,8,0,0
1675771416925,6,FIr Creation Request,201,Created,Firs Test single user 1-1,text,true,,463,10422,1,1,http://localhost:3002/fir,6,0,0
1675771416932,12,FIr Creation Request,201,Created,Firs Test single user 1-1,text,true,,463,10422,1,1,http://localhost:3002/fir,12,0,1
1675771416945,7,FIr Creation Request,201,Created,Firs Test single user 1-1,text,true,,463,10422,1,1,http://localhost:3002/fir,7,0,1
1675771416953,7,FIr Creation Request,201,Created,Firs Test single user 1-1,text,true,,463,10422,1,1,http://localhost:3002/fir,7,0,0
1675771416961,12,FIr Creation Request,201,Created,Firs Test single user 1-1,text,true,,463,10422,1,1,http://localhost:3002/fir,12,0,0
1675771416975,6,FIr Creation Request,201,Created,Firs Test single user 1-1,text,true,,463,10422,1,1,http://localhost:3002/fir,6,0,0
1675771416982,8,FIr Creation Request,201,Created,Firs Test single user 1-1,text,true,,463,10422,1,1,http://localhost:3002/fir,8,0,1
1675771416991,7,FIr Creation Request,201,Created,Firs Test single user 1-1,text,true,,463,10422,1,1,http://localhost:3002/fir,7,0,0
1675771416999,10,FIr Creation Request,201,Created,Firs Test single user 1-1,text,true,,463,10422,1,1,http://localhost:3002/fir,10,0,0
1675771417010,6,FIr Creation Request,201,Created,Firs Test single user 1-1,text,true,,463,10422,1,1,http://localhost:3002/fir,6,0,1
1675771417017,7,FIr Creation Request,201,Created,Firs Test single user 1-1,text,true,,463,10422,1,1,http://localhost:3002/fir,7,0,0
1675771417029,8,FIr Creation Request,201,Created,Firs Test single user 1-1,text,true,,463,10422,1,1,http://localhost:3002/fir,8,0,0
1675771417039,6,FIr Creation Request,201,Created,Firs Test single user 1-1,text,true,,463,10422,1,1,http://localhost:3002/fir,6,0,0
1675771417046,7,FIr Creation Request,201,Created,Firs Test single user 1-1,text,true,,463,10422,1,1,http://localhost:3002/fir,7,0,1
1675771417054,6,FIr Creation Request,201,Created,Firs Test single user 1-1,text,true,,463,10422,1,1,http://localhost:3002/fir,6,0,0
1675771417061,7,FIr Creation Request,201,Created,Firs Test single user 1-1,text,true,,463,10422,1,1,http://localhost:3002/fir,7,0,1
1675771417069,6,FIr Creation Request,201,Created,Firs Test single user 1-1,text,true,,463,10422,1,1,http://localhost:3002/fir,6,0,0
1675771417076,7,FIr Creation Request,201,Created,Firs Test single user 1-1,text,true,,463,10422,1,1,http://localhost:3002/fir,7,0,1
1675771417084,8,FIr Creation Request,201,Created,Firs Test single user 1-1,text,true,,463,10422,1,1,http://localhost:3002/fir,8,0,0
1675771417094,6,FIr Creation Request,201,Created,Firs Test single user 1-1,text,true,,463,10422,1,1,http://localhost:3002/fir,6,0,0
1675771417101,6,FIr Creation Request,201,Created,Firs Test single user 1-1,text,true,,463,10422,1,1,http://localhost:3002/fir,6,0,0
1675771417108,7,FIr Creation Request,201,Created,Firs Test single user 1-1,text,true,,463,10422,1,1,http://localhost:3002/fir,7,0,1
1675771417116,7,FIr Creation Request,201,Created,Firs Test single user 1-1,text,true,,463,10422,1,1,http://localhost:3002/fir,7,0,0
1675771417124,7,FIr Creation Request,201,Created,Firs Test single user 1-1,text,true,,463,10422,1,1,http://localhost:3002/fir,7,0,0
1675771417132,8,FIr Creation Request,201,Created,Firs Test single user 1-1,text,true,,463,10422,1,1,http://localhost:3002/fir,8,0,0
1675771417141,7,FIr Creation Request,201,Created,Firs Test single user 1-1,text,true,,463,10422,1,1,http://localhost:3002/fir,7,0,0
1675771417149,8,FIr Creation Request,201,Created,Firs Test single user 1-1,text,true,,463,10422,1,1,http://localhost:3002/fir,8,0,1
1675771417158,7,FIr Creation Request,201,Created,Firs Test single user 1-1,text,true,,463,10422,1,1,http://localhost:3002/fir,7,0,0
1675771417166,7,FIr Creation Request,201,Created,Firs Test single user 1-1,text,true,,463,10422,1,1,http://localhost:3002/fir,7,0,0
1675771417174,11,FIr Creation Request,201,Created,Firs Test single user 1-1,text,true,,463,10422,1,1,http://localhost:3002/fir,11,0,1
1675771417186,8,FIr Creation Request,201,Created,Firs Test single user 1-1,text,true,,463,10422,1,1,http://localhost:3002/fir,8,0,0
1675771417202,6,FIr Creation Request,201,Created,Firs Test single user 1-1,text,true,,463,10422,1,1,http://localhost:3002/fir,6,0,0
1675771417209,7,FIr Creation Request,201,Created,Firs Test single user 1-1,text,true,,463,10422,1,1,http://localhost:3002/fir,7,0,1
1675771417217,7,FIr Creation Request,201,Created,Firs Test single user 1-1,text,true,,463,10422,1,1,http://localhost:3002/fir,7,0,0
1675771417225,7,FIr Creation Request,201,Created,Firs Test single user 1-1,text,true,,463,10422,1,1,http://localhost:3002/fir,7,0,0
1675771417233,8,FIr Creation Request,201,Created,Firs Test single user 1-1,text,true,,463,10422,1,1,http://localhost:3002/fir,8,0,0
1675771417242,7,FIr Creation Request,201,Created,Firs Test single user 1-1,text,true,,463,10422,1,1,http://localhost:3002/fir,7,0,0
1675771417250,7,FIr Creation Request,201,Created,Firs Test single user 1-1,text,true,,463,10422,1,1,http://localhost:3002/fir,7,0,0
1675771417258,7,FIr Creation Request,201,Created,Firs Test single user 1-1,text,true,,463,10422,1,1,http://localhost:3002/fir,7,0,0
1675771417266,7,FIr Creation Request,201,Created,Firs Test single user 1-1,text,true,,463,10422,1,1,http://localhost:3002/fir,7,0,0
1675771417274,7,FIr Creation Request,201,Created,Firs Test single user 1-1,text,true,,463,10422,1,1,http://localhost:3002/fir,7,0,0
1675771417283,7,FIr Creation Request,201,Created,Firs Test single user 1-1,text,true,,463,10422,1,1,http://localhost:3002/fir,7,0,0
1675771417291,7,FIr Creation Request,201,Created,Firs Test single user 1-1,text,true,,463,10422,1,1,http://localhost:3002/fir,7,0,0
1675771417299,8,FIr Creation Request,201,Created,Firs Test single user 1-1,text,true,,463,10422,1,1,http://localhost:3002/fir,8,0,1
1675771417308,8,FIr Creation Request,201,Created,Firs Test single user 1-1,text,true,,463,10422,1,1,http://localhost:3002/fir,8,0,0
1675771417317,917,FIr Creation Request,201,Created,Firs Test single user 1-1,text,true,,463,10422,1,1,http://localhost:3002/fir,917,0,0
1675771418238,32,FIr Creation Request,201,Created,Firs Test single user 1-1,text,true,,463,10422,1,1,http://localhost:3002/fir,32,0,0
1675771418273,21,FIr Creation Request,201,Created,Firs Test single user 1-1,text,true,,463,10422,1,1,http://localhost:3002/fir,21,0,0
1675771418296,192,FIr Creation Request,201,Created,Firs Test single user 1-1,text,true,,463,10422,1,1,http://localhost:3002/fir,192,0,0
1675771418490,5,FIr Creation Request,201,Created,Firs Test single user 1-1,text,true,,463,10422,1,1,http://localhost:3002/fir,5,0,0
1675771418496,9,FIr Creation Request,201,Created,Firs Test single user 1-1,text,true,,463,10422,1,1,http://localhost:3002/fir,9,0,1
1675771418507,85,FIr Creation Request,201,Created,Firs Test single user 1-1,text,true,,463,10422,1,1,http://localhost:3002/fir,85,0,0
1675771418594,14,FIr Creation Request,201,Created,Firs Test single user 1-1,text,true,,463,10422,1,1,http://localhost:3002/fir,14,0,0
1675771418610,7,FIr Creation Request,201,Created,Firs Test single user 1-1,text,true,,463,10422,1,1,http://localhost:3002/fir,7,0,0
1675771418619,23,FIr Creation Request,201,Created,Firs Test single user 1-1,text,true,,463,10422,1,1,http://localhost:3002/fir,23,0,0
1675771418644,5,FIr Creation Request,201,Created,Firs Test single user 1-1,text,true,,463,10422,1,1,http://localhost:3002/fir,5,0,0
1675771418651,209,FIr Creation Request,201,Created,Firs Test single user 1-1,text,true,,463,10422,1,1,http://localhost:3002/fir,209,0,0
1675771418898,399,FIr Creation Request,201,Created,Firs Test single user 1-1,text,true,,463,10422,1,1,http://localhost:3002/fir,399,0,1
1675771419298,364,FIr Creation Request,201,Created,Firs Test single user 1-1,text,true,,463,10422,1,1,http://localhost:3002/fir,364,0,1
1675771419666,6,FIr Creation Request,201,Created,Firs Test single user 1-1,text,true,,463,10422,1,1,http://localhost:3002/fir,6,0,1
1675771419674,8,FIr Creation Request,201,Created,Firs Test single user 1-1,text,true,,463,10422,1,1,http://localhost:3002/fir,8,0,0
1675771419684,7,FIr Creation Request,201,Created,Firs Test single user 1-1,text,true,,463,10422,1,1,http://localhost:3002/fir,7,0,0
1675771419692,9,FIr Creation Request,201,Created,Firs Test single user 1-1,text,true,,463,10422,1,1,http://localhost:3002/fir,9,0,0
1675771419702,9,FIr Creation Request,201,Created,Firs Test single user 1-1,text,true,,463,10422,1,1,http://localhost:3002/fir,9,0,0
1675771419712,9,FIr Creation Request,201,Created,Firs Test single user 1-1,text,true,,463,10422,1,1,http://localhost:3002/fir,9,0,1
1675771419723,7,FIr Creation Request,201,Created,Firs Test single user 1-1,text,true,,463,10422,1,1,http://localhost:3002/fir,7,0,0
1675771419731,8,FIr Creation Request,201,Created,Firs Test single user 1-1,text,true,,463,10422,1,1,http://localhost:3002/fir,8,0,0
1675771419744,10,FIr Creation Request,201,Created,Firs Test single user 1-1,text,true,,463,10422,1,1,http://localhost:3002/fir,10,0,0
1675771419755,11,FIr Creation Request,201,Created,Firs Test single user 1-1,text,true,,463,10422,1,1,http://localhost:3002/fir,11,0,0
1675771419767,8,FIr Creation Request,201,Created,Firs Test single user 1-1,text,true,,463,10422,1,1,http://localhost:3002/fir,8,0,0
1675771419776,10,FIr Creation Request,201,Created,Firs Test single user 1-1,text,true,,463,10422,1,1,http://localhost:3002/fir,10,0,0
1675771419788,7,FIr Creation Request,201,Created,Firs Test single user 1-1,text,true,,463,10422,1,1,http://localhost:3002/fir,7,0,0
1675771419796,10,FIr Creation Request,201,Created,Firs Test single user 1-1,text,true,,463,10422,1,1,http://localhost:3002/fir,10,0,0
1675771419807,9,FIr Creation Request,201,Created,Firs Test single user 1-1,text,true,,463,10422,1,1,http://localhost:3002/fir,9,0,1
1675771419817,6,FIr Creation Request,201,Created,Firs Test single user 1-1,text,true,,463,10422,1,1,http://localhost:3002/fir,6,0,0
1675771419824,7,FIr Creation Request,201,Created,Firs Test single user 1-1,text,true,,463,10422,1,1,http://localhost:3002/fir,7,0,1
1675771419832,7,FIr Creation Request,201,Created,Firs Test single user 1-1,text,true,,463,10422,1,1,http://localhost:3002/fir,6,0,0
1675771419840,7,FIr Creation Request,201,Created,Firs Test single user 1-1,text,true,,463,10422,1,1,http://localhost:3002/fir,7,0,0
1675771419848,8,FIr Creation Request,201,Created,Firs Test single user 1-1,text,true,,463,10422,1,1,http://localhost:3002/fir,8,0,0
1675771419857,7,FIr Creation Request,201,Created,Firs Test single user 1-1,text,true,,463,10422,1,1,http://localhost:3002/fir,7,0,1
1675771419865,7,FIr Creation Request,201,Created,Firs Test single user 1-1,text,true,,463,10422,1,1,http://localhost:3002/fir,7,0,1
1675771419873,11,FIr Creation Request,201,Created,Firs Test single user 1-1,text,true,,463,10422,1,1,http://localhost:3002/fir,11,0,0
1675771419885,6,FIr Creation Request,201,Created,Firs Test single user 1-1,text,true,,463,10422,1,1,http://localhost:3002/fir,6,0,0
1675771419892,6,FIr Creation Request,201,Created,Firs Test single user 1-1,text,true,,463,10422,1,1,http://localhost:3002/fir,6,0,0
1675771419899,6,FIr Creation Request,201,Created,Firs Test single user 1-1,text,true,,463,10422,1,1,http://localhost:3002/fir,6,0,0
1675771419907,6,FIr Creation Request,201,Created,Firs Test single user 1-1,text,true,,463,10422,1,1,http://localhost:3002/fir,6,0,0
1675771419914,8,FIr Creation Request,201,Created,Firs Test single user 1-1,text,true,,463,10422,1,1,http://localhost:3002/fir,8,0,0
1675771419923,6,FIr Creation Request,201,Created,Firs Test single user 1-1,text,true,,463,10422,1,1,http://localhost:3002/fir,6,0,0
1675771419931,5,FIr Creation Request,201,Created,Firs Test single user 1-1,text,true,,463,10422,1,1,http://localhost:3002/fir,5,0,0
1675771419937,7,FIr Creation Request,201,Created,Firs Test single user 1-1,text,true,,463,10422,1,1,http://localhost:3002/fir,7,0,1
1675771419945,7,FIr Creation Request,201,Created,Firs Test single user 1-1,text,true,,463,10422,1,1,http://localhost:3002/fir,7,0,0
1675771419953,7,FIr Creation Request,201,Created,Firs Test single user 1-1,text,true,,463,10422,1,1,http://localhost:3002/fir,7,0,0
1675771419961,7,FIr Creation Request,201,Created,Firs Test single user 1-1,text,true,,463,10422,1,1,http://localhost:3002/fir,7,0,1
1675771419970,7,FIr Creation Request,201,Created,Firs Test single user 1-1,text,true,,463,10422,1,1,http://localhost:3002/fir,7,0,0
1675771419978,7,FIr Creation Request,201,Created,Firs Test single user 1-1,text,true,,463,10422,1,1,http://localhost:3002/fir,7,0,1
1675771419986,8,FIr Creation Request,201,Created,Firs Test single user 1-1,text,true,,463,10422,1,1,http://localhost:3002/fir,8,0,1
1675771419995,7,FIr Creation Request,201,Created,Firs Test single user 1-1,text,true,,463,10422,1,1,http://localhost:3002/fir,7,0,0
1675771420003,8,FIr Creation Request,201,Created,Firs Test single user 1-1,text,true,,463,10422,1,1,http://localhost:3002/fir,8,0,0
1675771420012,7,FIr Creation Request,201,Created,Firs Test single user 1-1,text,true,,463,10422,1,1,http://localhost:3002/fir,7,0,0
1675771420020,7,FIr Creation Request,201,Created,Firs Test single user 1-1,text,true,,463,10422,1,1,http://localhost:3002/fir,7,0,0
1675771420028,7,FIr Creation Request,201,Created,Firs Test single user 1-1,text,true,,463,10422,1,1,http://localhost:3002/fir,7,0,0
1675771420037,6,FIr Creation Request,201,Created,Firs Test single user 1-1,text,true,,463,10422,1,1,http://localhost:3002/fir,6,0,0
1675771420045,7,FIr Creation Request,201,Created,Firs Test single user 1-1,text,true,,463,10422,1,1,http://localhost:3002/fir,7,0,0
1675771420053,7,FIr Creation Request,201,Created,Firs Test single user 1-1,text,true,,463,10422,1,1,http://localhost:3002/fir,7,0,0
1675771420062,6,FIr Creation Request,201,Created,Firs Test single user 1-1,text,true,,463,10422,1,1,http://localhost:3002/fir,6,0,0
1675771420070,8,FIr Creation Request,201,Created,Firs Test single user 1-1,text,true,,463,10422,1,1,http://localhost:3002/fir,8,0,0
1675771420079,451,FIr Creation Request,201,Created,Firs Test single user 1-1,text,true,,463,10422,1,1,http://localhost:3002/fir,451,0,0
1675771420532,29,FIr Creation Request,201,Created,Firs Test single user 1-1,text,true,,463,10422,1,1,http://localhost:3002/fir,29,0,1
1675771420563,9,FIr Creation Request,201,Created,Firs Test single user 1-1,text,true,,463,10422,1,1,http://localhost:3002/fir,9,0,0
1675771420573,6,FIr Creation Request,201,Created,Firs Test single user 1-1,text,true,,463,10422,1,1,http://localhost:3002/fir,6,0,0
1675771420580,7,FIr Creation Request,201,Created,Firs Test single user 1-1,text,true,,463,10422,1,1,http://localhost:3002/fir,7,0,1
1675771420588,7,FIr Creation Request,201,Created,Firs Test single user 1-1,text,true,,463,10422,1,1,http://localhost:3002/fir,7,0,0
1675771420596,7,FIr Creation Request,201,Created,Firs Test single user 1-1,text,true,,463,10422,1,1,http://localhost:3002/fir,7,0,0
1675771420604,7,FIr Creation Request,201,Created,Firs Test single user 1-1,text,true,,463,10422,1,1,http://localhost:3002/fir,7,0,0
1675771420613,10,FIr Creation Request,201,Created,Firs Test single user 1-1,text,true,,463,10422,1,1,http://localhost:3002/fir,10,0,1
1675771420624,7,FIr Creation Request,201,Created,Firs Test single user 1-1,text,true,,463,10422,1,1,http://localhost:3002/fir,7,0,0
1675771420633,8,FIr Creation Request,201,Created,Firs Test single user 1-1,text,true,,463,10422,1,1,http://localhost:3002/fir,8,0,0
1675771420642,7,FIr Creation Request,201,Created,Firs Test single user 1-1,text,true,,463,10422,1,1,http://localhost:3002/fir,7,0,0
1675771420650,6,FIr Creation Request,201,Created,Firs Test single user 1-1,text,true,,463,10422,1,1,http://localhost:3002/fir,6,0,0
1675771420657,9,FIr Creation Request,201,Created,Firs Test single user 1-1,text,true,,463,10422,1,1,http://localhost:3002/fir,9,0,1
1675771420668,7,FIr Creation Request,201,Created,Firs Test single user 1-1,text,true,,463,10422,1,1,http://localhost:3002/fir,7,0,0
1675771420677,6,FIr Creation Request,201,Created,Firs Test single user 1-1,text,true,,463,10422,1,1,http://localhost:3002/fir,6,0,0
1675771420685,6,FIr Creation Request,201,Created,Firs Test single user 1-1,text,true,,463,10422,1,1,http://localhost:3002/fir,6,0,0
1675771420692,7,FIr Creation Request,201,Created,Firs Test single user 1-1,text,true,,463,10422,1,1,http://localhost:3002/fir,7,0,1
1675771420700,6,FIr Creation Request,201,Created,Firs Test single user 1-1,text,true,,463,10422,1,1,http://localhost:3002/fir,6,0,0
1675771420707,7,FIr Creation Request,201,Created,Firs Test single user 1-1,text,true,,463,10422,1,1,http://localhost:3002/fir,7,0,1
1675771420715,7,FIr Creation Request,201,Created,Firs Test single user 1-1,text,true,,463,10422,1,1,http://localhost:3002/fir,7,0,0
1675771420723,7,FIr Creation Request,201,Created,Firs Test single user 1-1,text,true,,463,10422,1,1,http://localhost:3002/fir,7,0,0
1675771420731,8,FIr Creation Request,201,Created,Firs Test single user 1-1,text,true,,463,10422,1,1,http://localhost:3002/fir,8,0,1
1675771420740,8,FIr Creation Request,201,Created,Firs Test single user 1-1,text,true,,463,10422,1,1,http://localhost:3002/fir,8,0,0
1675771420749,6,FIr Creation Request,201,Created,Firs Test single user 1-1,text,true,,463,10422,1,1,http://localhost:3002/fir,6,0,0
1675771420756,6,FIr Creation Request,201,Created,Firs Test single user 1-1,text,true,,463,10422,1,1,http://localhost:3002/fir,6,0,0
1675771420769,8,FIr Creation Request,201,Created,Firs Test single user 1-1,text,true,,463,10422,1,1,http://localhost:3002/fir,8,0,0
1675771420778,6,FIr Creation Request,201,Created,Firs Test single user 1-1,text,true,,463,10422,1,1,http://localhost:3002/fir,6,0,0
1675771420785,6,FIr Creation Request,201,Created,Firs Test single user 1-1,text,true,,463,10422,1,1,http://localhost:3002/fir,6,0,0
1675771420792,6,FIr Creation Request,201,Created,Firs Test single user 1-1,text,true,,463,10422,1,1,http://localhost:3002/fir,6,0,1
1675771420800,5,FIr Creation Request,201,Created,Firs Test single user 1-1,text,true,,463,10422,1,1,http://localhost:3002/fir,5,0,0
1675771420807,12,FIr Creation Request,201,Created,Firs Test single user 1-1,text,true,,463,10422,1,1,http://localhost:3002/fir,12,0,0
1675771420820,8,FIr Creation Request,201,Created,Firs Test single user 1-1,text,true,,463,10422,1,1,http://localhost:3002/fir,8,0,0
1675771420829,10,FIr Creation Request,201,Created,Firs Test single user 1-1,text,true,,463,10422,1,1,http://localhost:3002/fir,10,0,0
1675771420840,7,FIr Creation Request,201,Created,Firs Test single user 1-1,text,true,,463,10422,1,1,http://localhost:3002/fir,7,0,0
1675771420849,7,FIr Creation Request,201,Created,Firs Test single user 1-1,text,true,,463,10422,1,1,http://localhost:3002/fir,7,0,0
1675771420857,7,FIr Creation Request,201,Created,Firs Test single user 1-1,text,true,,463,10422,1,1,http://localhost:3002/fir,7,0,0
1675771420865,8,FIr Creation Request,201,Created,Firs Test single user 1-1,text,true,,463,10422,1,1,http://localhost:3002/fir,8,0,0
1675771420874,7,FIr Creation Request,201,Created,Firs Test single user 1-1,text,true,,463,10422,1,1,http://localhost:3002/fir,7,0,0
1675771420882,7,FIr Creation Request,201,Created,Firs Test single user 1-1,text,true,,463,10422,1,1,http://localhost:3002/fir,7,0,0
1675771420890,7,FIr Creation Request,201,Created,Firs Test single user 1-1,text,true,,463,10422,1,1,http://localhost:3002/fir,7,0,0
1675771420898,7,FIr Creation Request,201,Created,Firs Test single user 1-1,text,true,,463,10422,1,1,http://localhost:3002/fir,7,0,0
1675771420906,6,FIr Creation Request,201,Created,Firs Test single user 1-1,text,true,,463,10422,1,1,http://localhost:3002/fir,6,0,0
1675771420913,6,FIr Creation Request,201,Created,Firs Test single user 1-1,text,true,,463,10422,1,1,http://localhost:3002/fir,6,0,0
1675771420920,5,FIr Creation Request,201,Created,Firs Test single user 1-1,text,true,,463,10422,1,1,http://localhost:3002/fir,5,0,0
1675771420927,5,FIr Creation Request,201,Created,Firs Test single user 1-1,text,true,,463,10422,1,1,http://localhost:3002/fir,5,0,0
1675771420934,6,FIr Creation Request,201,Created,Firs Test single user 1-1,text,true,,463,10422,1,1,http://localhost:3002/fir,6,0,0
1675771420941,7,FIr Creation Request,201,Created,Firs Test single user 1-1,text,true,,463,10422,1,1,http://localhost:3002/fir,7,0,0
1675771420950,6,FIr Creation Request,201,Created,Firs Test single user 1-1,text,true,,463,10422,1,1,http://localhost:3002/fir,6,0,0
1675771420957,8,FIr Creation Request,201,Created,Firs Test single user 1-1,text,true,,463,10422,1,1,http://localhost:3002/fir,8,0,0
1675771420966,6,FIr Creation Request,201,Created,Firs Test single user 1-1,text,true,,463,10422,1,1,http://localhost:3002/fir,6,0,0
1675771420974,7,FIr Creation Request,201,Created,Firs Test single user 1-1,text,true,,463,10422,1,1,http://localhost:3002/fir,7,0,0
1675771420982,7,FIr Creation Request,201,Created,Firs Test single user 1-1,text,true,,463,10422,1,1,http://localhost:3002/fir,7,0,0
1675771420990,11,FIr Creation Request,201,Created,Firs Test single user 1-1,text,true,,463,10422,1,1,http://localhost:3002/fir,11,0,0
1675771421002,6,FIr Creation Request,201,Created,Firs Test single user 1-1,text,true,,463,10422,1,1,http://localhost:3002/fir,6,0,0
1675771421010,9,FIr Creation Request,201,Created,Firs Test single user 1-1,text,true,,463,10422,1,1,http://localhost:3002/fir,9,0,0
1675771421020,8,FIr Creation Request,201,Created,Firs Test single user 1-1,text,true,,463,10422,1,1,http://localhost:3002/fir,8,0,0
1675771421029,7,FIr Creation Request,201,Created,Firs Test single user 1-1,text,true,,463,10422,1,1,http://localhost:3002/fir,7,0,0
1675771421037,7,FIr Creation Request,201,Created,Firs Test single user 1-1,text,true,,463,10422,1,1,http://localhost:3002/fir,7,0,0
1675771421045,8,FIr Creation Request,201,Created,Firs Test single user 1-1,text,true,,463,10422,1,1,http://localhost:3002/fir,8,0,0
1675771421054,7,FIr Creation Request,201,Created,Firs Test single user 1-1,text,true,,463,10422,1,1,http://localhost:3002/fir,7,0,0
1675771421062,7,FIr Creation Request,201,Created,Firs Test single user 1-1,text,true,,463,10422,1,1,http://localhost:3002/fir,7,0,0
1675771421070,7,FIr Creation Request,201,Created,Firs Test single user 1-1,text,true,,463,10422,1,1,http://localhost:3002/fir,7,0,1
1675771421078,10,FIr Creation Request,201,Created,Firs Test single user 1-1,text,true,,463,10422,1,1,http://localhost:3002/fir,10,0,0
1675771421090,7,FIr Creation Request,201,Created,Firs Test single user 1-1,text,true,,463,10422,1,1,http://localhost:3002/fir,7,0,0
1675771421098,8,FIr Creation Request,201,Created,Firs Test single user 1-1,text,true,,463,10422,1,1,http://localhost:3002/fir,8,0,0
1675771421108,6,FIr Creation Request,201,Created,Firs Test single user 1-1,text,true,,463,10422,1,1,http://localhost:3002/fir,6,0,0
1675771421115,7,FIr Creation Request,201,Created,Firs Test single user 1-1,text,true,,463,10422,1,1,http://localhost:3002/fir,7,0,1
1675771421125,8,FIr Creation Request,201,Created,Firs Test single user 1-1,text,true,,463,10422,1,1,http://localhost:3002/fir,8,0,0
1675771421135,6,FIr Creation Request,201,Created,Firs Test single user 1-1,text,true,,463,10422,1,1,http://localhost:3002/fir,6,0,0
1675771421142,6,FIr Creation Request,201,Created,Firs Test single user 1-1,text,true,,463,10422,1,1,http://localhost:3002/fir,6,0,0
1675771421149,6,FIr Creation Request,201,Created,Firs Test single user 1-1,text,true,,463,10422,1,1,http://localhost:3002/fir,6,0,1
1675771421157,6,FIr Creation Request,201,Created,Firs Test single user 1-1,text,true,,463,10422,1,1,http://localhost:3002/fir,6,0,0
1675771421164,9,FIr Creation Request,201,Created,Firs Test single user 1-1,text,true,,463,10422,1,1,http://localhost:3002/fir,9,0,0
1675771421174,7,FIr Creation Request,201,Created,Firs Test single user 1-1,text,true,,463,10422,1,1,http://localhost:3002/fir,7,0,1
1675771421182,7,FIr Creation Request,201,Created,Firs Test single user 1-1,text,true,,463,10422,1,1,http://localhost:3002/fir,7,0,0
1675771421190,8,FIr Creation Request,201,Created,Firs Test single user 1-1,text,true,,463,10422,1,1,http://localhost:3002/fir,8,0,1
1675771421199,6,FIr Creation Request,201,Created,Firs Test single user 1-1,text,true,,463,10422,1,1,http://localhost:3002/fir,6,0,0
1675771421207,6,FIr Creation Request,201,Created,Firs Test single user 1-1,text,true,,463,10422,1,1,http://localhost:3002/fir,6,0,0
1675771421214,6,FIr Creation Request,201,Created,Firs Test single user 1-1,text,true,,463,10422,1,1,http://localhost:3002/fir,6,0,0
1675771421221,10,FIr Creation Request,201,Created,Firs Test single user 1-1,text,true,,463,10422,1,1,http://localhost:3002/fir,10,0,0
1675771421232,7,FIr Creation Request,201,Created,Firs Test single user 1-1,text,true,,463,10422,1,1,http://localhost:3002/fir,7,0,0
1675771421240,6,FIr Creation Request,201,Created,Firs Test single user 1-1,text,true,,463,10422,1,1,http://localhost:3002/fir,6,0,1
1675771421248,9,FIr Creation Request,201,Created,Firs Test single user 1-1,text,true,,463,10422,1,1,http://localhost:3002/fir,9,0,0
1675771421258,6,FIr Creation Request,201,Created,Firs Test single user 1-1,text,true,,463,10422,1,1,http://localhost:3002/fir,6,0,0
1675771421265,7,FIr Creation Request,201,Created,Firs Test single user 1-1,text,true,,463,10422,1,1,http://localhost:3002/fir,7,0,0
1675771421281,9,FIr Creation Request,201,Created,Firs Test single user 1-1,text,true,,463,10422,1,1,http://localhost:3002/fir,9,0,0
1675771421291,7,FIr Creation Request,201,Created,Firs Test single user 1-1,text,true,,463,10422,1,1,http://localhost:3002/fir,7,0,1
1675771421299,7,FIr Creation Request,201,Created,Firs Test single user 1-1,text,true,,463,10422,1,1,http://localhost:3002/fir,7,0,0
1675771421307,7,FIr Creation Request,201,Created,Firs Test single user 1-1,text,true,,463,10422,1,1,http://localhost:3002/fir,7,0,1
1675771421315,8,FIr Creation Request,201,Created,Firs Test single user 1-1,text,true,,463,10422,1,1,http://localhost:3002/fir,8,0,1
1675771421324,7,FIr Creation Request,201,Created,Firs Test single user 1-1,text,true,,463,10422,1,1,http://localhost:3002/fir,7,0,0
1675771421333,7,FIr Creation Request,201,Created,Firs Test single user 1-1,text,true,,463,10422,1,1,http://localhost:3002/fir,7,0,0
1675771421341,7,FIr Creation Request,201,Created,Firs Test single user 1-1,text,true,,463,10422,1,1,http://localhost:3002/fir,7,0,0
1675771421349,7,FIr Creation Request,201,Created,Firs Test single user 1-1,text,true,,463,10422,1,1,http://localhost:3002/fir,7,0,0
1675771421357,8,FIr Creation Request,201,Created,Firs Test single user 1-1,text,true,,463,10422,1,1,http://localhost:3002/fir,8,0,0
1675771421366,6,FIr Creation Request,201,Created,Firs Test single user 1-1,text,true,,463,10422,1,1,http://localhost:3002/fir,6,0,0
1675771421373,6,FIr Creation Request,201,Created,Firs Test single user 1-1,text,true,,463,10422,1,1,http://localhost:3002/fir,6,0,1
1675771421380,6,FIr Creation Request,201,Created,Firs Test single user 1-1,text,true,,463,10422,1,1,http://localhost:3002/fir,6,0,1
1675771421388,6,FIr Creation Request,201,Created,Firs Test single user 1-1,text,true,,463,10422,1,1,http://localhost:3002/fir,6,0,0
1675771421395,8,FIr Creation Request,201,Created,Firs Test single user 1-1,text,true,,463,10422,1,1,http://localhost:3002/fir,8,0,0
1675771421404,256,FIr Creation Request,201,Created,Firs Test single user 1-1,text,true,,463,10422,1,1,http://localhost:3002/fir,256,0,0
1675771421663,15,FIr Creation Request,201,Created,Firs Test single user 1-1,text,true,,463,10422,1,1,http://localhost:3002/fir,15,0,1
1675771421679,10,FIr Creation Request,201,Created,Firs Test single user 1-1,text,true,,463,10422,1,1,http://localhost:3002/fir,10,0,1
1675771421690,9,FIr Creation Request,201,Created,Firs Test single user 1-1,text,true,,463,10422,1,1,http://localhost:3002/fir,9,0,0
1675771421700,7,FIr Creation Request,201,Created,Firs Test single user 1-1,text,true,,463,10422,1,1,http://localhost:3002/fir,7,0,0
1675771421708,7,FIr Creation Request,201,Created,Firs Test single user 1-1,text,true,,463,10422,1,1,http://localhost:3002/fir,7,0,0
1675771421716,6,FIr Creation Request,201,Created,Firs Test single user 1-1,text,true,,463,10422,1,1,http://localhost:3002/fir,6,0,0
1675771421723,9,FIr Creation Request,201,Created,Firs Test single user 1-1,text,true,,463,10422,1,1,http://localhost:3002/fir,9,0,1
1675771421733,7,FIr Creation Request,201,Created,Firs Test single user 1-1,text,true,,463,10422,1,1,http://localhost:3002/fir,7,0,0
1675771421741,6,FIr Creation Request,201,Created,Firs Test single user 1-1,text,true,,463,10422,1,1,http://localhost:3002/fir,6,0,0
1675771421749,7,FIr Creation Request,201,Created,Firs Test single user 1-1,text,true,,463,10422,1,1,http://localhost:3002/fir,7,0,0
1675771421758,9,FIr Creation Request,201,Created,Firs Test single user 1-1,text,true,,463,10422,1,1,http://localhost:3002/fir,9,0,0
1675771421768,7,FIr Creation Request,201,Created,Firs Test single user 1-1,text,true,,463,10422,1,1,http://localhost:3002/fir,7,0,1
1675771421776,7,FIr Creation Request,201,Created,Firs Test single user 1-1,text,true,,463,10422,1,1,http://localhost:3002/fir,7,0,0
1675771421792,11,FIr Creation Request,201,Created,Firs Test single user 1-1,text,true,,463,10422,1,1,http://localhost:3002/fir,11,0,0
1675771421804,7,FIr Creation Request,201,Created,Firs Test single user 1-1,text,true,,463,10422,1,1,http://localhost:3002/fir,7,0,1
1675771421812,13,FIr Creation Request,201,Created,Firs Test single user 1-1,text,true,,463,10422,1,1,http://localhost:3002/fir,13,0,0
1675771421826,7,FIr Creation Request,201,Created,Firs Test single user 1-1,text,true,,463,10422,1,1,http://localhost:3002/fir,7,0,0
1675771421834,6,FIr Creation Request,201,Created,Firs Test single user 1-1,text,true,,463,10422,1,1,http://localhost:3002/fir,6,0,0
1675771421841,8,FIr Creation Request,201,Created,Firs Test single user 1-1,text,true,,463,10422,1,1,http://localhost:3002/fir,8,0,1
1675771421851,8,FIr Creation Request,201,Created,Firs Test single user 1-1,text,true,,463,10422,1,1,http://localhost:3002/fir,8,0,0
1675771421860,7,FIr Creation Request,201,Created,Firs Test single user 1-1,text,true,,463,10422,1,1,http://localhost:3002/fir,7,0,1
1675771421868,7,FIr Creation Request,201,Created,Firs Test single user 1-1,text,true,,463,10422,1,1,http://localhost:3002/fir,7,0,0
1675771421876,7,FIr Creation Request,201,Created,Firs Test single user 1-1,text,true,,463,10422,1,1,http://localhost:3002/fir,7,0,1
1675771421884,9,FIr Creation Request,201,Created,Firs Test single user 1-1,text,true,,463,10422,1,1,http://localhost:3002/fir,9,0,1
1675771421894,6,FIr Creation Request,201,Created,Firs Test single user 1-1,text,true,,463,10422,1,1,http://localhost:3002/fir,6,0,0
1675771421902,6,FIr Creation Request,201,Created,Firs Test single user 1-1,text,true,,463,10422,1,1,http://localhost:3002/fir,6,0,0
1675771421910,7,FIr Creation Request,201,Created,Firs Test single user 1-1,text,true,,463,10422,1,1,http://localhost:3002/fir,6,0,0
1675771421918,6,FIr Creation Request,201,Created,Firs Test single user 1-1,text,true,,463,10422,1,1,http://localhost:3002/fir,6,0,0
1675771421925,7,FIr Creation Request,201,Created,Firs Test single user 1-1,text,true,,463,10422,1,1,http://localhost:3002/fir,7,0,0
1675771421993,7,FIr Creation Request,201,Created,Firs Test single user 1-1,text,true,,463,10422,1,1,http://localhost:3002/fir,7,0,0
1675771422001,7,FIr Creation Request,201,Created,Firs Test single user 1-1,text,true,,463,10422,1,1,http://localhost:3002/fir,7,0,0
1675771422009,7,FIr Creation Request,201,Created,Firs Test single user 1-1,text,true,,463,10422,1,1,http://localhost:3002/fir,7,0,0
1675771422017,8,FIr Creation Request,201,Created,Firs Test single user 1-1,text,true,,463,10422,1,1,http://localhost:3002/fir,8,0,1
1675771422026,6,FIr Creation Request,201,Created,Firs Test single user 1-1,text,true,,463,10422,1,1,http://localhost:3002/fir,6,0,0
1675771422034,6,FIr Creation Request,201,Created,Firs Test single user 1-1,text,true,,463,10422,1,1,http://localhost:3002/fir,6,0,0
1675771422041,8,FIr Creation Request,201,Created,Firs Test single user 1-1,text,true,,463,10422,1,1,http://localhost:3002/fir,8,0,1
1675771422051,6,FIr Creation Request,201,Created,Firs Test single user 1-1,text,true,,463,10422,1,1,http://localhost:3002/fir,6,0,0
1675771422058,8,FIr Creation Request,201,Created,Firs Test single user 1-1,text,true,,463,10422,1,1,http://localhost:3002/fir,8,0,0
1675771422067,7,FIr Creation Request,201,Created,Firs Test single user 1-1,text,true,,463,10422,1,1,http://localhost:3002/fir,7,0,0
1675771422075,7,FIr Creation Request,201,Created,Firs Test single user 1-1,text,true,,463,10422,1,1,http://localhost:3002/fir,7,0,0
1675771422083,8,FIr Creation Request,201,Created,Firs Test single user 1-1,text,true,,463,10422,1,1,http://localhost:3002/fir,8,0,0
1675771422092,7,FIr Creation Request,201,Created,Firs Test single user 1-1,text,true,,463,10422,1,1,http://localhost:3002/fir,7,0,0
1675771422100,7,FIr Creation Request,201,Created,Firs Test single user 1-1,text,true,,463,10422,1,1,http://localhost:3002/fir,7,0,1
1675771422108,7,FIr Creation Request,201,Created,Firs Test single user 1-1,text,true,,463,10422,1,1,http://localhost:3002/fir,7,0,1
1675771422116,7,FIr Creation Request,201,Created,Firs Test single user 1-1,text,true,,463,10422,1,1,http://localhost:3002/fir,7,0,0
1675771422124,7,FIr Creation Request,201,Created,Firs Test single user 1-1,text,true,,463,10422,1,1,http://localhost:3002/fir,7,0,1
1675771422132,6,FIr Creation Request,201,Created,Firs Test single user 1-1,text,true,,463,10422,1,1,http://localhost:3002/fir,6,0,0
1675771422139,7,FIr Creation Request,201,Created,Firs Test single user 1-1,text,true,,463,10422,1,1,http://localhost:3002/fir,7,0,1
1675771422150,7,FIr Creation Request,201,Created,Firs Test single user 1-1,text,true,,463,10422,1,1,http://localhost:3002/fir,7,0,1
1675771422158,6,FIr Creation Request,201,Created,Firs Test single user 1-1,text,true,,463,10422,1,1,http://localhost:3002/fir,6,0,0
1675771422165,6,FIr Creation Request,201,Created,Firs Test single user 1-1,text,true,,463,10422,1,1,http://localhost:3002/fir,6,0,0
1675771422173,6,FIr Creation Request,201,Created,Firs Test single user 1-1,text,true,,463,10422,1,1,http://localhost:3002/fir,6,0,0
1675771422180,7,FIr Creation Request,201,Created,Firs Test single user 1-1,text,true,,463,10422,1,1,http://localhost:3002/fir,7,0,0
1675771422188,7,FIr Creation Request,201,Created,Firs Test single user 1-1,text,true,,463,10422,1,1,http://localhost:3002/fir,7,0,1
1675771422196,8,FIr Creation Request,201,Created,Firs Test single user 1-1,text,true,,463,10422,1,1,http://localhost:3002/fir,8,0,1
1675771422205,7,FIr Creation Request,201,Created,Firs Test single user 1-1,text,true,,463,10422,1,1,http://localhost:3002/fir,7,0,0
1675771422213,7,FIr Creation Request,201,Created,Firs Test single user 1-1,text,true,,463,10422,1,1,http://localhost:3002/fir,7,0,0
1675771422221,8,FIr Creation Request,201,Created,Firs Test single user 1-1,text,true,,463,10422,1,1,http://localhost:3002/fir,8,0,1
1675771422230,7,FIr Creation Request,201,Created,Firs Test single user 1-1,text,true,,463,10422,1,1,http://localhost:3002/fir,7,0,1
1675771422238,7,FIr Creation Request,201,Created,Firs Test single user 1-1,text,true,,463,10422,1,1,http://localhost:3002/fir,7,0,0
1675771422246,8,FIr Creation Request,201,Created,Firs Test single user 1-1,text,true,,463,10422,1,1,http://localhost:3002/fir,8,0,1
1675771422255,8,FIr Creation Request,201,Created,Firs Test single user 1-1,text,true,,463,10422,1,1,http://localhost:3002/fir,8,0,0
1675771422264,7,FIr Creation Request,201,Created,Firs Test single user 1-1,text,true,,463,10422,1,1,http://localhost:3002/fir,7,0,0
1675771422272,7,FIr Creation Request,201,Created,Firs Test single user 1-1,text,true,,463,10422,1,1,http://localhost:3002/fir,7,0,0
1675771422280,7,FIr Creation Request,201,Created,Firs Test single user 1-1,text,true,,463,10422,1,1,http://localhost:3002/fir,7,0,0
1675771422288,7,FIr Creation Request,201,Created,Firs Test single user 1-1,text,true,,463,10422,1,1,http://localhost:3002/fir,7,0,0
1675771422296,6,FIr Creation Request,201,Created,Firs Test single user 1-1,text,true,,463,10422,1,1,http://localhost:3002/fir,6,0,0
1675771422305,7,FIr Creation Request,201,Created,Firs Test single user 1-1,text,true,,463,10422,1,1,http://localhost:3002/fir,7,0,0
1675771422313,8,FIr Creation Request,201,Created,Firs Test single user 1-1,text,true,,463,10422,1,1,http://localhost:3002/fir,8,0,0
1675771422322,7,FIr Creation Request,201,Created,Firs Test single user 1-1,text,true,,463,10422,1,1,http://localhost:3002/fir,7,0,0
1675771422330,7,FIr Creation Request,201,Created,Firs Test single user 1-1,text,true,,463,10422,1,1,http://localhost:3002/fir,7,0,0
1675771422338,7,FIr Creation Request,201,Created,Firs Test single user 1-1,text,true,,463,10422,1,1,http://localhost:3002/fir,7,0,0
1675771422346,8,FIr Creation Request,201,Created,Firs Test single user 1-1,text,true,,463,10422,1,1,http://localhost:3002/fir,8,0,1
1675771422355,7,FIr Creation Request,201,Created,Firs Test single user 1-1,text,true,,463,10422,1,1,http://localhost:3002/fir,7,0,0
1675771422363,7,FIr Creation Request,201,Created,Firs Test single user 1-1,text,true,,463,10422,1,1,http://localhost:3002/fir,7,0,0
1675771422372,7,FIr Creation Request,201,Created,Firs Test single user 1-1,text,true,,463,10422,1,1,http://localhost:3002/fir,7,0,0
1675771422380,7,FIr Creation Request,201,Created,Firs Test single user 1-1,text,true,,463,10422,1,1,http://localhost:3002/fir,7,0,1
1675771422389,7,FIr Creation Request,201,Created,Firs Test single user 1-1,text,true,,463,10422,1,1,http://localhost:3002/fir,7,0,0
1675771422397,7,FIr Creation Request,201,Created,Firs Test single user 1-1,text,true,,463,10422,1,1,http://localhost:3002/fir,7,0,0
1675771422405,7,FIr Creation Request,201,Created,Firs Test single user 1-1,text,true,,463,10422,1,1,http://localhost:3002/fir,7,0,1
1675771422413,6,FIr Creation Request,201,Created,Firs Test single user 1-1,text,true,,463,10422,1,1,http://localhost:3002/fir,6,0,0
1675771422420,6,FIr Creation Request,201,Created,Firs Test single user 1-1,text,true,,463,10422,1,1,http://localhost:3002/fir,6,0,0
1675771422427,7,FIr Creation Request,201,Created,Firs Test single user 1-1,text,true,,463,10422,1,1,http://localhost:3002/fir,7,0,1
1675771422435,6,FIr Creation Request,201,Created,Firs Test single user 1-1,text,true,,463,10422,1,1,http://localhost:3002/fir,6,0,0
1675771422442,13,FIr Creation Request,201,Created,Firs Test single user 1-1,text,true,,463,10422,1,1,http://localhost:3002/fir,13,0,1
1675771422456,6,FIr Creation Request,201,Created,Firs Test single user 1-1,text,true,,463,10422,1,1,http://localhost:3002/fir,6,0,0
1675771422464,7,FIr Creation Request,201,Created,Firs Test single user 1-1,text,true,,463,10422,1,1,http://localhost:3002/fir,7,0,0
1675771422472,7,FIr Creation Request,201,Created,Firs Test single user 1-1,text,true,,463,10422,1,1,http://localhost:3002/fir,7,0,0
1675771422480,7,FIr Creation Request,201,Created,Firs Test single user 1-1,text,true,,463,10422,1,1,http://localhost:3002/fir,7,0,1
1675771422488,8,FIr Creation Request,201,Created,Firs Test single user 1-1,text,true,,463,10422,1,1,http://localhost:3002/fir,8,0,1
1675771422497,7,FIr Creation Request,201,Created,Firs Test single user 1-1,text,true,,463,10422,1,1,http://localhost:3002/fir,7,0,1
1675771422505,8,FIr Creation Request,201,Created,Firs Test single user 1-1,text,true,,463,10422,1,1,http://localhost:3002/fir,8,0,0
1675771422514,7,FIr Creation Request,201,Created,Firs Test single user 1-1,text,true,,463,10422,1,1,http://localhost:3002/fir,7,0,0
1675771422522,8,FIr Creation Request,201,Created,Firs Test single user 1-1,text,true,,463,10422,1,1,http://localhost:3002/fir,8,0,0
1675771422531,7,FIr Creation Request,201,Created,Firs Test single user 1-1,text,true,,463,10422,1,1,http://localhost:3002/fir,7,0,0
1675771422539,7,FIr Creation Request,201,Created,Firs Test single user 1-1,text,true,,463,10422,1,1,http://localhost:3002/fir,7,0,0
1675771422547,6,FIr Creation Request,201,Created,Firs Test single user 1-1,text,true,,463,10422,1,1,http://localhost:3002/fir,6,0,0
1675771422555,7,FIr Creation Request,201,Created,Firs Test single user 1-1,text,true,,463,10422,1,1,http://localhost:3002/fir,7,0,0
1675771422563,7,FIr Creation Request,201,Created,Firs Test single user 1-1,text,true,,463,10422,1,1,http://localhost:3002/fir,7,0,0
1675771422571,6,FIr Creation Request,201,Created,Firs Test single user 1-1,text,true,,463,10422,1,1,http://localhost:3002/fir,6,0,0
1675771422578,8,FIr Creation Request,201,Created,Firs Test single user 1-1,text,true,,463,10422,1,1,http://localhost:3002/fir,8,0,0
1675771422587,8,FIr Creation Request,201,Created,Firs Test single user 1-1,text,true,,463,10422,1,1,http://localhost:3002/fir,8,0,1
1675771422597,7,FIr Creation Request,201,Created,Firs Test single user 1-1,text,true,,463,10422,1,1,http://localhost:3002/fir,7,0,0
1675771422606,6,FIr Creation Request,201,Created,Firs Test single user 1-1,text,true,,463,10422,1,1,http://localhost:3002/fir,6,0,0
1675771422613,7,FIr Creation Request,201,Created,Firs Test single user 1-1,text,true,,463,10422,1,1,http://localhost:3002/fir,7,0,1
1675771422621,8,FIr Creation Request,201,Created,Firs Test single user 1-1,text,true,,463,10422,1,1,http://localhost:3002/fir,8,0,1
1675771422630,11,FIr Creation Request,201,Created,Firs Test single user 1-1,text,true,,463,10422,1,1,http://localhost:3002/fir,11,0,1
1675771422642,7,FIr Creation Request,201,Created,Firs Test single user 1-1,text,true,,463,10422,1,1,http://localhost:3002/fir,7,0,0
1675771422651,7,FIr Creation Request,201,Created,Firs Test single user 1-1,text,true,,463,10422,1,1,http://localhost:3002/fir,7,0,0
1675771422663,8,FIr Creation Request,201,Created,Firs Test single user 1-1,text,true,,463,10422,1,1,http://localhost:3002/fir,8,0,0
1675771422672,7,FIr Creation Request,201,Created,Firs Test single user 1-1,text,true,,463,10422,1,1,http://localhost:3002/fir,7,0,0
1675771422680,8,FIr Creation Request,201,Created,Firs Test single user 1-1,text,true,,463,10422,1,1,http://localhost:3002/fir,8,0,0
1675771422689,7,FIr Creation Request,201,Created,Firs Test single user 1-1,text,true,,463,10422,1,1,http://localhost:3002/fir,7,0,0
1675771422698,6,FIr Creation Request,201,Created,Firs Test single user 1-1,text,true,,463,10422,1,1,http://localhost:3002/fir,6,0,0
1675771422706,29,FIr Creation Request,201,Created,Firs Test single user 1-1,text,true,,463,10422,1,1,http://localhost:3002/fir,29,0,0
1675771422736,7,FIr Creation Request,201,Created,Firs Test single user 1-1,text,true,,463,10422,1,1,http://localhost:3002/fir,7,0,1
1675771422744,9,FIr Creation Request,201,Created,Firs Test single user 1-1,text,true,,463,10422,1,1,http://localhost:3002/fir,9,0,0
1675771422754,7,FIr Creation Request,201,Created,Firs Test single user 1-1,text,true,,463,10422,1,1,http://localhost:3002/fir,7,0,0
1675771422762,9,FIr Creation Request,201,Created,Firs Test single user 1-1,text,true,,463,10422,1,1,http://localhost:3002/fir,9,0,1
1675771422772,7,FIr Creation Request,201,Created,Firs Test single user 1-1,text,true,,463,10422,1,1,http://localhost:3002/fir,7,0,0
1675771422780,6,FIr Creation Request,201,Created,Firs Test single user 1-1,text,true,,463,10422,1,1,http://localhost:3002/fir,6,0,0
1675771422787,6,FIr Creation Request,201,Created,Firs Test single user 1-1,text,true,,463,10422,1,1,http://localhost:3002/fir,6,0,1
1675771422794,7,FIr Creation Request,201,Created,Firs Test single user 1-1,text,true,,463,10422,1,1,http://localhost:3002/fir,7,0,1
1675771422802,7,FIr Creation Request,201,Created,Firs Test single user 1-1,text,true,,463,10422,1,1,http://localhost:3002/fir,7,0,0
1675771422816,472,FIr Creation Request,201,Created,Firs Test single user 1-1,text,true,,463,10422,1,1,http://localhost:3002/fir,472,0,0
1675771423292,360,FIr Creation Request,201,Created,Firs Test single user 1-1,text,true,,463,10422,1,1,http://localhost:3002/fir,360,0,0
1675771423655,8,FIr Creation Request,201,Created,Firs Test single user 1-1,text,true,,463,10422,1,1,http://localhost:3002/fir,8,0,0
1675771423664,7,FIr Creation Request,201,Created,Firs Test single user 1-1,text,true,,463,10422,1,1,http://localhost:3002/fir,7,0,0
1675771423672,8,FIr Creation Request,201,Created,Firs Test single user 1-1,text,true,,463,10422,1,1,http://localhost:3002/fir,8,0,0
1675771423682,9,FIr Creation Request,201,Created,Firs Test single user 1-1,text,true,,463,10422,1,1,http://localhost:3002/fir,9,0,0
1675771423692,8,FIr Creation Request,201,Created,Firs Test single user 1-1,text,true,,463,10422,1,1,http://localhost:3002/fir,8,0,0
1675771423702,6,FIr Creation Request,201,Created,Firs Test single user 1-1,text,true,,463,10422,1,1,http://localhost:3002/fir,6,0,0
1675771423709,12,FIr Creation Request,201,Created,Firs Test single user 1-1,text,true,,463,10422,1,1,http://localhost:3002/fir,12,0,0
1675771423722,8,FIr Creation Request,201,Created,Firs Test single user 1-1,text,true,,463,10422,1,1,http://localhost:3002/fir,8,0,1
1675771423731,7,FIr Creation Request,201,Created,Firs Test single user 1-1,text,true,,463,10422,1,1,http://localhost:3002/fir,7,0,0
1675771423739,8,FIr Creation Request,201,Created,Firs Test single user 1-1,text,true,,463,10422,1,1,http://localhost:3002/fir,8,0,0
1675771423748,6,FIr Creation Request,201,Created,Firs Test single user 1-1,text,true,,463,10422,1,1,http://localhost:3002/fir,6,0,0
1675771423756,7,FIr Creation Request,201,Created,Firs Test single user 1-1,text,true,,463,10422,1,1,http://localhost:3002/fir,7,0,0
1675771423765,6,FIr Creation Request,201,Created,Firs Test single user 1-1,text,true,,463,10422,1,1,http://localhost:3002/fir,6,0,0
1675771423773,7,FIr Creation Request,201,Created,Firs Test single user 1-1,text,true,,463,10422,1,1,http://localhost:3002/fir,7,0,0
1675771423781,8,FIr Creation Request,201,Created,Firs Test single user 1-1,text,true,,463,10422,1,1,http://localhost:3002/fir,8,0,1
1675771423790,6,FIr Creation Request,201,Created,Firs Test single user 1-1,text,true,,463,10422,1,1,http://localhost:3002/fir,6,0,0
1675771423797,7,FIr Creation Request,201,Created,Firs Test single user 1-1,text,true,,463,10422,1,1,http://localhost:3002/fir,7,0,1
1675771423806,8,FIr Creation Request,201,Created,Firs Test single user 1-1,text,true,,463,10422,1,1,http://localhost:3002/fir,8,0,0
1675771423815,6,FIr Creation Request,201,Created,Firs Test single user 1-1,text,true,,463,10422,1,1,http://localhost:3002/fir,6,0,0
1675771423822,8,FIr Creation Request,201,Created,Firs Test single user 1-1,text,true,,463,10422,1,1,http://localhost:3002/fir,8,0,0
1675771423837,12,FIr Creation Request,201,Created,Firs Test single user 1-1,text,true,,463,10422,1,1,http://localhost:3002/fir,12,0,0
1675771423850,5,FIr Creation Request,201,Created,Firs Test single user 1-1,text,true,,463,10422,1,1,http://localhost:3002/fir,5,0,0
1675771423856,7,FIr Creation Request,201,Created,Firs Test single user 1-1,text,true,,463,10422,1,1,http://localhost:3002/fir,7,0,0
1675771423864,6,FIr Creation Request,201,Created,Firs Test single user 1-1,text,true,,463,10422,1,1,http://localhost:3002/fir,6,0,0
1675771423871,6,FIr Creation Request,201,Created,Firs Test single user 1-1,text,true,,463,10422,1,1,http://localhost:3002/fir,6,0,0
1675771423878,6,FIr Creation Request,201,Created,Firs Test single user 1-1,text,true,,463,10422,1,1,http://localhost:3002/fir,6,0,0
1675771423885,5,FIr Creation Request,201,Created,Firs Test single user 1-1,text,true,,463,10422,1,1,http://localhost:3002/fir,5,0,0
1675771423892,6,FIr Creation Request,201,Created,Firs Test single user 1-1,text,true,,463,10422,1,1,http://localhost:3002/fir,6,0,0
1675771423900,9,FIr Creation Request,201,Created,Firs Test single user 1-1,text,true,,463,10422,1,1,http://localhost:3002/fir,9,0,0
1675771423910,6,FIr Creation Request,201,Created,Firs Test single user 1-1,text,true,,463,10422,1,1,http://localhost:3002/fir,6,0,0
1675771423917,6,FIr Creation Request,201,Created,Firs Test single user 1-1,text,true,,463,10422,1,1,http://localhost:3002/fir,6,0,0
1675771423924,7,FIr Creation Request,201,Created,Firs Test single user 1-1,text,true,,463,10422,1,1,http://localhost:3002/fir,7,0,1
1675771423932,6,FIr Creation Request,201,Created,Firs Test single user 1-1,text,true,,463,10422,1,1,http://localhost:3002/fir,6,0,0
1675771423940,6,FIr Creation Request,201,Created,Firs Test single user 1-1,text,true,,463,10422,1,1,http://localhost:3002/fir,6,0,0
1675771423947,7,FIr Creation Request,201,Created,Firs Test single user 1-1,text,true,,463,10422,1,1,http://localhost:3002/fir,7,0,0
1675771423955,6,FIr Creation Request,201,Created,Firs Test single user 1-1,text,true,,463,10422,1,1,http://localhost:3002/fir,6,0,0
1675771423963,9,FIr Creation Request,201,Created,Firs Test single user 1-1,text,true,,463,10422,1,1,http://localhost:3002/fir,9,0,0
1675771423973,7,FIr Creation Request,201,Created,Firs Test single user 1-1,text,true,,463,10422,1,1,http://localhost:3002/fir,7,0,1
1675771423981,8,FIr Creation Request,201,Created,Firs Test single user 1-1,text,true,,463,10422,1,1,http://localhost:3002/fir,8,0,0
1675771423990,7,FIr Creation Request,201,Created,Firs Test single user 1-1,text,true,,463,10422,1,1,http://localhost:3002/fir,7,0,0
1675771423998,7,FIr Creation Request,201,Created,Firs Test single user 1-1,text,true,,463,10422,1,1,http://localhost:3002/fir,7,0,0
1675771424006,7,FIr Creation Request,201,Created,Firs Test single user 1-1,text,true,,463,10422,1,1,http://localhost:3002/fir,7,0,0
1675771424014,7,FIr Creation Request,201,Created,Firs Test single user 1-1,text,true,,463,10422,1,1,http://localhost:3002/fir,7,0,0
1675771424023,7,FIr Creation Request,201,Created,Firs Test single user 1-1,text,true,,463,10422,1,1,http://localhost:3002/fir,7,0,0
1675771424032,7,FIr Creation Request,201,Created,Firs Test single user 1-1,text,true,,463,10422,1,1,http://localhost:3002/fir,7,0,0
1675771424040,6,FIr Creation Request,201,Created,Firs Test single user 1-1,text,true,,463,10422,1,1,http://localhost:3002/fir,6,0,0
1675771424048,11,FIr Creation Request,201,Created,Firs Test single user 1-1,text,true,,463,10422,1,1,http://localhost:3002/fir,11,0,1
1675771424061,7,FIr Creation Request,201,Created,Firs Test single user 1-1,text,true,,463,10422,1,1,http://localhost:3002/fir,7,0,0
1675771424069,6,FIr Creation Request,201,Created,Firs Test single user 1-1,text,true,,463,10422,1,1,http://localhost:3002/fir,6,0,0
1675771424077,6,FIr Creation Request,201,Created,Firs Test single user 1-1,text,true,,463,10422,1,1,http://localhost:3002/fir,6,0,0
1675771424085,7,FIr Creation Request,201,Created,Firs Test single user 1-1,text,true,,463,10422,1,1,http://localhost:3002/fir,7,0,0
1675771424093,7,FIr Creation Request,201,Created,Firs Test single user 1-1,text,true,,463,10422,1,1,http://localhost:3002/fir,7,0,1
1675771424101,7,FIr Creation Request,201,Created,Firs Test single user 1-1,text,true,,463,10422,1,1,http://localhost:3002/fir,7,0,0
1675771424110,6,FIr Creation Request,201,Created,Firs Test single user 1-1,text,true,,463,10422,1,1,http://localhost:3002/fir,6,0,0
1675771424117,8,FIr Creation Request,201,Created,Firs Test single user 1-1,text,true,,463,10422,1,1,http://localhost:3002/fir,8,0,1
1675771424127,6,FIr Creation Request,201,Created,Firs Test single user 1-1,text,true,,463,10422,1,1,http://localhost:3002/fir,6,0,0
1675771424134,9,FIr Creation Request,201,Created,Firs Test single user 1-1,text,true,,463,10422,1,1,http://localhost:3002/fir,9,0,1
1675771424144,862,FIr Creation Request,201,Created,Firs Test single user 1-1,text,true,,463,10422,1,1,http://localhost:3002/fir,862,0,0
1675771425009,223,FIr Creation Request,201,Created,Firs Test single user 1-1,text,true,,463,10422,1,1,http://localhost:3002/fir,223,0,1
1675771425233,10,FIr Creation Request,201,Created,Firs Test single user 1-1,text,true,,463,10422,1,1,http://localhost:3002/fir,10,0,0
1675771425244,9,FIr Creation Request,201,Created,Firs Test single user 1-1,text,true,,463,10422,1,1,http://localhost:3002/fir,9,0,0
1675771425254,8,FIr Creation Request,201,Created,Firs Test single user 1-1,text,true,,463,10422,1,1,http://localhost:3002/fir,8,0,0
1675771425264,9,FIr Creation Request,201,Created,Firs Test single user 1-1,text,true,,463,10422,1,1,http://localhost:3002/fir,9,0,0
1675771425275,7,FIr Creation Request,201,Created,Firs Test single user 1-1,text,true,,463,10422,1,1,http://localhost:3002/fir,7,0,0
1675771425283,8,FIr Creation Request,201,Created,Firs Test single user 1-1,text,true,,463,10422,1,1,http://localhost:3002/fir,8,0,0
1675771425292,7,FIr Creation Request,201,Created,Firs Test single user 1-1,text,true,,463,10422,1,1,http://localhost:3002/fir,7,0,1
1675771425300,7,FIr Creation Request,201,Created,Firs Test single user 1-1,text,true,,463,10422,1,1,http://localhost:3002/fir,7,0,1
1675771425308,6,FIr Creation Request,201,Created,Firs Test single user 1-1,text,true,,463,10422,1,1,http://localhost:3002/fir,6,0,0
1675771425315,7,FIr Creation Request,201,Created,Firs Test single user 1-1,text,true,,463,10422,1,1,http://localhost:3002/fir,7,0,0
1675771425323,10,FIr Creation Request,201,Created,Firs Test single user 1-1,text,true,,463,10422,1,1,http://localhost:3002/fir,10,0,0
1675771425334,7,FIr Creation Request,201,Created,Firs Test single user 1-1,text,true,,463,10422,1,1,http://localhost:3002/fir,7,0,0
1675771425342,6,FIr Creation Request,201,Created,Firs Test single user 1-1,text,true,,463,10422,1,1,http://localhost:3002/fir,6,0,0
1675771425349,7,FIr Creation Request,201,Created,Firs Test single user 1-1,text,true,,463,10422,1,1,http://localhost:3002/fir,7,0,0
1675771425357,7,FIr Creation Request,201,Created,Firs Test single user 1-1,text,true,,463,10422,1,1,http://localhost:3002/fir,7,0,0
1675771425369,25,FIr Creation Request,201,Created,Firs Test single user 1-1,text,true,,463,10422,1,1,http://localhost:3002/fir,25,0,0
1675771425395,6,FIr Creation Request,201,Created,Firs Test single user 1-1,text,true,,463,10422,1,1,http://localhost:3002/fir,6,0,0
1675771425403,6,FIr Creation Request,201,Created,Firs Test single user 1-1,text,true,,463,10422,1,1,http://localhost:3002/fir,6,0,0
1675771425410,6,FIr Creation Request,201,Created,Firs Test single user 1-1,text,true,,463,10422,1,1,http://localhost:3002/fir,6,0,0
1675771425418,5,FIr Creation Request,201,Created,Firs Test single user 1-1,text,true,,463,10422,1,1,http://localhost:3002/fir,5,0,0
1675771425425,6,FIr Creation Request,201,Created,Firs Test single user 1-1,text,true,,463,10422,1,1,http://localhost:3002/fir,6,0,0
1675771425432,7,FIr Creation Request,201,Created,Firs Test single user 1-1,text,true,,463,10422,1,1,http://localhost:3002/fir,7,0,0
1675771425441,7,FIr Creation Request,201,Created,Firs Test single user 1-1,text,true,,463,10422,1,1,http://localhost:3002/fir,7,0,0
1675771425450,7,FIr Creation Request,201,Created,Firs Test single user 1-1,text,true,,463,10422,1,1,http://localhost:3002/fir,7,0,0
1675771425458,7,FIr Creation Request,201,Created,Firs Test single user 1-1,text,true,,463,10422,1,1,http://localhost:3002/fir,7,0,0
1675771425466,7,FIr Creation Request,201,Created,Firs Test single user 1-1,text,true,,463,10422,1,1,http://localhost:3002/fir,7,0,1
1675771425474,10,FIr Creation Request,201,Created,Firs Test single user 1-1,text,true,,463,10422,1,1,http://localhost:3002/fir,10,0,1
1675771425486,6,FIr Creation Request,201,Created,Firs Test single user 1-1,text,true,,463,10422,1,1,http://localhost:3002/fir,6,0,0
1675771425493,7,FIr Creation Request,201,Created,Firs Test single user 1-1,text,true,,463,10422,1,1,http://localhost:3002/fir,7,0,0
1675771425501,10,FIr Creation Request,201,Created,Firs Test single user 1-1,text,true,,463,10422,1,1,http://localhost:3002/fir,10,0,0
1675771425512,228,FIr Creation Request,201,Created,Firs Test single user 1-1,text,true,,463,10422,1,1,http://localhost:3002/fir,228,0,0
1675771425742,241,FIr Creation Request,201,Created,Firs Test single user 1-1,text,true,,463,10422,1,1,http://localhost:3002/fir,241,0,1
1675771425984,9,FIr Creation Request,201,Created,Firs Test single user 1-1,text,true,,463,10422,1,1,http://localhost:3002/fir,9,0,0
1675771425994,7,FIr Creation Request,201,Created,Firs Test single user 1-1,text,true,,463,10422,1,1,http://localhost:3002/fir,7,0,0
1675771426002,7,FIr Creation Request,201,Created,Firs Test single user 1-1,text,true,,463,10422,1,1,http://localhost:3002/fir,7,0,1
1675771426010,7,FIr Creation Request,201,Created,Firs Test single user 1-1,text,true,,463,10422,1,1,http://localhost:3002/fir,7,0,1
1675771426018,6,FIr Creation Request,201,Created,Firs Test single user 1-1,text,true,,463,10422,1,1,http://localhost:3002/fir,6,0,0
1675771426025,6,FIr Creation Request,201,Created,Firs Test single user 1-1,text,true,,463,10422,1,1,http://localhost:3002/fir,6,0,0
1675771426032,9,FIr Creation Request,201,Created,Firs Test single user 1-1,text,true,,463,10422,1,1,http://localhost:3002/fir,9,0,0
1675771426042,6,FIr Creation Request,201,Created,Firs Test single user 1-1,text,true,,463,10422,1,1,http://localhost:3002/fir,6,0,0
1675771426049,8,FIr Creation Request,201,Created,Firs Test single user 1-1,text,true,,463,10422,1,1,http://localhost:3002/fir,8,0,1
1675771426058,7,FIr Creation Request,201,Created,Firs Test single user 1-1,text,true,,463,10422,1,1,http://localhost:3002/fir,7,0,0
1675771426066,7,FIr Creation Request,201,Created,Firs Test single user 1-1,text,true,,463,10422,1,1,http://localhost:3002/fir,7,0,0
1675771426074,7,FIr Creation Request,201,Created,Firs Test single user 1-1,text,true,,463,10422,1,1,http://localhost:3002/fir,7,0,0
1675771426083,7,FIr Creation Request,201,Created,Firs Test single user 1-1,text,true,,463,10422,1,1,http://localhost:3002/fir,7,0,0
1675771426091,7,FIr Creation Request,201,Created,Firs Test single user 1-1,text,true,,463,10422,1,1,http://localhost:3002/fir,7,0,0
1675771426099,7,FIr Creation Request,201,Created,Firs Test single user 1-1,text,true,,463,10422,1,1,http://localhost:3002/fir,7,0,1
1675771426107,8,FIr Creation Request,201,Created,Firs Test single user 1-1,text,true,,463,10422,1,1,http://localhost:3002/fir,8,0,0
1675771426116,7,FIr Creation Request,201,Created,Firs Test single user 1-1,text,true,,463,10422,1,1,http://localhost:3002/fir,7,0,1
1675771426124,8,FIr Creation Request,201,Created,Firs Test single user 1-1,text,true,,463,10422,1,1,http://localhost:3002/fir,8,0,1
1675771426133,7,FIr Creation Request,201,Created,Firs Test single user 1-1,text,true,,463,10422,1,1,http://localhost:3002/fir,7,0,0
1675771426141,7,FIr Creation Request,201,Created,Firs Test single user 1-1,text,true,,463,10422,1,1,http://localhost:3002/fir,7,0,1
1675771426150,6,FIr Creation Request,201,Created,Firs Test single user 1-1,text,true,,463,10422,1,1,http://localhost:3002/fir,6,0,0
1675771426157,6,FIr Creation Request,201,Created,Firs Test single user 1-1,text,true,,463,10422,1,1,http://localhost:3002/fir,6,0,0
1675771426164,9,FIr Creation Request,201,Created,Firs Test single user 1-1,text,true,,463,10422,1,1,http://localhost:3002/fir,9,0,1
1675771426174,7,FIr Creation Request,201,Created,Firs Test single user 1-1,text,true,,463,10422,1,1,http://localhost:3002/fir,7,0,1
1675771426182,8,FIr Creation Request,201,Created,Firs Test single user 1-1,text,true,,463,10422,1,1,http://localhost:3002/fir,8,0,1
1675771426191,7,FIr Creation Request,201,Created,Firs Test single user 1-1,text,true,,463,10422,1,1,http://localhost:3002/fir,7,0,0
1675771426199,12,FIr Creation Request,201,Created,Firs Test single user 1-1,text,true,,463,10422,1,1,http://localhost:3002/fir,12,0,0
1675771426212,7,FIr Creation Request,201,Created,Firs Test single user 1-1,text,true,,463,10422,1,1,http://localhost:3002/fir,7,0,0
1675771426220,7,FIr Creation Request,201,Created,Firs Test single user 1-1,text,true,,463,10422,1,1,http://localhost:3002/fir,7,0,1
1675771426228,7,FIr Creation Request,201,Created,Firs Test single user 1-1,text,true,,463,10422,1,1,http://localhost:3002/fir,7,0,1
1675771426238,11,FIr Creation Request,201,Created,Firs Test single user 1-1,text,true,,463,10422,1,1,http://localhost:3002/fir,10,0,0
1675771426250,7,FIr Creation Request,201,Created,Firs Test single user 1-1,text,true,,463,10422,1,1,http://localhost:3002/fir,7,0,0
1675771426258,7,FIr Creation Request,201,Created,Firs Test single user 1-1,text,true,,463,10422,1,1,http://localhost:3002/fir,7,0,0
1675771426266,8,FIr Creation Request,201,Created,Firs Test single user 1-1,text,true,,463,10422,1,1,http://localhost:3002/fir,8,0,1
1675771426275,7,FIr Creation Request,201,Created,Firs Test single user 1-1,text,true,,463,10422,1,1,http://localhost:3002/fir,7,0,0
1675771426283,7,FIr Creation Request,201,Created,Firs Test single user 1-1,text,true,,463,10422,1,1,http://localhost:3002/fir,7,0,0
1675771426291,7,FIr Creation Request,201,Created,Firs Test single user 1-1,text,true,,463,10422,1,1,http://localhost:3002/fir,7,0,1
1675771426299,8,FIr Creation Request,201,Created,Firs Test single user 1-1,text,true,,463,10422,1,1,http://localhost:3002/fir,8,0,1
1675771426308,7,FIr Creation Request,201,Created,Firs Test single user 1-1,text,true,,463,10422,1,1,http://localhost:3002/fir,7,0,0
1675771426316,8,FIr Creation Request,201,Created,Firs Test single user 1-1,text,true,,463,10422,1,1,http://localhost:3002/fir,8,0,0
1675771426325,7,FIr Creation Request,201,Created,Firs Test single user 1-1,text,true,,463,10422,1,1,http://localhost:3002/fir,7,0,1
1675771426333,7,FIr Creation Request,201,Created,Firs Test single user 1-1,text,true,,463,10422,1,1,http://localhost:3002/fir,7,0,0
1675771426341,8,FIr Creation Request,201,Created,Firs Test single user 1-1,text,true,,463,10422,1,1,http://localhost:3002/fir,8,0,0
1675771426350,7,FIr Creation Request,201,Created,Firs Test single user 1-1,text,true,,463,10422,1,1,http://localhost:3002/fir,7,0,0
1675771426358,8,FIr Creation Request,201,Created,Firs Test single user 1-1,text,true,,463,10422,1,1,http://localhost:3002/fir,8,0,0
1675771426367,8,FIr Creation Request,201,Created,Firs Test single user 1-1,text,true,,463,10422,1,1,http://localhost:3002/fir,8,0,0
1675771426376,6,FIr Creation Request,201,Created,Firs Test single user 1-1,text,true,,463,10422,1,1,http://localhost:3002/fir,6,0,0
1675771426383,7,FIr Creation Request,201,Created,Firs Test single user 1-1,text,true,,463,10422,1,1,http://localhost:3002/fir,7,0,0
1675771426393,10,FIr Creation Request,201,Created,Firs Test single user 1-1,text,true,,463,10422,1,1,http://localhost:3002/fir,10,0,0
1675771426404,7,FIr Creation Request,201,Created,Firs Test single user 1-1,text,true,,463,10422,1,1,http://localhost:3002/fir,7,0,1
1675771426412,7,FIr Creation Request,201,Created,Firs Test single user 1-1,text,true,,463,10422,1,1,http://localhost:3002/fir,7,0,0
1675771426420,7,FIr Creation Request,201,Created,Firs Test single user 1-1,text,true,,463,10422,1,1,http://localhost:3002/fir,7,0,0
1675771426428,8,FIr Creation Request,201,Created,Firs Test single user 1-1,text,true,,463,10422,1,1,http://localhost:3002/fir,8,0,0
1675771426437,6,FIr Creation Request,201,Created,Firs Test single user 1-1,text,true,,463,10422,1,1,http://localhost:3002/fir,6,0,0
1675771426445,7,FIr Creation Request,201,Created,Firs Test single user 1-1,text,true,,463,10422,1,1,http://localhost:3002/fir,7,0,0
1675771426453,9,FIr Creation Request,201,Created,Firs Test single user 1-1,text,true,,463,10422,1,1,http://localhost:3002/fir,9,0,0
1675771426463,6,FIr Creation Request,201,Created,Firs Test single user 1-1,text,true,,463,10422,1,1,http://localhost:3002/fir,6,0,0
1675771426470,6,FIr Creation Request,201,Created,Firs Test single user 1-1,text,true,,463,10422,1,1,http://localhost:3002/fir,6,0,0
1675771426477,9,FIr Creation Request,201,Created,Firs Test single user 1-1,text,true,,463,10422,1,1,http://localhost:3002/fir,9,0,1
1675771426487,7,FIr Creation Request,201,Created,Firs Test single user 1-1,text,true,,463,10422,1,1,http://localhost:3002/fir,7,0,0
1675771426495,7,FIr Creation Request,201,Created,Firs Test single user 1-1,text,true,,463,10422,1,1,http://localhost:3002/fir,7,0,0
1675771426503,8,FIr Creation Request,201,Created,Firs Test single user 1-1,text,true,,463,10422,1,1,http://localhost:3002/fir,8,0,0
1675771426512,7,FIr Creation Request,201,Created,Firs Test single user 1-1,text,true,,463,10422,1,1,http://localhost:3002/fir,7,0,0
1675771426520,7,FIr Creation Request,201,Created,Firs Test single user 1-1,text,true,,463,10422,1,1,http://localhost:3002/fir,7,0,0
1675771426528,8,FIr Creation Request,201,Created,Firs Test single user 1-1,text,true,,463,10422,1,1,http://localhost:3002/fir,8,0,0
1675771426537,7,FIr Creation Request,201,Created,Firs Test single user 1-1,text,true,,463,10422,1,1,http://localhost:3002/fir,7,0,1
1675771426545,8,FIr Creation Request,201,Created,Firs Test single user 1-1,text,true,,463,10422,1,1,http://localhost:3002/fir,8,0,0
1675771426554,7,FIr Creation Request,201,Created,Firs Test single user 1-1,text,true,,463,10422,1,1,http://localhost:3002/fir,7,0,0
1675771426562,7,FIr Creation Request,201,Created,Firs Test single user 1-1,text,true,,463,10422,1,1,http://localhost:3002/fir,7,0,0
1675771426570,7,FIr Creation Request,201,Created,Firs Test single user 1-1,text,true,,463,10422,1,1,http://localhost:3002/fir,7,0,0
1675771426578,8,FIr Creation Request,201,Created,Firs Test single user 1-1,text,true,,463,10422,1,1,http://localhost:3002/fir,8,0,0
1675771426588,7,FIr Creation Request,201,Created,Firs Test single user 1-1,text,true,,463,10422,1,1,http://localhost:3002/fir,7,0,0
1675771426596,7,FIr Creation Request,201,Created,Firs Test single user 1-1,text,true,,463,10422,1,1,http://localhost:3002/fir,7,0,0
1675771426604,6,FIr Creation Request,201,Created,Firs Test single user 1-1,text,true,,463,10422,1,1,http://localhost:3002/fir,6,0,0
1675771426611,8,FIr Creation Request,201,Created,Firs Test single user 1-1,text,true,,463,10422,1,1,http://localhost:3002/fir,8,0,1
1675771426621,6,FIr Creation Request,201,Created,Firs Test single user 1-1,text,true,,463,10422,1,1,http://localhost:3002/fir,6,0,0
1675771426628,8,FIr Creation Request,201,Created,Firs Test single user 1-1,text,true,,463,10422,1,1,http://localhost:3002/fir,8,0,1
1675771426637,7,FIr Creation Request,201,Created,Firs Test single user 1-1,text,true,,463,10422,1,1,http://localhost:3002/fir,7,0,0
1675771426645,7,FIr Creation Request,201,Created,Firs Test single user 1-1,text,true,,463,10422,1,1,http://localhost:3002/fir,7,0,0
1675771426653,7,FIr Creation Request,201,Created,Firs Test single user 1-1,text,true,,463,10422,1,1,http://localhost:3002/fir,7,0,0
1675771426662,7,FIr Creation Request,201,Created,Firs Test single user 1-1,text,true,,463,10422,1,1,http://localhost:3002/fir,7,0,0
1675771426670,9,FIr Creation Request,201,Created,Firs Test single user 1-1,text,true,,463,10422,1,1,http://localhost:3002/fir,9,0,0
1675771426680,6,FIr Creation Request,201,Created,Firs Test single user 1-1,text,true,,463,10422,1,1,http://localhost:3002/fir,6,0,0
1675771426687,7,FIr Creation Request,201,Created,Firs Test single user 1-1,text,true,,463,10422,1,1,http://localhost:3002/fir,7,0,0
1675771426695,7,FIr Creation Request,201,Created,Firs Test single user 1-1,text,true,,463,10422,1,1,http://localhost:3002/fir,7,0,0
1675771426703,7,FIr Creation Request,201,Created,Firs Test single user 1-1,text,true,,463,10422,1,1,http://localhost:3002/fir,7,0,0
1675771426712,8,FIr Creation Request,201,Created,Firs Test single user 1-1,text,true,,463,10422,1,1,http://localhost:3002/fir,8,0,0
1675771426721,6,FIr Creation Request,201,Created,Firs Test single user 1-1,text,true,,463,10422,1,1,http://localhost:3002/fir,6,0,0
1675771426728,7,FIr Creation Request,201,Created,Firs Test single user 1-1,text,true,,463,10422,1,1,http://localhost:3002/fir,7,0,0
1675771426736,8,FIr Creation Request,201,Created,Firs Test single user 1-1,text,true,,463,10422,1,1,http://localhost:3002/fir,8,0,0
1675771426748,9,FIr Creation Request,201,Created,Firs Test single user 1-1,text,true,,463,10422,1,1,http://localhost:3002/fir,9,0,1
1675771426758,6,FIr Creation Request,201,Created,Firs Test single user 1-1,text,true,,463,10422,1,1,http://localhost:3002/fir,6,0,0
1675771426765,6,FIr Creation Request,201,Created,Firs Test single user 1-1,text,true,,463,10422,1,1,http://localhost:3002/fir,6,0,0
1675771426773,6,FIr Creation Request,201,Created,Firs Test single user 1-1,text,true,,463,10422,1,1,http://localhost:3002/fir,6,0,0
1675771426780,5,FIr Creation Request,201,Created,Firs Test single user 1-1,text,true,,463,10422,1,1,http://localhost:3002/fir,5,0,0
1675771426787,6,FIr Creation Request,201,Created,Firs Test single user 1-1,text,true,,463,10422,1,1,http://localhost:3002/fir,6,0,0
1675771426795,46,FIr Creation Request,201,Created,Firs Test single user 1-1,text,true,,463,10422,1,1,http://localhost:3002/fir,46,0,0
1675771426842,7,FIr Creation Request,201,Created,Firs Test single user 1-1,text,true,,463,10422,1,1,http://localhost:3002/fir,7,0,0
1675771426850,6,FIr Creation Request,201,Created,Firs Test single user 1-1,text,true,,463,10422,1,1,http://localhost:3002/fir,6,0,0
1675771426858,7,FIr Creation Request,201,Created,Firs Test single user 1-1,text,true,,463,10422,1,1,http://localhost:3002/fir,7,0,0
1675771426866,8,FIr Creation Request,201,Created,Firs Test single user 1-1,text,true,,463,10422,1,1,http://localhost:3002/fir,8,0,1
1675771426875,7,FIr Creation Request,201,Created,Firs Test single user 1-1,text,true,,463,10422,1,1,http://localhost:3002/fir,7,0,0
1675771426884,7,FIr Creation Request,201,Created,Firs Test single user 1-1,text,true,,463,10422,1,1,http://localhost:3002/fir,7,0,0
1675771426892,6,FIr Creation Request,201,Created,Firs Test single user 1-1,text,true,,463,10422,1,1,http://localhost:3002/fir,6,0,0
1675771426903,9,FIr Creation Request,201,Created,Firs Test single user 1-1,text,true,,463,10422,1,1,http://localhost:3002/fir,9,0,0
1675771426913,889,FIr Creation Request,201,Created,Firs Test single user 1-1,text,true,,463,10422,1,1,http://localhost:3002/fir,889,0,1
1675771427804,8,FIr Creation Request,201,Created,Firs Test single user 1-1,text,true,,463,10422,1,1,http://localhost:3002/fir,8,0,0
1675771427814,6,FIr Creation Request,201,Created,Firs Test single user 1-1,text,true,,463,10422,1,1,http://localhost:3002/fir,6,0,0
1675771427821,7,FIr Creation Request,201,Created,Firs Test single user 1-1,text,true,,463,10422,1,1,http://localhost:3002/fir,7,0,1
1675771427829,10,FIr Creation Request,201,Created,Firs Test single user 1-1,text,true,,463,10422,1,1,http://localhost:3002/fir,10,0,0
1675771427841,11,FIr Creation Request,201,Created,Firs Test single user 1-1,text,true,,463,10422,1,1,http://localhost:3002/fir,11,0,0
1675771427853,9,FIr Creation Request,201,Created,Firs Test single user 1-1,text,true,,463,10422,1,1,http://localhost:3002/fir,9,0,0
1675771427863,6,FIr Creation Request,201,Created,Firs Test single user 1-1,text,true,,463,10422,1,1,http://localhost:3002/fir,6,0,0
1675771427871,6,FIr Creation Request,201,Created,Firs Test single user 1-1,text,true,,463,10422,1,1,http://localhost:3002/fir,6,0,0
1675771427878,6,FIr Creation Request,201,Created,Firs Test single user 1-1,text,true,,463,10422,1,1,http://localhost:3002/fir,6,0,0
1675771427885,6,FIr Creation Request,201,Created,Firs Test single user 1-1,text,true,,463,10422,1,1,http://localhost:3002/fir,6,0,0
1675771427893,6,FIr Creation Request,201,Created,Firs Test single user 1-1,text,true,,463,10422,1,1,http://localhost:3002/fir,6,0,0
1675771427900,7,FIr Creation Request,201,Created,Firs Test single user 1-1,text,true,,463,10422,1,1,http://localhost:3002/fir,7,0,1
1675771427908,8,FIr Creation Request,201,Created,Firs Test single user 1-1,text,true,,463,10422,1,1,http://localhost:3002/fir,8,0,0
1675771427924,7,FIr Creation Request,201,Created,Firs Test single user 1-1,text,true,,463,10422,1,1,http://localhost:3002/fir,7,0,0
1675771427932,7,FIr Creation Request,201,Created,Firs Test single user 1-1,text,true,,463,10422,1,1,http://localhost:3002/fir,7,0,0
1675771427940,7,FIr Creation Request,201,Created,Firs Test single user 1-1,text,true,,463,10422,1,1,http://localhost:3002/fir,7,0,0
1675771427948,6,FIr Creation Request,201,Created,Firs Test single user 1-1,text,true,,463,10422,1,1,http://localhost:3002/fir,6,0,0
1675771427955,7,FIr Creation Request,201,Created,Firs Test single user 1-1,text,true,,463,10422,1,1,http://localhost:3002/fir,7,0,1
1675771427963,7,FIr Creation Request,201,Created,Firs Test single user 1-1,text,true,,463,10422,1,1,http://localhost:3002/fir,7,0,1
1675771427971,7,FIr Creation Request,201,Created,Firs Test single user 1-1,text,true,,463,10422,1,1,http://localhost:3002/fir,7,0,0
1675771427979,7,FIr Creation Request,201,Created,Firs Test single user 1-1,text,true,,463,10422,1,1,http://localhost:3002/fir,7,0,1
1675771427987,7,FIr Creation Request,201,Created,Firs Test single user 1-1,text,true,,463,10422,1,1,http://localhost:3002/fir,7,0,1
1675771427995,7,FIr Creation Request,201,Created,Firs Test single user 1-1,text,true,,463,10422,1,1,http://localhost:3002/fir,7,0,0
1675771428003,5,FIr Creation Request,201,Created,Firs Test single user 1-1,text,true,,463,10422,1,1,http://localhost:3002/fir,5,0,0
1675771428010,5,FIr Creation Request,201,Created,Firs Test single user 1-1,text,true,,463,10422,1,1,http://localhost:3002/fir,5,0,0
1675771428016,14,FIr Creation Request,201,Created,Firs Test single user 1-1,text,true,,463,10422,1,1,http://localhost:3002/fir,14,0,1
1675771428031,6,FIr Creation Request,201,Created,Firs Test single user 1-1,text,true,,463,10422,1,1,http://localhost:3002/fir,6,0,0
1675771428039,6,FIr Creation Request,201,Created,Firs Test single user 1-1,text,true,,463,10422,1,1,http://localhost:3002/fir,6,0,0
1675771428047,5,FIr Creation Request,201,Created,Firs Test single user 1-1,text,true,,463,10422,1,1,http://localhost:3002/fir,5,0,0
1675771428054,7,FIr Creation Request,201,Created,Firs Test single user 1-1,text,true,,463,10422,1,1,http://localhost:3002/fir,7,0,0
1675771428062,8,FIr Creation Request,201,Created,Firs Test single user 1-1,text,true,,463,10422,1,1,http://localhost:3002/fir,8,0,0
1675771428071,7,FIr Creation Request,201,Created,Firs Test single user 1-1,text,true,,463,10422,1,1,http://localhost:3002/fir,7,0,1
1675771428079,7,FIr Creation Request,201,Created,Firs Test single user 1-1,text,true,,463,10422,1,1,http://localhost:3002/fir,7,0,0
1675771428087,7,FIr Creation Request,201,Created,Firs Test single user 1-1,text,true,,463,10422,1,1,http://localhost:3002/fir,7,0,0
1675771428095,8,FIr Creation Request,201,Created,Firs Test single user 1-1,text,true,,463,10422,1,1,http://localhost:3002/fir,8,0,1
1675771428104,6,FIr Creation Request,201,Created,Firs Test single user 1-1,text,true,,463,10422,1,1,http://localhost:3002/fir,6,0,0
1675771428111,8,FIr Creation Request,201,Created,Firs Test single user 1-1,text,true,,463,10422,1,1,http://localhost:3002/fir,8,0,1
1675771428121,6,FIr Creation Request,201,Created,Firs Test single user 1-1,text,true,,463,10422,1,1,http://localhost:3002/fir,6,0,0
1675771428129,7,FIr Creation Request,201,Created,Firs Test single user 1-1,text,true,,463,10422,1,1,http://localhost:3002/fir,7,0,0
1675771428138,6,FIr Creation Request,201,Created,Firs Test single user 1-1,text,true,,463,10422,1,1,http://localhost:3002/fir,6,0,0
1675771428145,7,FIr Creation Request,201,Created,Firs Test single user 1-1,text,true,,463,10422,1,1,http://localhost:3002/fir,7,0,0
1675771428154,7,FIr Creation Request,201,Created,Firs Test single user 1-1,text,true,,463,10422,1,1,http://localhost:3002/fir,7,0,0
1675771428162,6,FIr Creation Request,201,Created,Firs Test single user 1-1,text,true,,463,10422,1,1,http://localhost:3002/fir,6,0,0
1675771428169,7,FIr Creation Request,201,Created,Firs Test single user 1-1,text,true,,463,10422,1,1,http://localhost:3002/fir,7,0,0
1675771428177,7,FIr Creation Request,201,Created,Firs Test single user 1-1,text,true,,463,10422,1,1,http://localhost:3002/fir,7,0,1
1675771428185,6,FIr Creation Request,201,Created,Firs Test single user 1-1,text,true,,463,10422,1,1,http://localhost:3002/fir,6,0,0
1675771428193,8,FIr Creation Request,201,Created,Firs Test single user 1-1,text,true,,463,10422,1,1,http://localhost:3002/fir,8,0,0
1675771428202,8,FIr Creation Request,201,Created,Firs Test single user 1-1,text,true,,463,10422,1,1,http://localhost:3002/fir,8,0,1
1675771428211,8,FIr Creation Request,201,Created,Firs Test single user 1-1,text,true,,463,10422,1,1,http://localhost:3002/fir,8,0,0
1675771428220,7,FIr Creation Request,201,Created,Firs Test single user 1-1,text,true,,463,10422,1,1,http://localhost:3002/fir,7,0,0
1675771428229,7,FIr Creation Request,201,Created,Firs Test single user 1-1,text,true,,463,10422,1,1,http://localhost:3002/fir,7,0,0
1675771428237,481,FIr Creation Request,201,Created,Firs Test single user 1-1,text,true,,463,10422,1,1,http://localhost:3002/fir,481,0,0
1675771428720,8,FIr Creation Request,201,Created,Firs Test single user 1-1,text,true,,463,10422,1,1,http://localhost:3002/fir,8,0,1
1675771428729,6,FIr Creation Request,201,Created,Firs Test single user 1-1,text,true,,463,10422,1,1,http://localhost:3002/fir,6,0,0
1675771428737,7,FIr Creation Request,201,Created,Firs Test single user 1-1,text,true,,463,10422,1,1,http://localhost:3002/fir,7,0,0
1675771428745,309,FIr Creation Request,201,Created,Firs Test single user 1-1,text,true,,463,10422,1,1,http://localhost:3002/fir,309,0,0
1675771429057,25,FIr Creation Request,201,Created,Firs Test single user 1-1,text,true,,463,10422,1,1,http://localhost:3002/fir,25,0,0
1675771429084,6,FIr Creation Request,201,Created,Firs Test single user 1-1,text,true,,463,10422,1,1,http://localhost:3002/fir,6,0,0
1675771429092,41,FIr Creation Request,201,Created,Firs Test single user 1-1,text,true,,463,10422,1,1,http://localhost:3002/fir,41,0,0
1675771429135,11,FIr Creation Request,201,Created,Firs Test single user 1-1,text,true,,463,10422,1,1,http://localhost:3002/fir,11,0,1
1675771429147,7,FIr Creation Request,201,Created,Firs Test single user 1-1,text,true,,463,10422,1,1,http://localhost:3002/fir,7,0,0
1675771429155,6,FIr Creation Request,201,Created,Firs Test single user 1-1,text,true,,463,10422,1,1,http://localhost:3002/fir,6,0,0
1675771429162,7,FIr Creation Request,201,Created,Firs Test single user 1-1,text,true,,463,10422,1,1,http://localhost:3002/fir,7,0,0
1675771429170,7,FIr Creation Request,201,Created,Firs Test single user 1-1,text,true,,463,10422,1,1,http://localhost:3002/fir,7,0,0
1675771429179,9,FIr Creation Request,201,Created,Firs Test single user 1-1,text,true,,463,10422,1,1,http://localhost:3002/fir,9,0,0
1675771429189,12,FIr Creation Request,201,Created,Firs Test single user 1-1,text,true,,463,10422,1,1,http://localhost:3002/fir,12,0,0
1675771429203,13,FIr Creation Request,201,Created,Firs Test single user 1-1,text,true,,463,10422,1,1,http://localhost:3002/fir,13,0,0
1675771429217,15,FIr Creation Request,201,Created,Firs Test single user 1-1,text,true,,463,10422,1,1,http://localhost:3002/fir,15,0,0
1675771429234,15,FIr Creation Request,201,Created,Firs Test single user 1-1,text,true,,463,10422,1,1,http://localhost:3002/fir,15,0,0
1675771429251,15,FIr Creation Request,201,Created,Firs Test single user 1-1,text,true,,463,10422,1,1,http://localhost:3002/fir,15,0,0
1675771429267,16,FIr Creation Request,201,Created,Firs Test single user 1-1,text,true,,463,10422,1,1,http://localhost:3002/fir,16,0,1
1675771429284,22,FIr Creation Request,201,Created,Firs Test single user 1-1,text,true,,463,10422,1,1,http://localhost:3002/fir,22,0,0
1675771429307,54,FIr Creation Request,201,Created,Firs Test single user 1-1,text,true,,463,10422,1,1,http://localhost:3002/fir,54,0,0
1675771429363,10,FIr Creation Request,201,Created,Firs Test single user 1-1,text,true,,463,10422,1,1,http://localhost:3002/fir,10,0,1
1675771429374,7,FIr Creation Request,201,Created,Firs Test single user 1-1,text,true,,463,10422,1,1,http://localhost:3002/fir,7,0,1
1675771429382,7,FIr Creation Request,201,Created,Firs Test single user 1-1,text,true,,463,10422,1,1,http://localhost:3002/fir,7,0,1
1675771429390,6,FIr Creation Request,201,Created,Firs Test single user 1-1,text,true,,463,10422,1,1,http://localhost:3002/fir,6,0,1
1675771429397,6,FIr Creation Request,201,Created,Firs Test single user 1-1,text,true,,463,10422,1,1,http://localhost:3002/fir,6,0,1
1675771429405,6,FIr Creation Request,201,Created,Firs Test single user 1-1,text,true,,463,10422,1,1,http://localhost:3002/fir,6,0,0
1675771429412,11,FIr Creation Request,201,Created,Firs Test single user 1-1,text,true,,463,10422,1,1,http://localhost:3002/fir,11,0,0
1675771429424,6,FIr Creation Request,201,Created,Firs Test single user 1-1,text,true,,463,10422,1,1,http://localhost:3002/fir,6,0,0
1675771429431,5,FIr Creation Request,201,Created,Firs Test single user 1-1,text,true,,463,10422,1,1,http://localhost:3002/fir,5,0,0
1675771429438,6,FIr Creation Request,201,Created,Firs Test single user 1-1,text,true,,463,10422,1,1,http://localhost:3002/fir,6,0,0
1675771429449,9,FIr Creation Request,201,Created,Firs Test single user 1-1,text,true,,463,10422,1,1,http://localhost:3002/fir,9,0,0
1675771429460,6,FIr Creation Request,201,Created,Firs Test single user 1-1,text,true,,463,10422,1,1,http://localhost:3002/fir,6,0,0
1675771429467,7,FIr Creation Request,201,Created,Firs Test single user 1-1,text,true,,463,10422,1,1,http://localhost:3002/fir,7,0,1
1675771429475,10,FIr Creation Request,201,Created,Firs Test single user 1-1,text,true,,463,10422,1,1,http://localhost:3002/fir,10,0,0
1675771429486,9,FIr Creation Request,201,Created,Firs Test single user 1-1,text,true,,463,10422,1,1,http://localhost:3002/fir,9,0,1
1675771429496,8,FIr Creation Request,201,Created,Firs Test single user 1-1,text,true,,463,10422,1,1,http://localhost:3002/fir,8,0,0
1675771429505,7,FIr Creation Request,201,Created,Firs Test single user 1-1,text,true,,463,10422,1,1,http://localhost:3002/fir,7,0,0
1675771429513,7,FIr Creation Request,201,Created,Firs Test single user 1-1,text,true,,463,10422,1,1,http://localhost:3002/fir,7,0,0
1675771429521,7,FIr Creation Request,201,Created,Firs Test single user 1-1,text,true,,463,10422,1,1,http://localhost:3002/fir,7,0,0
1675771429529,7,FIr Creation Request,201,Created,Firs Test single user 1-1,text,true,,463,10422,1,1,http://localhost:3002/fir,7,0,1
1675771429538,6,FIr Creation Request,201,Created,Firs Test single user 1-1,text,true,,463,10422,1,1,http://localhost:3002/fir,6,0,0
1675771429546,7,FIr Creation Request,201,Created,Firs Test single user 1-1,text,true,,463,10422,1,1,http://localhost:3002/fir,7,0,0
1675771429554,12,FIr Creation Request,201,Created,Firs Test single user 1-1,text,true,,463,10422,1,1,http://localhost:3002/fir,12,0,0
1675771429567,7,FIr Creation Request,201,Created,Firs Test single user 1-1,text,true,,463,10422,1,1,http://localhost:3002/fir,7,0,0
1675771429575,8,FIr Creation Request,201,Created,Firs Test single user 1-1,text,true,,463,10422,1,1,http://localhost:3002/fir,8,0,1
1675771429584,7,FIr Creation Request,201,Created,Firs Test single user 1-1,text,true,,463,10422,1,1,http://localhost:3002/fir,7,0,0
1675771429592,7,FIr Creation Request,201,Created,Firs Test single user 1-1,text,true,,463,10422,1,1,http://localhost:3002/fir,7,0,0
1675771429601,6,FIr Creation Request,201,Created,Firs Test single user 1-1,text,true,,463,10422,1,1,http://localhost:3002/fir,6,0,0
1675771429609,6,FIr Creation Request,201,Created,Firs Test single user 1-1,text,true,,463,10422,1,1,http://localhost:3002/fir,6,0,0
1675771429616,6,FIr Creation Request,201,Created,Firs Test single user 1-1,text,true,,463,10422,1,1,http://localhost:3002/fir,6,0,0
1675771429623,8,FIr Creation Request,201,Created,Firs Test single user 1-1,text,true,,463,10422,1,1,http://localhost:3002/fir,8,0,0
1675771429632,6,FIr Creation Request,201,Created,Firs Test single user 1-1,text,true,,463,10422,1,1,http://localhost:3002/fir,6,0,0
1675771429640,7,FIr Creation Request,201,Created,Firs Test single user 1-1,text,true,,463,10422,1,1,http://localhost:3002/fir,7,0,0
1675771429648,6,FIr Creation Request,201,Created,Firs Test single user 1-1,text,true,,463,10422,1,1,http://localhost:3002/fir,6,0,0
1675771429655,8,FIr Creation Request,201,Created,Firs Test single user 1-1,text,true,,463,10422,1,1,http://localhost:3002/fir,8,0,0
1675771429664,6,FIr Creation Request,201,Created,Firs Test single user 1-1,text,true,,463,10422,1,1,http://localhost:3002/fir,6,0,0
1675771429671,7,FIr Creation Request,201,Created,Firs Test single user 1-1,text,true,,463,10422,1,1,http://localhost:3002/fir,7,0,1
1675771429680,6,FIr Creation Request,201,Created,Firs Test single user 1-1,text,true,,463,10422,1,1,http://localhost:3002/fir,6,0,0
1675771429687,250,FIr Creation Request,201,Created,Firs Test single user 1-1,text,true,,463,10422,1,1,http://localhost:3002/fir,250,0,0
1675771429939,7,FIr Creation Request,201,Created,Firs Test single user 1-1,text,true,,463,10422,1,1,http://localhost:3002/fir,7,0,0
1675771429947,6,FIr Creation Request,201,Created,Firs Test single user 1-1,text,true,,463,10422,1,1,http://localhost:3002/fir,6,0,0
1675771429957,8,FIr Creation Request,201,Created,Firs Test single user 1-1,text,true,,463,10422,1,1,http://localhost:3002/fir,8,0,0
1675771429966,7,FIr Creation Request,201,Created,Firs Test single user 1-1,text,true,,463,10422,1,1,http://localhost:3002/fir,7,0,0
1675771429974,6,FIr Creation Request,201,Created,Firs Test single user 1-1,text,true,,463,10422,1,1,http://localhost:3002/fir,6,0,0
1675771429981,7,FIr Creation Request,201,Created,Firs Test single user 1-1,text,true,,463,10422,1,1,http://localhost:3002/fir,7,0,1
1675771429989,7,FIr Creation Request,201,Created,Firs Test single user 1-1,text,true,,463,10422,1,1,http://localhost:3002/fir,7,0,1
1675771429997,7,FIr Creation Request,201,Created,Firs Test single user 1-1,text,true,,463,10422,1,1,http://localhost:3002/fir,7,0,0
1675771430005,6,FIr Creation Request,201,Created,Firs Test single user 1-1,text,true,,463,10422,1,1,http://localhost:3002/fir,6,0,0
1675771430013,6,FIr Creation Request,201,Created,Firs Test single user 1-1,text,true,,463,10422,1,1,http://localhost:3002/fir,6,0,0
1675771430021,6,FIr Creation Request,201,Created,Firs Test single user 1-1,text,true,,463,10422,1,1,http://localhost:3002/fir,6,0,0
1675771430028,6,FIr Creation Request,201,Created,Firs Test single user 1-1,text,true,,463,10422,1,1,http://localhost:3002/fir,6,0,0
1675771430035,7,FIr Creation Request,201,Created,Firs Test single user 1-1,text,true,,463,10422,1,1,http://localhost:3002/fir,7,0,0
1675771430043,7,FIr Creation Request,201,Created,Firs Test single user 1-1,text,true,,463,10422,1,1,http://localhost:3002/fir,7,0,0
1675771430051,7,FIr Creation Request,201,Created,Firs Test single user 1-1,text,true,,463,10422,1,1,http://localhost:3002/fir,7,0,0
1675771430059,7,FIr Creation Request,201,Created,Firs Test single user 1-1,text,true,,463,10422,1,1,http://localhost:3002/fir,7,0,0
1675771430067,7,FIr Creation Request,201,Created,Firs Test single user 1-1,text,true,,463,10422,1,1,http://localhost:3002/fir,7,0,1
1675771430075,8,FIr Creation Request,201,Created,Firs Test single user 1-1,text,true,,463,10422,1,1,http://localhost:3002/fir,8,0,1
1675771430084,7,FIr Creation Request,201,Created,Firs Test single user 1-1,text,true,,463,10422,1,1,http://localhost:3002/fir,7,0,0
1675771430092,8,FIr Creation Request,201,Created,Firs Test single user 1-1,text,true,,463,10422,1,1,http://localhost:3002/fir,8,0,1
1675771430101,8,FIr Creation Request,201,Created,Firs Test single user 1-1,text,true,,463,10422,1,1,http://localhost:3002/fir,7,0,1
1675771430110,7,FIr Creation Request,201,Created,Firs Test single user 1-1,text,true,,463,10422,1,1,http://localhost:3002/fir,7,0,0
1675771430118,6,FIr Creation Request,201,Created,Firs Test single user 1-1,text,true,,463,10422,1,1,http://localhost:3002/fir,6,0,0
1675771430126,7,FIr Creation Request,201,Created,Firs Test single user 1-1,text,true,,463,10422,1,1,http://localhost:3002/fir,7,0,0
1675771430135,7,FIr Creation Request,201,Created,Firs Test single user 1-1,text,true,,463,10422,1,1,http://localhost:3002/fir,7,0,0
1675771430143,6,FIr Creation Request,201,Created,Firs Test single user 1-1,text,true,,463,10422,1,1,http://localhost:3002/fir,6,0,0
1675771430150,6,FIr Creation Request,201,Created,Firs Test single user 1-1,text,true,,463,10422,1,1,http://localhost:3002/fir,6,0,0
1675771430157,6,FIr Creation Request,201,Created,Firs Test single user 1-1,text,true,,463,10422,1,1,http://localhost:3002/fir,6,0,1
1675771430164,8,FIr Creation Request,201,Created,Firs Test single user 1-1,text,true,,463,10422,1,1,http://localhost:3002/fir,8,0,1
1675771430173,11,FIr Creation Request,201,Created,Firs Test single user 1-1,text,true,,463,10422,1,1,http://localhost:3002/fir,11,0,0
1675771430185,6,FIr Creation Request,201,Created,Firs Test single user 1-1,text,true,,463,10422,1,1,http://localhost:3002/fir,6,0,0
1675771430192,8,FIr Creation Request,201,Created,Firs Test single user 1-1,text,true,,463,10422,1,1,http://localhost:3002/fir,8,0,1
1675771430201,7,FIr Creation Request,201,Created,Firs Test single user 1-1,text,true,,463,10422,1,1,http://localhost:3002/fir,7,0,0
1675771430209,8,FIr Creation Request,201,Created,Firs Test single user 1-1,text,true,,463,10422,1,1,http://localhost:3002/fir,8,0,0
1675771430218,7,FIr Creation Request,201,Created,Firs Test single user 1-1,text,true,,463,10422,1,1,http://localhost:3002/fir,7,0,0
1675771430226,7,FIr Creation Request,201,Created,Firs Test single user 1-1,text,true,,463,10422,1,1,http://localhost:3002/fir,7,0,0
1675771430234,7,FIr Creation Request,201,Created,Firs Test single user 1-1,text,true,,463,10422,1,1,http://localhost:3002/fir,7,0,0
1675771430242,8,FIr Creation Request,201,Created,Firs Test single user 1-1,text,true,,463,10422,1,1,http://localhost:3002/fir,8,0,1
1675771430251,7,FIr Creation Request,201,Created,Firs Test single user 1-1,text,true,,463,10422,1,1,http://localhost:3002/fir,7,0,0
1675771430259,11,FIr Creation Request,201,Created,Firs Test single user 1-1,text,true,,463,10422,1,1,http://localhost:3002/fir,11,0,0
1675771430271,7,FIr Creation Request,201,Created,Firs Test single user 1-1,text,true,,463,10422,1,1,http://localhost:3002/fir,7,0,0
1675771430280,6,FIr Creation Request,201,Created,Firs Test single user 1-1,text,true,,463,10422,1,1,http://localhost:3002/fir,6,0,0
1675771430287,11,FIr Creation Request,201,Created,Firs Test single user 1-1,text,true,,463,10422,1,1,http://localhost:3002/fir,11,0,1
1675771430299,6,FIr Creation Request,201,Created,Firs Test single user 1-1,text,true,,463,10422,1,1,http://localhost:3002/fir,6,0,1
1675771430307,6,FIr Creation Request,201,Created,Firs Test single user 1-1,text,true,,463,10422,1,1,http://localhost:3002/fir,6,0,0
1675771430315,8,FIr Creation Request,201,Created,Firs Test single user 1-1,text,true,,463,10422,1,1,http://localhost:3002/fir,8,0,1
1675771430324,6,FIr Creation Request,201,Created,Firs Test single user 1-1,text,true,,463,10422,1,1,http://localhost:3002/fir,6,0,0
1675771430331,5,FIr Creation Request,201,Created,Firs Test single user 1-1,text,true,,463,10422,1,1,http://localhost:3002/fir,5,0,0
1675771430338,7,FIr Creation Request,201,Created,Firs Test single user 1-1,text,true,,463,10422,1,1,http://localhost:3002/fir,7,0,0
1675771430346,7,FIr Creation Request,201,Created,Firs Test single user 1-1,text,true,,463,10422,1,1,http://localhost:3002/fir,7,0,0
1675771430354,6,FIr Creation Request,201,Created,Firs Test single user 1-1,text,true,,463,10422,1,1,http://localhost:3002/fir,6,0,1
1675771430362,6,FIr Creation Request,201,Created,Firs Test single user 1-1,text,true,,463,10422,1,1,http://localhost:3002/fir,6,0,0
1675771430369,6,FIr Creation Request,201,Created,Firs Test single user 1-1,text,true,,463,10422,1,1,http://localhost:3002/fir,6,0,1
1675771430376,8,FIr Creation Request,201,Created,Firs Test single user 1-1,text,true,,463,10422,1,1,http://localhost:3002/fir,8,0,0
1675771430385,7,FIr Creation Request,201,Created,Firs Test single user 1-1,text,true,,463,10422,1,1,http://localhost:3002/fir,7,0,1
1675771430393,7,FIr Creation Request,201,Created,Firs Test single user 1-1,text,true,,463,10422,1,1,http://localhost:3002/fir,7,0,0
1675771430401,7,FIr Creation Request,201,Created,Firs Test single user 1-1,text,true,,463,10422,1,1,http://localhost:3002/fir,7,0,0
1675771430410,6,FIr Creation Request,201,Created,Firs Test single user 1-1,text,true,,463,10422,1,1,http://localhost:3002/fir,6,0,0
1675771430418,7,FIr Creation Request,201,Created,Firs Test single user 1-1,text,true,,463,10422,1,1,http://localhost:3002/fir,7,0,0
1675771430426,7,FIr Creation Request,201,Created,Firs Test single user 1-1,text,true,,463,10422,1,1,http://localhost:3002/fir,7,0,0
1675771430434,522,FIr Creation Request,201,Created,Firs Test single user 1-1,text,true,,463,10422,1,1,http://localhost:3002/fir,522,0,1
1675771430959,187,FIr Creation Request,201,Created,Firs Test single user 1-1,text,true,,463,10422,1,1,http://localhost:3002/fir,187,0,1
1675771431147,7,FIr Creation Request,201,Created,Firs Test single user 1-1,text,true,,463,10422,1,1,http://localhost:3002/fir,7,0,0
1675771431155,6,FIr Creation Request,201,Created,Firs Test single user 1-1,text,true,,463,10422,1,1,http://localhost:3002/fir,6,0,0
1675771431162,6,FIr Creation Request,201,Created,Firs Test single user 1-1,text,true,,463,10422,1,1,http://localhost:3002/fir,6,0,1
1675771431170,7,FIr Creation Request,201,Created,Firs Test single user 1-1,text,true,,463,10422,1,1,http://localhost:3002/fir,7,0,0
1675771431178,5,FIr Creation Request,201,Created,Firs Test single user 1-1,text,true,,463,10422,1,1,http://localhost:3002/fir,5,0,0
1675771431185,10,FIr Creation Request,201,Created,Firs Test single user 1-1,text,true,,463,10422,1,1,http://localhost:3002/fir,10,0,0
1675771431196,5,FIr Creation Request,201,Created,Firs Test single user 1-1,text,true,,463,10422,1,1,http://localhost:3002/fir,5,0,0
1675771431203,8,FIr Creation Request,201,Created,Firs Test single user 1-1,text,true,,463,10422,1,1,http://localhost:3002/fir,8,0,0
1675771431213,6,FIr Creation Request,201,Created,Firs Test single user 1-1,text,true,,463,10422,1,1,http://localhost:3002/fir,6,0,0
1675771431220,6,FIr Creation Request,201,Created,Firs Test single user 1-1,text,true,,463,10422,1,1,http://localhost:3002/fir,6,0,0
1675771431227,8,FIr Creation Request,201,Created,Firs Test single user 1-1,text,true,,463,10422,1,1,http://localhost:3002/fir,8,0,0
1675771431236,7,FIr Creation Request,201,Created,Firs Test single user 1-1,text,true,,463,10422,1,1,http://localhost:3002/fir,7,0,0
1675771431244,10,FIr Creation Request,201,Created,Firs Test single user 1-1,text,true,,463,10422,1,1,http://localhost:3002/fir,10,0,0
1675771431255,6,FIr Creation Request,201,Created,Firs Test single user 1-1,text,true,,463,10422,1,1,http://localhost:3002/fir,6,0,0
1675771431262,6,FIr Creation Request,201,Created,Firs Test single user 1-1,text,true,,463,10422,1,1,http://localhost:3002/fir,6,0,0
1675771431269,6,FIr Creation Request,201,Created,Firs Test single user 1-1,text,true,,463,10422,1,1,http://localhost:3002/fir,6,0,0
1675771431276,12,FIr Creation Request,201,Created,Firs Test single user 1-1,text,true,,463,10422,1,1,http://localhost:3002/fir,12,0,1
1675771431289,6,FIr Creation Request,201,Created,Firs Test single user 1-1,text,true,,463,10422,1,1,http://localhost:3002/fir,6,0,0
1675771431296,6,FIr Creation Request,201,Created,Firs Test single user 1-1,text,true,,463,10422,1,1,http://localhost:3002/fir,6,0,0
1675771431303,6,FIr Creation Request,201,Created,Firs Test single user 1-1,text,true,,463,10422,1,1,http://localhost:3002/fir,6,0,0
1675771431310,7,FIr Creation Request,201,Created,Firs Test single user 1-1,text,true,,463,10422,1,1,http://localhost:3002/fir,7,0,1
1675771431318,7,FIr Creation Request,201,Created,Firs Test single user 1-1,text,true,,463,10422,1,1,http://localhost:3002/fir,7,0,1
1675771431327,7,FIr Creation Request,201,Created,Firs Test single user 1-1,text,true,,463,10422,1,1,http://localhost:3002/fir,7,0,0
1675771431336,10,FIr Creation Request,201,Created,Firs Test single user 1-1,text,true,,463,10422,1,1,http://localhost:3002/fir,10,0,0
1675771431347,7,FIr Creation Request,201,Created,Firs Test single user 1-1,text,true,,463,10422,1,1,http://localhost:3002/fir,7,0,0
1675771431356,6,FIr Creation Request,201,Created,Firs Test single user 1-1,text,true,,463,10422,1,1,http://localhost:3002/fir,6,0,0
1675771431364,7,FIr Creation Request,201,Created,Firs Test single user 1-1,text,true,,463,10422,1,1,http://localhost:3002/fir,7,0,0
1675771431372,7,FIr Creation Request,201,Created,Firs Test single user 1-1,text,true,,463,10422,1,1,http://localhost:3002/fir,7,0,0
1675771431381,7,FIr Creation Request,201,Created,Firs Test single user 1-1,text,true,,463,10422,1,1,http://localhost:3002/fir,7,0,0
1675771431389,7,FIr Creation Request,201,Created,Firs Test single user 1-1,text,true,,463,10422,1,1,http://localhost:3002/fir,7,0,0
1675771431397,8,FIr Creation Request,201,Created,Firs Test single user 1-1,text,true,,463,10422,1,1,http://localhost:3002/fir,8,0,1
1675771431406,7,FIr Creation Request,201,Created,Firs Test single user 1-1,text,true,,463,10422,1,1,http://localhost:3002/fir,7,0,0
1675771431414,7,FIr Creation Request,201,Created,Firs Test single user 1-1,text,true,,463,10422,1,1,http://localhost:3002/fir,7,0,0
1675771431422,7,FIr Creation Request,201,Created,Firs Test single user 1-1,text,true,,463,10422,1,1,http://localhost:3002/fir,7,0,0
1675771431430,6,FIr Creation Request,201,Created,Firs Test single user 1-1,text,true,,463,10422,1,1,http://localhost:3002/fir,6,0,0
1675771431438,6,FIr Creation Request,201,Created,Firs Test single user 1-1,text,true,,463,10422,1,1,http://localhost:3002/fir,6,0,0
1675771431445,6,FIr Creation Request,201,Created,Firs Test single user 1-1,text,true,,463,10422,1,1,http://localhost:3002/fir,6,0,0
1675771431453,5,FIr Creation Request,201,Created,Firs Test single user 1-1,text,true,,463,10422,1,1,http://localhost:3002/fir,5,0,0
1675771431460,6,FIr Creation Request,201,Created,Firs Test single user 1-1,text,true,,463,10422,1,1,http://localhost:3002/fir,6,0,0
1675771431467,6,FIr Creation Request,201,Created,Firs Test single user 1-1,text,true,,463,10422,1,1,http://localhost:3002/fir,6,0,0
1675771431474,7,FIr Creation Request,201,Created,Firs Test single user 1-1,text,true,,463,10422,1,1,http://localhost:3002/fir,7,0,0
1675771431482,6,FIr Creation Request,201,Created,Firs Test single user 1-1,text,true,,463,10422,1,1,http://localhost:3002/fir,6,0,0
1675771431491,8,FIr Creation Request,201,Created,Firs Test single user 1-1,text,true,,463,10422,1,1,http://localhost:3002/fir,8,0,0
1675771431500,6,FIr Creation Request,201,Created,Firs Test single user 1-1,text,true,,463,10422,1,1,http://localhost:3002/fir,6,0,0
1675771431507,7,FIr Creation Request,201,Created,Firs Test single user 1-1,text,true,,463,10422,1,1,http://localhost:3002/fir,6,0,1
1675771431515,6,FIr Creation Request,201,Created,Firs Test single user 1-1,text,true,,463,10422,1,1,http://localhost:3002/fir,6,0,0
1675771431522,8,FIr Creation Request,201,Created,Firs Test single user 1-1,text,true,,463,10422,1,1,http://localhost:3002/fir,8,0,1
1675771431531,7,FIr Creation Request,201,Created,Firs Test single user 1-1,text,true,,463,10422,1,1,http://localhost:3002/fir,7,0,0
1675771431539,7,FIr Creation Request,201,Created,Firs Test single user 1-1,text,true,,463,10422,1,1,http://localhost:3002/fir,7,0,0
1675771431547,7,FIr Creation Request,201,Created,Firs Test single user 1-1,text,true,,463,10422,1,1,http://localhost:3002/fir,7,0,0
1675771431556,7,FIr Creation Request,201,Created,Firs Test single user 1-1,text,true,,463,10422,1,1,http://localhost:3002/fir,7,0,0
1675771431564,7,FIr Creation Request,201,Created,Firs Test single user 1-1,text,true,,463,10422,1,1,http://localhost:3002/fir,7,0,1
1675771431572,8,FIr Creation Request,201,Created,Firs Test single user 1-1,text,true,,463,10422,1,1,http://localhost:3002/fir,8,0,1
1675771431581,7,FIr Creation Request,201,Created,Firs Test single user 1-1,text,true,,463,10422,1,1,http://localhost:3002/fir,7,0,0
1675771431589,7,FIr Creation Request,201,Created,Firs Test single user 1-1,text,true,,463,10422,1,1,http://localhost:3002/fir,7,0,0
1675771431598,6,FIr Creation Request,201,Created,Firs Test single user 1-1,text,true,,463,10422,1,1,http://localhost:3002/fir,6,0,0
1675771431605,8,FIr Creation Request,201,Created,Firs Test single user 1-1,text,true,,463,10422,1,1,http://localhost:3002/fir,8,0,1
1675771431614,7,FIr Creation Request,201,Created,Firs Test single user 1-1,text,true,,463,10422,1,1,http://localhost:3002/fir,7,0,1
1675771431622,8,FIr Creation Request,201,Created,Firs Test single user 1-1,text,true,,463,10422,1,1,http://localhost:3002/fir,8,0,0
1675771431631,7,FIr Creation Request,201,Created,Firs Test single user 1-1,text,true,,463,10422,1,1,http://localhost:3002/fir,7,0,0
1675771431639,6,FIr Creation Request,201,Created,Firs Test single user 1-1,text,true,,463,10422,1,1,http://localhost:3002/fir,6,0,0
1675771431646,6,FIr Creation Request,201,Created,Firs Test single user 1-1,text,true,,463,10422,1,1,http://localhost:3002/fir,6,0,0
1675771431654,5,FIr Creation Request,201,Created,Firs Test single user 1-1,text,true,,463,10422,1,1,http://localhost:3002/fir,5,0,0
1675771431661,5,FIr Creation Request,201,Created,Firs Test single user 1-1,text,true,,463,10422,1,1,http://localhost:3002/fir,5,0,0
1675771431667,9,FIr Creation Request,201,Created,Firs Test single user 1-1,text,true,,463,10422,1,1,http://localhost:3002/fir,9,0,0
1675771431677,7,FIr Creation Request,201,Created,Firs Test single user 1-1,text,true,,463,10422,1,1,http://localhost:3002/fir,7,0,1
1675771431685,8,FIr Creation Request,201,Created,Firs Test single user 1-1,text,true,,463,10422,1,1,http://localhost:3002/fir,8,0,1
1675771431694,10,FIr Creation Request,201,Created,Firs Test single user 1-1,text,true,,463,10422,1,1,http://localhost:3002/fir,10,0,0
1675771431705,8,FIr Creation Request,201,Created,Firs Test single user 1-1,text,true,,463,10422,1,1,http://localhost:3002/fir,8,0,0
1675771431714,7,FIr Creation Request,201,Created,Firs Test single user 1-1,text,true,,463,10422,1,1,http://localhost:3002/fir,7,0,1
1675771431723,7,FIr Creation Request,201,Created,Firs Test single user 1-1,text,true,,463,10422,1,1,http://localhost:3002/fir,7,0,0
1675771431731,6,FIr Creation Request,201,Created,Firs Test single user 1-1,text,true,,463,10422,1,1,http://localhost:3002/fir,6,0,0
1675771431739,9,FIr Creation Request,201,Created,Firs Test single user 1-1,text,true,,463,10422,1,1,http://localhost:3002/fir,9,0,0
1675771431749,6,FIr Creation Request,201,Created,Firs Test single user 1-1,text,true,,463,10422,1,1,http://localhost:3002/fir,6,0,1
1675771431756,7,FIr Creation Request,201,Created,Firs Test single user 1-1,text,true,,463,10422,1,1,http://localhost:3002/fir,7,0,1
1675771431764,7,FIr Creation Request,201,Created,Firs Test single user 1-1,text,true,,463,10422,1,1,http://localhost:3002/fir,7,0,0
1675771431773,7,FIr Creation Request,201,Created,Firs Test single user 1-1,text,true,,463,10422,1,1,http://localhost:3002/fir,7,0,0
1675771431781,7,FIr Creation Request,201,Created,Firs Test single user 1-1,text,true,,463,10422,1,1,http://localhost:3002/fir,7,0,1
1675771431790,6,FIr Creation Request,201,Created,Firs Test single user 1-1,text,true,,463,10422,1,1,http://localhost:3002/fir,6,0,0
1675771431797,7,FIr Creation Request,201,Created,Firs Test single user 1-1,text,true,,463,10422,1,1,http://localhost:3002/fir,7,0,0
1675771431805,7,FIr Creation Request,201,Created,Firs Test single user 1-1,text,true,,463,10422,1,1,http://localhost:3002/fir,7,0,0
1675771431813,6,FIr Creation Request,201,Created,Firs Test single user 1-1,text,true,,463,10422,1,1,http://localhost:3002/fir,6,0,0
1675771431820,9,FIr Creation Request,201,Created,Firs Test single user 1-1,text,true,,463,10422,1,1,http://localhost:3002/fir,9,0,1
1675771431830,6,FIr Creation Request,201,Created,Firs Test single user 1-1,text,true,,463,10422,1,1,http://localhost:3002/fir,6,0,0
1675771431838,6,FIr Creation Request,201,Created,Firs Test single user 1-1,text,true,,463,10422,1,1,http://localhost:3002/fir,6,0,0
1675771431847,5,FIr Creation Request,201,Created,Firs Test single user 1-1,text,true,,463,10422,1,1,http://localhost:3002/fir,5,0,0
1675771431854,6,FIr Creation Request,201,Created,Firs Test single user 1-1,text,true,,463,10422,1,1,http://localhost:3002/fir,6,0,0
1675771431861,7,FIr Creation Request,201,Created,Firs Test single user 1-1,text,true,,463,10422,1,1,http://localhost:3002/fir,7,0,0
1675771431870,6,FIr Creation Request,201,Created,Firs Test single user 1-1,text,true,,463,10422,1,1,http://localhost:3002/fir,6,0,0
1675771431878,6,FIr Creation Request,201,Created,Firs Test single user 1-1,text,true,,463,10422,1,1,http://localhost:3002/fir,6,0,0
1675771431886,7,FIr Creation Request,201,Created,Firs Test single user 1-1,text,true,,463,10422,1,1,http://localhost:3002/fir,7,0,0
1675771431894,7,FIr Creation Request,201,Created,Firs Test single user 1-1,text,true,,463,10422,1,1,http://localhost:3002/fir,7,0,0
1675771431903,10,FIr Creation Request,201,Created,Firs Test single user 1-1,text,true,,463,10422,1,1,http://localhost:3002/fir,10,0,0
1675771431914,13,FIr Creation Request,201,Created,Firs Test single user 1-1,text,true,,463,10422,1,1,http://localhost:3002/fir,13,0,0
1675771431928,6,FIr Creation Request,201,Created,Firs Test single user 1-1,text,true,,463,10422,1,1,http://localhost:3002/fir,6,0,0
1675771431935,9,FIr Creation Request,201,Created,Firs Test single user 1-1,text,true,,463,10422,1,1,http://localhost:3002/fir,9,0,1
1675771431945,7,FIr Creation Request,201,Created,Firs Test single user 1-1,text,true,,463,10422,1,1,http://localhost:3002/fir,7,0,0
1675771431953,6,FIr Creation Request,201,Created,Firs Test single user 1-1,text,true,,463,10422,1,1,http://localhost:3002/fir,6,0,0
1675771431960,7,FIr Creation Request,201,Created,Firs Test single user 1-1,text,true,,463,10422,1,1,http://localhost:3002/fir,7,0,1
1675771431968,9,FIr Creation Request,201,Created,Firs Test single user 1-1,text,true,,463,10422,1,1,http://localhost:3002/fir,9,0,0
1675771431978,6,FIr Creation Request,201,Created,Firs Test single user 1-1,text,true,,463,10422,1,1,http://localhost:3002/fir,6,0,0
1675771431986,7,FIr Creation Request,201,Created,Firs Test single user 1-1,text,true,,463,10422,1,1,http://localhost:3002/fir,7,0,0
1675771432001,9,FIr Creation Request,201,Created,Firs Test single user 1-1,text,true,,463,10422,1,1,http://localhost:3002/fir,9,0,0
1675771432012,6,FIr Creation Request,201,Created,Firs Test single user 1-1,text,true,,463,10422,1,1,http://localhost:3002/fir,6,0,0
1675771432019,8,FIr Creation Request,201,Created,Firs Test single user 1-1,text,true,,463,10422,1,1,http://localhost:3002/fir,8,0,1
1675771432028,10,FIr Creation Request,201,Created,Firs Test single user 1-1,text,true,,463,10422,1,1,http://localhost:3002/fir,10,0,0
1675771432040,7,FIr Creation Request,201,Created,Firs Test single user 1-1,text,true,,463,10422,1,1,http://localhost:3002/fir,7,0,0
1675771432048,7,FIr Creation Request,201,Created,Firs Test single user 1-1,text,true,,463,10422,1,1,http://localhost:3002/fir,7,0,0
1675771432056,7,FIr Creation Request,201,Created,Firs Test single user 1-1,text,true,,463,10422,1,1,http://localhost:3002/fir,7,0,0
1675771432135,7,FIr Creation Request,201,Created,Firs Test single user 1-1,text,true,,463,10422,1,1,http://localhost:3002/fir,7,0,0
1675771432144,6,FIr Creation Request,201,Created,Firs Test single user 1-1,text,true,,463,10422,1,1,http://localhost:3002/fir,6,0,0
1675771432152,5,FIr Creation Request,201,Created,Firs Test single user 1-1,text,true,,463,10422,1,1,http://localhost:3002/fir,5,0,0
1675771432159,6,FIr Creation Request,201,Created,Firs Test single user 1-1,text,true,,463,10422,1,1,http://localhost:3002/fir,6,0,0
1675771432166,7,FIr Creation Request,201,Created,Firs Test single user 1-1,text,true,,463,10422,1,1,http://localhost:3002/fir,7,0,0
1675771432174,6,FIr Creation Request,201,Created,Firs Test single user 1-1,text,true,,463,10422,1,1,http://localhost:3002/fir,6,0,0
1675771432181,8,FIr Creation Request,201,Created,Firs Test single user 1-1,text,true,,463,10422,1,1,http://localhost:3002/fir,8,0,0
1675771432190,7,FIr Creation Request,201,Created,Firs Test single user 1-1,text,true,,463,10422,1,1,http://localhost:3002/fir,7,0,0
1675771432198,7,FIr Creation Request,201,Created,Firs Test single user 1-1,text,true,,463,10422,1,1,http://localhost:3002/fir,7,0,0
1675771432207,6,FIr Creation Request,201,Created,Firs Test single user 1-1,text,true,,463,10422,1,1,http://localhost:3002/fir,6,0,0
1675771432215,7,FIr Creation Request,201,Created,Firs Test single user 1-1,text,true,,463,10422,1,1,http://localhost:3002/fir,7,0,0
1675771432223,7,FIr Creation Request,201,Created,Firs Test single user 1-1,text,true,,463,10422,1,1,http://localhost:3002/fir,7,0,0
1675771432231,14,FIr Creation Request,201,Created,Firs Test single user 1-1,text,true,,463,10422,1,1,http://localhost:3002/fir,14,0,0
1675771432246,10,FIr Creation Request,201,Created,Firs Test single user 1-1,text,true,,463,10422,1,1,http://localhost:3002/fir,10,0,1
1675771432257,6,FIr Creation Request,201,Created,Firs Test single user 1-1,text,true,,463,10422,1,1,http://localhost:3002/fir,6,0,0
1675771432264,7,FIr Creation Request,201,Created,Firs Test single user 1-1,text,true,,463,10422,1,1,http://localhost:3002/fir,7,0,1
1675771432272,6,FIr Creation Request,201,Created,Firs Test single user 1-1,text,true,,463,10422,1,1,http://localhost:3002/fir,6,0,1
1675771432279,7,FIr Creation Request,201,Created,Firs Test single user 1-1,text,true,,463,10422,1,1,http://localhost:3002/fir,7,0,1
1675771432287,6,FIr Creation Request,201,Created,Firs Test single user 1-1,text,true,,463,10422,1,1,http://localhost:3002/fir,6,0,0
1675771432294,9,FIr Creation Request,201,Created,Firs Test single user 1-1,text,true,,463,10422,1,1,http://localhost:3002/fir,9,0,1
1675771432304,6,FIr Creation Request,201,Created,Firs Test single user 1-1,text,true,,463,10422,1,1,http://localhost:3002/fir,6,0,1
1675771432311,7,FIr Creation Request,201,Created,Firs Test single user 1-1,text,true,,463,10422,1,1,http://localhost:3002/fir,7,0,0
1675771432319,6,FIr Creation Request,201,Created,Firs Test single user 1-1,text,true,,463,10422,1,1,http://localhost:3002/fir,6,0,0
1675771432328,7,FIr Creation Request,201,Created,Firs Test single user 1-1,text,true,,463,10422,1,1,http://localhost:3002/fir,7,0,0
1675771432336,7,FIr Creation Request,201,Created,Firs Test single user 1-1,text,true,,463,10422,1,1,http://localhost:3002/fir,7,0,0
1675771432344,319,FIr Creation Request,201,Created,Firs Test single user 1-1,text,true,,463,10422,1,1,http://localhost:3002/fir,319,0,1
1675771432668,14,FIr Creation Request,201,Created,Firs Test single user 1-1,text,true,,463,10422,1,1,http://localhost:3002/fir,14,0,0
1675771432684,10,FIr Creation Request,201,Created,Firs Test single user 1-1,text,true,,463,10422,1,1,http://localhost:3002/fir,10,0,0
1675771432695,8,FIr Creation Request,201,Created,Firs Test single user 1-1,text,true,,463,10422,1,1,http://localhost:3002/fir,8,0,0
1675771432705,6,FIr Creation Request,201,Created,Firs Test single user 1-1,text,true,,463,10422,1,1,http://localhost:3002/fir,6,0,0
1675771432713,7,FIr Creation Request,201,Created,Firs Test single user 1-1,text,true,,463,10422,1,1,http://localhost:3002/fir,7,0,0
1675771432721,6,FIr Creation Request,201,Created,Firs Test single user 1-1,text,true,,463,10422,1,1,http://localhost:3002/fir,6,0,0
1675771432729,6,FIr Creation Request,201,Created,Firs Test single user 1-1,text,true,,463,10422,1,1,http://localhost:3002/fir,6,0,0
1675771432736,11,FIr Creation Request,201,Created,Firs Test single user 1-1,text,true,,463,10422,1,1,http://localhost:3002/fir,11,0,1
1675771432749,6,FIr Creation Request,201,Created,Firs Test single user 1-1,text,true,,463,10422,1,1,http://localhost:3002/fir,6,0,0
1675771432756,7,FIr Creation Request,201,Created,Firs Test single user 1-1,text,true,,463,10422,1,1,http://localhost:3002/fir,7,0,0
1675771432764,7,FIr Creation Request,201,Created,Firs Test single user 1-1,text,true,,463,10422,1,1,http://localhost:3002/fir,7,0,1
1675771432772,9,FIr Creation Request,201,Created,Firs Test single user 1-1,text,true,,463,10422,1,1,http://localhost:3002/fir,9,0,1
1675771432782,8,FIr Creation Request,201,Created,Firs Test single user 1-1,text,true,,463,10422,1,1,http://localhost:3002/fir,8,0,0
1675771432791,7,FIr Creation Request,201,Created,Firs Test single user 1-1,text,true,,463,10422,1,1,http://localhost:3002/fir,7,0,0
1675771432799,10,FIr Creation Request,201,Created,Firs Test single user 1-1,text,true,,463,10422,1,1,http://localhost:3002/fir,10,0,1
1675771432810,9,FIr Creation Request,201,Created,Firs Test single user 1-1,text,true,,463,10422,1,1,http://localhost:3002/fir,9,0,0
1675771432820,9,FIr Creation Request,201,Created,Firs Test single user 1-1,text,true,,463,10422,1,1,http://localhost:3002/fir,9,0,0
1675771432830,7,FIr Creation Request,201,Created,Firs Test single user 1-1,text,true,,463,10422,1,1,http://localhost:3002/fir,7,0,0
1675771432838,7,FIr Creation Request,201,Created,Firs Test single user 1-1,text,true,,463,10422,1,1,http://localhost:3002/fir,7,0,1
1675771432846,6,FIr Creation Request,201,Created,Firs Test single user 1-1,text,true,,463,10422,1,1,http://localhost:3002/fir,6,0,0
1675771432853,7,FIr Creation Request,201,Created,Firs Test single user 1-1,text,true,,463,10422,1,1,http://localhost:3002/fir,7,0,0
1675771432866,8,FIr Creation Request,201,Created,Firs Test single user 1-1,text,true,,463,10422,1,1,http://localhost:3002/fir,8,0,0
1675771432875,9,FIr Creation Request,201,Created,Firs Test single user 1-1,text,true,,463,10422,1,1,http://localhost:3002/fir,9,0,0
1675771432885,6,FIr Creation Request,201,Created,Firs Test single user 1-1,text,true,,463,10422,1,1,http://localhost:3002/fir,6,0,0
1675771432893,13,FIr Creation Request,201,Created,Firs Test single user 1-1,text,true,,463,10422,1,1,http://localhost:3002/fir,13,0,0
1675771432907,7,FIr Creation Request,201,Created,Firs Test single user 1-1,text,true,,463,10422,1,1,http://localhost:3002/fir,7,0,0
1675771432915,8,FIr Creation Request,201,Created,Firs Test single user 1-1,text,true,,463,10422,1,1,http://localhost:3002/fir,8,0,0
1675771432924,7,FIr Creation Request,201,Created,Firs Test single user 1-1,text,true,,463,10422,1,1,http://localhost:3002/fir,7,0,0
1675771432932,7,FIr Creation Request,201,Created,Firs Test single user 1-1,text,true,,463,10422,1,1,http://localhost:3002/fir,7,0,0
1675771432940,7,FIr Creation Request,201,Created,Firs Test single user 1-1,text,true,,463,10422,1,1,http://localhost:3002/fir,7,0,0
1675771432949,6,FIr Creation Request,201,Created,Firs Test single user 1-1,text,true,,463,10422,1,1,http://localhost:3002/fir,6,0,0
1675771432957,7,FIr Creation Request,201,Created,Firs Test single user 1-1,text,true,,463,10422,1,1,http://localhost:3002/fir,7,0,0
1675771432966,7,FIr Creation Request,201,Created,Firs Test single user 1-1,text,true,,463,10422,1,1,http://localhost:3002/fir,7,0,0
1675771432974,6,FIr Creation Request,201,Created,Firs Test single user 1-1,text,true,,463,10422,1,1,http://localhost:3002/fir,6,0,0
1675771432981,7,FIr Creation Request,201,Created,Firs Test single user 1-1,text,true,,463,10422,1,1,http://localhost:3002/fir,7,0,1
1675771432990,12,FIr Creation Request,201,Created,Firs Test single user 1-1,text,true,,463,10422,1,1,http://localhost:3002/fir,12,0,0
1675771433003,8,FIr Creation Request,201,Created,Firs Test single user 1-1,text,true,,463,10422,1,1,http://localhost:3002/fir,8,0,0
1675771433013,6,FIr Creation Request,201,Created,Firs Test single user 1-1,text,true,,463,10422,1,1,http://localhost:3002/fir,6,0,0
1675771433021,11,FIr Creation Request,201,Created,Firs Test single user 1-1,text,true,,463,10422,1,1,http://localhost:3002/fir,11,0,0
1675771433033,6,FIr Creation Request,201,Created,Firs Test single user 1-1,text,true,,463,10422,1,1,http://localhost:3002/fir,6,0,0
1675771433041,7,FIr Creation Request,201,Created,Firs Test single user 1-1,text,true,,463,10422,1,1,http://localhost:3002/fir,7,0,0
1675771433049,7,FIr Creation Request,201,Created,Firs Test single user 1-1,text,true,,463,10422,1,1,http://localhost:3002/fir,7,0,0
1675771433057,7,FIr Creation Request,201,Created,Firs Test single user 1-1,text,true,,463,10422,1,1,http://localhost:3002/fir,7,0,0
1675771433065,7,FIr Creation Request,201,Created,Firs Test single user 1-1,text,true,,463,10422,1,1,http://localhost:3002/fir,7,0,1
1675771433074,7,FIr Creation Request,201,Created,Firs Test single user 1-1,text,true,,463,10422,1,1,http://localhost:3002/fir,7,0,0
1675771433082,7,FIr Creation Request,201,Created,Firs Test single user 1-1,text,true,,463,10422,1,1,http://localhost:3002/fir,7,0,0
1675771433090,8,FIr Creation Request,201,Created,Firs Test single user 1-1,text,true,,463,10422,1,1,http://localhost:3002/fir,8,0,1
1675771433099,7,FIr Creation Request,201,Created,Firs Test single user 1-1,text,true,,463,10422,1,1,http://localhost:3002/fir,7,0,0
1675771433107,7,FIr Creation Request,201,Created,Firs Test single user 1-1,text,true,,463,10422,1,1,http://localhost:3002/fir,7,0,0
1675771433115,8,FIr Creation Request,201,Created,Firs Test single user 1-1,text,true,,463,10422,1,1,http://localhost:3002/fir,8,0,0
1675771433124,7,FIr Creation Request,201,Created,Firs Test single user 1-1,text,true,,463,10422,1,1,http://localhost:3002/fir,7,0,1
1675771433132,7,FIr Creation Request,201,Created,Firs Test single user 1-1,text,true,,463,10422,1,1,http://localhost:3002/fir,7,0,0
1675771433140,8,FIr Creation Request,201,Created,Firs Test single user 1-1,text,true,,463,10422,1,1,http://localhost:3002/fir,8,0,0
1675771433149,6,FIr Creation Request,201,Created,Firs Test single user 1-1,text,true,,463,10422,1,1,http://localhost:3002/fir,6,0,0
1675771433156,8,FIr Creation Request,201,Created,Firs Test single user 1-1,text,true,,463,10422,1,1,http://localhost:3002/fir,8,0,1
1675771433165,7,FIr Creation Request,201,Created,Firs Test single user 1-1,text,true,,463,10422,1,1,http://localhost:3002/fir,7,0,0
1675771433174,7,FIr Creation Request,201,Created,Firs Test single user 1-1,text,true,,463,10422,1,1,http://localhost:3002/fir,7,0,0
1675771433182,7,FIr Creation Request,201,Created,Firs Test single user 1-1,text,true,,463,10422,1,1,http://localhost:3002/fir,7,0,1
1675771433190,8,FIr Creation Request,201,Created,Firs Test single user 1-1,text,true,,463,10422,1,1,http://localhost:3002/fir,8,0,1
1675771433199,6,FIr Creation Request,201,Created,Firs Test single user 1-1,text,true,,463,10422,1,1,http://localhost:3002/fir,6,0,0
1675771433206,6,FIr Creation Request,201,Created,Firs Test single user 1-1,text,true,,463,10422,1,1,http://localhost:3002/fir,6,0,0
1675771433213,6,FIr Creation Request,201,Created,Firs Test single user 1-1,text,true,,463,10422,1,1,http://localhost:3002/fir,6,0,1
1675771433221,6,FIr Creation Request,201,Created,Firs Test single user 1-1,text,true,,463,10422,1,1,http://localhost:3002/fir,6,0,0
1675771433229,11,FIr Creation Request,201,Created,Firs Test single user 1-1,text,true,,463,10422,1,1,http://localhost:3002/fir,11,0,0
1675771433241,7,FIr Creation Request,201,Created,Firs Test single user 1-1,text,true,,463,10422,1,1,http://localhost:3002/fir,7,0,0
1675771433249,7,FIr Creation Request,201,Created,Firs Test single user 1-1,text,true,,463,10422,1,1,http://localhost:3002/fir,7,0,0
1675771433257,7,FIr Creation Request,201,Created,Firs Test single user 1-1,text,true,,463,10422,1,1,http://localhost:3002/fir,7,0,0
1675771433266,8,FIr Creation Request,201,Created,Firs Test single user 1-1,text,true,,463,10422,1,1,http://localhost:3002/fir,8,0,0
1675771433275,7,FIr Creation Request,201,Created,Firs Test single user 1-1,text,true,,463,10422,1,1,http://localhost:3002/fir,7,0,1
1675771433284,6,FIr Creation Request,201,Created,Firs Test single user 1-1,text,true,,463,10422,1,1,http://localhost:3002/fir,6,0,0
1675771433292,5,FIr Creation Request,201,Created,Firs Test single user 1-1,text,true,,463,10422,1,1,http://localhost:3002/fir,5,0,0
1675771433299,7,FIr Creation Request,201,Created,Firs Test single user 1-1,text,true,,463,10422,1,1,http://localhost:3002/fir,7,0,0
1675771433307,7,FIr Creation Request,201,Created,Firs Test single user 1-1,text,true,,463,10422,1,1,http://localhost:3002/fir,7,0,1
1675771433315,7,FIr Creation Request,201,Created,Firs Test single user 1-1,text,true,,463,10422,1,1,http://localhost:3002/fir,7,0,1
1675771433324,7,FIr Creation Request,201,Created,Firs Test single user 1-1,text,true,,463,10422,1,1,http://localhost:3002/fir,7,0,0
1675771433332,7,FIr Creation Request,201,Created,Firs Test single user 1-1,text,true,,463,10422,1,1,http://localhost:3002/fir,7,0,1
1675771433341,6,FIr Creation Request,201,Created,Firs Test single user 1-1,text,true,,463,10422,1,1,http://localhost:3002/fir,6,0,0
1675771433348,8,FIr Creation Request,201,Created,Firs Test single user 1-1,text,true,,463,10422,1,1,http://localhost:3002/fir,8,0,1
1675771433358,6,FIr Creation Request,201,Created,Firs Test single user 1-1,text,true,,463,10422,1,1,http://localhost:3002/fir,6,0,0
1675771433365,7,FIr Creation Request,201,Created,Firs Test single user 1-1,text,true,,463,10422,1,1,http://localhost:3002/fir,7,0,0
1675771433376,8,FIr Creation Request,201,Created,Firs Test single user 1-1,text,true,,463,10422,1,1,http://localhost:3002/fir,8,0,0
1675771433385,6,FIr Creation Request,201,Created,Firs Test single user 1-1,text,true,,463,10422,1,1,http://localhost:3002/fir,6,0,0
1675771433392,7,FIr Creation Request,201,Created,Firs Test single user 1-1,text,true,,463,10422,1,1,http://localhost:3002/fir,7,0,1
1675771433400,7,FIr Creation Request,201,Created,Firs Test single user 1-1,text,true,,463,10422,1,1,http://localhost:3002/fir,7,0,0
1675771433409,6,FIr Creation Request,201,Created,Firs Test single user 1-1,text,true,,463,10422,1,1,http://localhost:3002/fir,6,0,0
1675771433416,6,FIr Creation Request,201,Created,Firs Test single user 1-1,text,true,,463,10422,1,1,http://localhost:3002/fir,6,0,1
1675771433423,8,FIr Creation Request,201,Created,Firs Test single user 1-1,text,true,,463,10422,1,1,http://localhost:3002/fir,8,0,1
1675771433433,7,FIr Creation Request,201,Created,Firs Test single user 1-1,text,true,,463,10422,1,1,http://localhost:3002/fir,7,0,0
1675771433441,6,FIr Creation Request,201,Created,Firs Test single user 1-1,text,true,,463,10422,1,1,http://localhost:3002/fir,6,0,0
1675771433448,8,FIr Creation Request,201,Created,Firs Test single user 1-1,text,true,,463,10422,1,1,http://localhost:3002/fir,8,0,1
1675771433458,6,FIr Creation Request,201,Created,Firs Test single user 1-1,text,true,,463,10422,1,1,http://localhost:3002/fir,6,0,0
1675771433466,7,FIr Creation Request,201,Created,Firs Test single user 1-1,text,true,,463,10422,1,1,http://localhost:3002/fir,7,0,0
1675771433474,6,FIr Creation Request,201,Created,Firs Test single user 1-1,text,true,,463,10422,1,1,http://localhost:3002/fir,6,0,0
1675771433482,7,FIr Creation Request,201,Created,Firs Test single user 1-1,text,true,,463,10422,1,1,http://localhost:3002/fir,7,0,0
1675771433491,7,FIr Creation Request,201,Created,Firs Test single user 1-1,text,true,,463,10422,1,1,http://localhost:3002/fir,7,0,0
1675771433499,8,FIr Creation Request,201,Created,Firs Test single user 1-1,text,true,,463,10422,1,1,http://localhost:3002/fir,8,0,0
1675771433508,8,FIr Creation Request,201,Created,Firs Test single user 1-1,text,true,,463,10422,1,1,http://localhost:3002/fir,8,0,0
1675771433517,7,FIr Creation Request,201,Created,Firs Test single user 1-1,text,true,,463,10422,1,1,http://localhost:3002/fir,7,0,0
1675771433530,11,FIr Creation Request,201,Created,Firs Test single user 1-1,text,true,,463,10422,1,1,http://localhost:3002/fir,11,0,0
1675771433542,7,FIr Creation Request,201,Created,Firs Test single user 1-1,text,true,,463,10422,1,1,http://localhost:3002/fir,7,0,0
1675771433550,7,FIr Creation Request,201,Created,Firs Test single user 1-1,text,true,,463,10422,1,1,http://localhost:3002/fir,7,0,0
1675771433558,6,FIr Creation Request,201,Created,Firs Test single user 1-1,text,true,,463,10422,1,1,http://localhost:3002/fir,6,0,0
1675771433565,7,FIr Creation Request,201,Created,Firs Test single user 1-1,text,true,,463,10422,1,1,http://localhost:3002/fir,7,0,0
1675771433573,8,FIr Creation Request,201,Created,Firs Test single user 1-1,text,true,,463,10422,1,1,http://localhost:3002/fir,8,0,1
1675771433582,7,FIr Creation Request,201,Created,Firs Test single user 1-1,text,true,,463,10422,1,1,http://localhost:3002/fir,7,0,0
1675771433590,9,FIr Creation Request,201,Created,Firs Test single user 1-1,text,true,,463,10422,1,1,http://localhost:3002/fir,9,0,1
1675771433600,6,FIr Creation Request,201,Created,Firs Test single user 1-1,text,true,,463,10422,1,1,http://localhost:3002/fir,6,0,0
1675771433608,7,FIr Creation Request,201,Created,Firs Test single user 1-1,text,true,,463,10422,1,1,http://localhost:3002/fir,7,0,0
1675771433616,7,FIr Creation Request,201,Created,Firs Test single user 1-1,text,true,,463,10422,1,1,http://localhost:3002/fir,7,0,0
1675771433624,7,FIr Creation Request,201,Created,Firs Test single user 1-1,text,true,,463,10422,1,1,http://localhost:3002/fir,7,0,0
1675771433632,12,FIr Creation Request,201,Created,Firs Test single user 1-1,text,true,,463,10422,1,1,http://localhost:3002/fir,12,0,1
1675771433645,7,FIr Creation Request,201,Created,Firs Test single user 1-1,text,true,,463,10422,1,1,http://localhost:3002/fir,7,0,1
1675771433654,6,FIr Creation Request,201,Created,Firs Test single user 1-1,text,true,,463,10422,1,1,http://localhost:3002/fir,6,0,0
1675771433661,6,FIr Creation Request,201,Created,Firs Test single user 1-1,text,true,,463,10422,1,1,http://localhost:3002/fir,6,0,1
1675771433668,7,FIr Creation Request,201,Created,Firs Test single user 1-1,text,true,,463,10422,1,1,http://localhost:3002/fir,7,0,0
1675771433676,7,FIr Creation Request,201,Created,Firs Test single user 1-1,text,true,,463,10422,1,1,http://localhost:3002/fir,7,0,1
1675771433684,7,FIr Creation Request,201,Created,Firs Test single user 1-1,text,true,,463,10422,1,1,http://localhost:3002/fir,7,0,0
1675771433692,387,FIr Creation Request,201,Created,Firs Test single user 1-1,text,true,,463,10422,1,1,http://localhost:3002/fir,387,0,1
1675771434083,13,FIr Creation Request,201,Created,Firs Test single user 1-1,text,true,,463,10422,1,1,http://localhost:3002/fir,13,0,1
1675771434097,7,FIr Creation Request,201,Created,Firs Test single user 1-1,text,true,,463,10422,1,1,http://localhost:3002/fir,7,0,0
1675771434105,7,FIr Creation Request,201,Created,Firs Test single user 1-1,text,true,,463,10422,1,1,http://localhost:3002/fir,7,0,1
1675771434113,7,FIr Creation Request,201,Created,Firs Test single user 1-1,text,true,,463,10422,1,1,http://localhost:3002/fir,7,0,1
1675771434121,7,FIr Creation Request,201,Created,Firs Test single user 1-1,text,true,,463,10422,1,1,http://localhost:3002/fir,7,0,1
1675771434130,7,FIr Creation Request,201,Created,Firs Test single user 1-1,text,true,,463,10422,1,1,http://localhost:3002/fir,7,0,0
1675771434138,9,FIr Creation Request,201,Created,Firs Test single user 1-1,text,true,,463,10422,1,1,http://localhost:3002/fir,9,0,1
1675771434148,9,FIr Creation Request,201,Created,Firs Test single user 1-1,text,true,,463,10422,1,1,http://localhost:3002/fir,9,0,1
1675771434158,11,FIr Creation Request,201,Created,Firs Test single user 1-1,text,true,,463,10422,1,1,http://localhost:3002/fir,11,0,0
1675771434170,7,FIr Creation Request,201,Created,Firs Test single user 1-1,text,true,,463,10422,1,1,http://localhost:3002/fir,7,0,0
1675771434178,6,FIr Creation Request,201,Created,Firs Test single user 1-1,text,true,,463,10422,1,1,http://localhost:3002/fir,6,0,0
1675771434186,6,FIr Creation Request,201,Created,Firs Test single user 1-1,text,true,,463,10422,1,1,http://localhost:3002/fir,6,0,0
1675771434194,6,FIr Creation Request,201,Created,Firs Test single user 1-1,text,true,,463,10422,1,1,http://localhost:3002/fir,6,0,0
1675771434201,8,FIr Creation Request,201,Created,Firs Test single user 1-1,text,true,,463,10422,1,1,http://localhost:3002/fir,8,0,1
1675771434210,8,FIr Creation Request,201,Created,Firs Test single user 1-1,text,true,,463,10422,1,1,http://localhost:3002/fir,8,0,1
1675771434220,5,FIr Creation Request,201,Created,Firs Test single user 1-1,text,true,,463,10422,1,1,http://localhost:3002/fir,5,0,0
1675771434227,6,FIr Creation Request,201,Created,Firs Test single user 1-1,text,true,,463,10422,1,1,http://localhost:3002/fir,6,0,0
1675771434234,6,FIr Creation Request,201,Created,Firs Test single user 1-1,text,true,,463,10422,1,1,http://localhost:3002/fir,6,0,0
1675771434241,6,FIr Creation Request,201,Created,Firs Test single user 1-1,text,true,,463,10422,1,1,http://localhost:3002/fir,6,0,0
1675771434248,7,FIr Creation Request,201,Created,Firs Test single user 1-1,text,true,,463,10422,1,1,http://localhost:3002/fir,7,0,1
1675771434256,6,FIr Creation Request,201,Created,Firs Test single user 1-1,text,true,,463,10422,1,1,http://localhost:3002/fir,6,0,0
1675771434264,7,FIr Creation Request,201,Created,Firs Test single user 1-1,text,true,,463,10422,1,1,http://localhost:3002/fir,7,0,0
1675771434272,8,FIr Creation Request,201,Created,Firs Test single user 1-1,text,true,,463,10422,1,1,http://localhost:3002/fir,8,0,1
1675771434282,6,FIr Creation Request,201,Created,Firs Test single user 1-1,text,true,,463,10422,1,1,http://localhost:3002/fir,6,0,0
1675771434290,6,FIr Creation Request,201,Created,Firs Test single user 1-1,text,true,,463,10422,1,1,http://localhost:3002/fir,6,0,0
1675771434298,7,FIr Creation Request,201,Created,Firs Test single user 1-1,text,true,,463,10422,1,1,http://localhost:3002/fir,7,0,0
1675771434306,7,FIr Creation Request,201,Created,Firs Test single user 1-1,text,true,,463,10422,1,1,http://localhost:3002/fir,7,0,0
1675771434314,28,FIr Creation Request,201,Created,Firs Test single user 1-1,text,true,,463,10422,1,1,http://localhost:3002/fir,28,0,1
1675771434343,7,FIr Creation Request,201,Created,Firs Test single user 1-1,text,true,,463,10422,1,1,http://localhost:3002/fir,7,0,1
1675771434351,6,FIr Creation Request,201,Created,Firs Test single user 1-1,text,true,,463,10422,1,1,http://localhost:3002/fir,6,0,0
1675771434359,6,FIr Creation Request,201,Created,Firs Test single user 1-1,text,true,,463,10422,1,1,http://localhost:3002/fir,6,0,0
1675771434366,7,FIr Creation Request,201,Created,Firs Test single user 1-1,text,true,,463,10422,1,1,http://localhost:3002/fir,7,0,1
1675771434374,6,FIr Creation Request,201,Created,Firs Test single user 1-1,text,true,,463,10422,1,1,http://localhost:3002/fir,6,0,0
1675771434381,7,FIr Creation Request,201,Created,Firs Test single user 1-1,text,true,,463,10422,1,1,http://localhost:3002/fir,7,0,1
1675771434392,7,FIr Creation Request,201,Created,Firs Test single user 1-1,text,true,,463,10422,1,1,http://localhost:3002/fir,7,0,0
1675771434400,9,FIr Creation Request,201,Created,Firs Test single user 1-1,text,true,,463,10422,1,1,http://localhost:3002/fir,9,0,1
1675771434410,9,FIr Creation Request,201,Created,Firs Test single user 1-1,text,true,,463,10422,1,1,http://localhost:3002/fir,9,0,0
1675771434420,8,FIr Creation Request,201,Created,Firs Test single user 1-1,text,true,,463,10422,1,1,http://localhost:3002/fir,8,0,0
1675771434429,9,FIr Creation Request,201,Created,Firs Test single user 1-1,text,true,,463,10422,1,1,http://localhost:3002/fir,9,0,0
1675771434439,7,FIr Creation Request,201,Created,Firs Test single user 1-1,text,true,,463,10422,1,1,http://localhost:3002/fir,7,0,1
1675771434447,8,FIr Creation Request,201,Created,Firs Test single user 1-1,text,true,,463,10422,1,1,http://localhost:3002/fir,8,0,0
1675771434456,6,FIr Creation Request,201,Created,Firs Test single user 1-1,text,true,,463,10422,1,1,http://localhost:3002/fir,6,0,0
1675771434463,8,FIr Creation Request,201,Created,Firs Test single user 1-1,text,true,,463,10422,1,1,http://localhost:3002/fir,8,0,0
1675771434472,8,FIr Creation Request,201,Created,Firs Test single user 1-1,text,true,,463,10422,1,1,http://localhost:3002/fir,8,0,0
1675771434481,7,FIr Creation Request,201,Created,Firs Test single user 1-1,text,true,,463,10422,1,1,http://localhost:3002/fir,7,0,0
1675771434489,7,FIr Creation Request,201,Created,Firs Test single user 1-1,text,true,,463,10422,1,1,http://localhost:3002/fir,7,0,0
1675771434497,6,FIr Creation Request,201,Created,Firs Test single user 1-1,text,true,,463,10422,1,1,http://localhost:3002/fir,6,0,0
1675771434505,9,FIr Creation Request,201,Created,Firs Test single user 1-1,text,true,,463,10422,1,1,http://localhost:3002/fir,9,0,0
1675771434515,10,FIr Creation Request,201,Created,Firs Test single user 1-1,text,true,,463,10422,1,1,http://localhost:3002/fir,10,0,1
1675771434526,7,FIr Creation Request,201,Created,Firs Test single user 1-1,text,true,,463,10422,1,1,http://localhost:3002/fir,7,0,0
1675771434535,7,FIr Creation Request,201,Created,Firs Test single user 1-1,text,true,,463,10422,1,1,http://localhost:3002/fir,7,0,0
1675771434548,8,FIr Creation Request,201,Created,Firs Test single user 1-1,text,true,,463,10422,1,1,http://localhost:3002/fir,8,0,0
1675771434557,11,FIr Creation Request,201,Created,Firs Test single user 1-1,text,true,,463,10422,1,1,http://localhost:3002/fir,11,0,1
1675771434569,7,FIr Creation Request,201,Created,Firs Test single user 1-1,text,true,,463,10422,1,1,http://localhost:3002/fir,7,0,0
1675771434577,7,FIr Creation Request,201,Created,Firs Test single user 1-1,text,true,,463,10422,1,1,http://localhost:3002/fir,7,0,0
1675771434585,8,FIr Creation Request,201,Created,Firs Test single user 1-1,text,true,,463,10422,1,1,http://localhost:3002/fir,8,0,0
1675771434594,11,FIr Creation Request,201,Created,Firs Test single user 1-1,text,true,,463,10422,1,1,http://localhost:3002/fir,11,0,0
1675771434606,12,FIr Creation Request,201,Created,Firs Test single user 1-1,text,true,,463,10422,1,1,http://localhost:3002/fir,12,0,0
1675771434619,7,FIr Creation Request,201,Created,Firs Test single user 1-1,text,true,,463,10422,1,1,http://localhost:3002/fir,7,0,0
1675771434627,7,FIr Creation Request,201,Created,Firs Test single user 1-1,text,true,,463,10422,1,1,http://localhost:3002/fir,7,0,0
1675771434635,6,FIr Creation Request,201,Created,Firs Test single user 1-1,text,true,,463,10422,1,1,http://localhost:3002/fir,6,0,0
1675771434643,6,FIr Creation Request,201,Created,Firs Test single user 1-1,text,true,,463,10422,1,1,http://localhost:3002/fir,6,0,0
1675771434650,7,FIr Creation Request,201,Created,Firs Test single user 1-1,text,true,,463,10422,1,1,http://localhost:3002/fir,7,0,0
1675771434658,7,FIr Creation Request,201,Created,Firs Test single user 1-1,text,true,,463,10422,1,1,http://localhost:3002/fir,7,0,0
1675771434666,7,FIr Creation Request,201,Created,Firs Test single user 1-1,text,true,,463,10422,1,1,http://localhost:3002/fir,7,0,1
1675771434674,7,FIr Creation Request,201,Created,Firs Test single user 1-1,text,true,,463,10422,1,1,http://localhost:3002/fir,7,0,0
1675771434682,6,FIr Creation Request,201,Created,Firs Test single user 1-1,text,true,,463,10422,1,1,http://localhost:3002/fir,6,0,0
1675771434690,7,FIr Creation Request,201,Created,Firs Test single user 1-1,text,true,,463,10422,1,1,http://localhost:3002/fir,7,0,0
1675771434698,10,FIr Creation Request,201,Created,Firs Test single user 1-1,text,true,,463,10422,1,1,http://localhost:3002/fir,10,0,0
1675771434709,7,FIr Creation Request,201,Created,Firs Test single user 1-1,text,true,,463,10422,1,1,http://localhost:3002/fir,7,0,0
1675771434717,13,FIr Creation Request,201,Created,Firs Test single user 1-1,text,true,,463,10422,1,1,http://localhost:3002/fir,13,0,0
1675771434731,8,FIr Creation Request,201,Created,Firs Test single user 1-1,text,true,,463,10422,1,1,http://localhost:3002/fir,8,0,0
1675771434740,11,FIr Creation Request,201,Created,Firs Test single user 1-1,text,true,,463,10422,1,1,http://localhost:3002/fir,11,0,1
1675771434752,7,FIr Creation Request,201,Created,Firs Test single user 1-1,text,true,,463,10422,1,1,http://localhost:3002/fir,7,0,0
1675771434760,8,FIr Creation Request,201,Created,Firs Test single user 1-1,text,true,,463,10422,1,1,http://localhost:3002/fir,8,0,0
1675771434769,9,FIr Creation Request,201,Created,Firs Test single user 1-1,text,true,,463,10422,1,1,http://localhost:3002/fir,9,0,0
1675771434780,6,FIr Creation Request,201,Created,Firs Test single user 1-1,text,true,,463,10422,1,1,http://localhost:3002/fir,6,0,0
1675771434787,6,FIr Creation Request,201,Created,Firs Test single user 1-1,text,true,,463,10422,1,1,http://localhost:3002/fir,6,0,1
1675771434794,8,FIr Creation Request,201,Created,Firs Test single user 1-1,text,true,,463,10422,1,1,http://localhost:3002/fir,8,0,1
1675771434803,6,FIr Creation Request,201,Created,Firs Test single user 1-1,text,true,,463,10422,1,1,http://localhost:3002/fir,6,0,0
1675771434810,7,FIr Creation Request,201,Created,Firs Test single user 1-1,text,true,,463,10422,1,1,http://localhost:3002/fir,7,0,1
1675771434818,11,FIr Creation Request,201,Created,Firs Test single user 1-1,text,true,,463,10422,1,1,http://localhost:3002/fir,11,0,0
1675771434830,7,FIr Creation Request,201,Created,Firs Test single user 1-1,text,true,,463,10422,1,1,http://localhost:3002/fir,7,0,0
1675771434838,8,FIr Creation Request,201,Created,Firs Test single user 1-1,text,true,,463,10422,1,1,http://localhost:3002/fir,8,0,1
1675771434848,7,FIr Creation Request,201,Created,Firs Test single user 1-1,text,true,,463,10422,1,1,http://localhost:3002/fir,7,0,0
1675771434856,7,FIr Creation Request,201,Created,Firs Test single user 1-1,text,true,,463,10422,1,1,http://localhost:3002/fir,7,0,0
1675771434864,7,FIr Creation Request,201,Created,Firs Test single user 1-1,text,true,,463,10422,1,1,http://localhost:3002/fir,7,0,0
1675771434872,7,FIr Creation Request,201,Created,Firs Test single user 1-1,text,true,,463,10422,1,1,http://localhost:3002/fir,7,0,0
1675771434881,7,FIr Creation Request,201,Created,Firs Test single user 1-1,text,true,,463,10422,1,1,http://localhost:3002/fir,7,0,0
1675771434889,7,FIr Creation Request,201,Created,Firs Test single user 1-1,text,true,,463,10422,1,1,http://localhost:3002/fir,7,0,0
1675771434898,5,FIr Creation Request,201,Created,Firs Test single user 1-1,text,true,,463,10422,1,1,http://localhost:3002/fir,5,0,0
1675771434905,13,FIr Creation Request,201,Created,Firs Test single user 1-1,text,true,,463,10422,1,1,http://localhost:3002/fir,13,0,1
1675771434920,6,FIr Creation Request,201,Created,Firs Test single user 1-1,text,true,,463,10422,1,1,http://localhost:3002/fir,6,0,0
1675771434927,9,FIr Creation Request,201,Created,Firs Test single user 1-1,text,true,,463,10422,1,1,http://localhost:3002/fir,9,0,0
1675771434938,6,FIr Creation Request,201,Created,Firs Test single user 1-1,text,true,,463,10422,1,1,http://localhost:3002/fir,6,0,0
1675771434945,10,FIr Creation Request,201,Created,Firs Test single user 1-1,text,true,,463,10422,1,1,http://localhost:3002/fir,10,0,0
1675771434956,6,FIr Creation Request,201,Created,Firs Test single user 1-1,text,true,,463,10422,1,1,http://localhost:3002/fir,6,0,0
1675771434964,6,FIr Creation Request,201,Created,Firs Test single user 1-1,text,true,,463,10422,1,1,http://localhost:3002/fir,6,0,0
1675771434971,7,FIr Creation Request,201,Created,Firs Test single user 1-1,text,true,,463,10422,1,1,http://localhost:3002/fir,7,0,0
1675771434979,6,FIr Creation Request,201,Created,Firs Test single user 1-1,text,true,,463,10422,1,1,http://localhost:3002/fir,6,0,0
1675771434986,5,FIr Creation Request,201,Created,Firs Test single user 1-1,text,true,,463,10422,1,1,http://localhost:3002/fir,5,0,0
1675771434993,6,FIr Creation Request,201,Created,Firs Test single user 1-1,text,true,,463,10422,1,1,http://localhost:3002/fir,6,0,0
1675771435000,8,FIr Creation Request,201,Created,Firs Test single user 1-1,text,true,,463,10422,1,1,http://localhost:3002/fir,8,0,0
1675771435009,13,FIr Creation Request,201,Created,Firs Test single user 1-1,text,true,,463,10422,1,1,http://localhost:3002/fir,13,0,1
1675771435023,6,FIr Creation Request,201,Created,Firs Test single user 1-1,text,true,,463,10422,1,1,http://localhost:3002/fir,6,0,0
1675771435031,5,FIr Creation Request,201,Created,Firs Test single user 1-1,text,true,,463,10422,1,1,http://localhost:3002/fir,5,0,0
1675771435038,6,FIr Creation Request,201,Created,Firs Test single user 1-1,text,true,,463,10422,1,1,http://localhost:3002/fir,6,0,0
1675771435045,6,FIr Creation Request,201,Created,Firs Test single user 1-1,text,true,,463,10422,1,1,http://localhost:3002/fir,6,0,0
1675771435052,15,FIr Creation Request,201,Created,Firs Test single user 1-1,text,true,,463,10422,1,1,http://localhost:3002/fir,15,0,0
1675771435068,1253,FIr Creation Request,201,Created,Firs Test single user 1-1,text,true,,463,10422,1,1,http://localhost:3002/fir,1253,0,0
1675771436322,159,FIr Creation Request,201,Created,Firs Test single user 1-1,text,true,,463,10422,1,1,http://localhost:3002/fir,159,0,0
1675771436482,1130,FIr Creation Request,201,Created,Firs Test single user 1-1,text,true,,463,10422,1,1,http://localhost:3002/fir,1130,0,0
1675771437615,8,FIr Creation Request,201,Created,Firs Test single user 1-1,text,true,,463,10422,1,1,http://localhost:3002/fir,8,0,0
1675771437624,6,FIr Creation Request,201,Created,Firs Test single user 1-1,text,true,,463,10422,1,1,http://localhost:3002/fir,6,0,0
1675771437631,8,FIr Creation Request,201,Created,Firs Test single user 1-1,text,true,,463,10422,1,1,http://localhost:3002/fir,8,0,1
1675771437640,7,FIr Creation Request,201,Created,Firs Test single user 1-1,text,true,,463,10422,1,1,http://localhost:3002/fir,7,0,0
1675771437648,8,FIr Creation Request,201,Created,Firs Test single user 1-1,text,true,,463,10422,1,1,http://localhost:3002/fir,8,0,0
1675771437657,7,FIr Creation Request,201,Created,Firs Test single user 1-1,text,true,,463,10422,1,1,http://localhost:3002/fir,7,0,1
1675771437666,6,FIr Creation Request,201,Created,Firs Test single user 1-1,text,true,,463,10422,1,1,http://localhost:3002/fir,6,0,0
1675771437674,6,FIr Creation Request,201,Created,Firs Test single user 1-1,text,true,,463,10422,1,1,http://localhost:3002/fir,6,0,0
1675771437682,6,FIr Creation Request,201,Created,Firs Test single user 1-1,text,true,,463,10422,1,1,http://localhost:3002/fir,6,0,0
1675771437690,8,FIr Creation Request,201,Created,Firs Test single user 1-1,text,true,,463,10422,1,1,http://localhost:3002/fir,8,0,0
1675771437699,8,FIr Creation Request,201,Created,Firs Test single user 1-1,text,true,,463,10422,1,1,http://localhost:3002/fir,8,0,0
1675771437708,7,FIr Creation Request,201,Created,Firs Test single user 1-1,text,true,,463,10422,1,1,http://localhost:3002/fir,7,0,0
1675771437716,6,FIr Creation Request,201,Created,Firs Test single user 1-1,text,true,,463,10422,1,1,http://localhost:3002/fir,6,0,0
1675771437724,6,FIr Creation Request,201,Created,Firs Test single user 1-1,text,true,,463,10422,1,1,http://localhost:3002/fir,6,0,0
1675771437731,6,FIr Creation Request,201,Created,Firs Test single user 1-1,text,true,,463,10422,1,1,http://localhost:3002/fir,6,0,0
1675771437738,6,FIr Creation Request,201,Created,Firs Test single user 1-1,text,true,,463,10422,1,1,http://localhost:3002/fir,6,0,0
1675771437745,7,FIr Creation Request,201,Created,Firs Test single user 1-1,text,true,,463,10422,1,1,http://localhost:3002/fir,7,0,1
1675771437754,6,FIr Creation Request,201,Created,Firs Test single user 1-1,text,true,,463,10422,1,1,http://localhost:3002/fir,6,0,0
1675771437761,7,FIr Creation Request,201,Created,Firs Test single user 1-1,text,true,,463,10422,1,1,http://localhost:3002/fir,7,0,0
1675771437769,6,FIr Creation Request,201,Created,Firs Test single user 1-1,text,true,,463,10422,1,1,http://localhost:3002/fir,6,0,0
1675771437776,9,FIr Creation Request,201,Created,Firs Test single user 1-1,text,true,,463,10422,1,1,http://localhost:3002/fir,9,0,1
1675771437786,6,FIr Creation Request,201,Created,Firs Test single user 1-1,text,true,,463,10422,1,1,http://localhost:3002/fir,6,0,0
1675771437793,7,FIr Creation Request,201,Created,Firs Test single user 1-1,text,true,,463,10422,1,1,http://localhost:3002/fir,7,0,0
1675771437802,7,FIr Creation Request,201,Created,Firs Test single user 1-1,text,true,,463,10422,1,1,http://localhost:3002/fir,7,0,0
1675771437810,8,FIr Creation Request,201,Created,Firs Test single user 1-1,text,true,,463,10422,1,1,http://localhost:3002/fir,8,0,0
1675771437819,6,FIr Creation Request,201,Created,Firs Test single user 1-1,text,true,,463,10422,1,1,http://localhost:3002/fir,6,0,0
1675771437826,8,FIr Creation Request,201,Created,Firs Test single user 1-1,text,true,,463,10422,1,1,http://localhost:3002/fir,8,0,1
1675771437835,6,FIr Creation Request,201,Created,Firs Test single user 1-1,text,true,,463,10422,1,1,http://localhost:3002/fir,6,0,0
1675771437842,6,FIr Creation Request,201,Created,Firs Test single user 1-1,text,true,,463,10422,1,1,http://localhost:3002/fir,6,0,1
1675771437850,5,FIr Creation Request,201,Created,Firs Test single user 1-1,text,true,,463,10422,1,1,http://localhost:3002/fir,5,0,0
1675771437856,8,FIr Creation Request,201,Created,Firs Test single user 1-1,text,true,,463,10422,1,1,http://localhost:3002/fir,8,0,1
1675771437865,7,FIr Creation Request,201,Created,Firs Test single user 1-1,text,true,,463,10422,1,1,http://localhost:3002/fir,7,0,0
1675771437873,8,FIr Creation Request,201,Created,Firs Test single user 1-1,text,true,,463,10422,1,1,http://localhost:3002/fir,8,0,0
1675771437882,7,FIr Creation Request,201,Created,Firs Test single user 1-1,text,true,,463,10422,1,1,http://localhost:3002/fir,7,0,0
1675771437890,7,FIr Creation Request,201,Created,Firs Test single user 1-1,text,true,,463,10422,1,1,http://localhost:3002/fir,7,0,0
1675771437899,7,FIr Creation Request,201,Created,Firs Test single user 1-1,text,true,,463,10422,1,1,http://localhost:3002/fir,7,0,0
1675771437908,6,FIr Creation Request,201,Created,Firs Test single user 1-1,text,true,,463,10422,1,1,http://localhost:3002/fir,6,0,0
1675771437916,6,FIr Creation Request,201,Created,Firs Test single user 1-1,text,true,,463,10422,1,1,http://localhost:3002/fir,6,0,0
1675771437924,6,FIr Creation Request,201,Created,Firs Test single user 1-1,text,true,,463,10422,1,1,http://localhost:3002/fir,6,0,0
1675771437931,6,FIr Creation Request,201,Created,Firs Test single user 1-1,text,true,,463,10422,1,1,http://localhost:3002/fir,6,0,0
1675771437938,7,FIr Creation Request,201,Created,Firs Test single user 1-1,text,true,,463,10422,1,1,http://localhost:3002/fir,7,0,1
1675771437946,6,FIr Creation Request,201,Created,Firs Test single user 1-1,text,true,,463,10422,1,1,http://localhost:3002/fir,6,0,1
1675771437954,6,FIr Creation Request,201,Created,Firs Test single user 1-1,text,true,,463,10422,1,1,http://localhost:3002/fir,6,0,0
1675771437961,7,FIr Creation Request,201,Created,Firs Test single user 1-1,text,true,,463,10422,1,1,http://localhost:3002/fir,7,0,1
1675771437975,9,FIr Creation Request,201,Created,Firs Test single user 1-1,text,true,,463,10422,1,1,http://localhost:3002/fir,9,0,1
1675771437985,8,FIr Creation Request,201,Created,Firs Test single user 1-1,text,true,,463,10422,1,1,http://localhost:3002/fir,8,0,1
1675771437995,6,FIr Creation Request,201,Created,Firs Test single user 1-1,text,true,,463,10422,1,1,http://localhost:3002/fir,6,0,0
1675771438003,12,FIr Creation Request,201,Created,Firs Test single user 1-1,text,true,,463,10422,1,1,http://localhost:3002/fir,12,0,0
1675771438016,7,FIr Creation Request,201,Created,Firs Test single user 1-1,text,true,,463,10422,1,1,http://localhost:3002/fir,7,0,0
1675771438024,7,FIr Creation Request,201,Created,Firs Test single user 1-1,text,true,,463,10422,1,1,http://localhost:3002/fir,7,0,0
1675771438032,7,FIr Creation Request,201,Created,Firs Test single user 1-1,text,true,,463,10422,1,1,http://localhost:3002/fir,7,0,0
1675771438040,7,FIr Creation Request,201,Created,Firs Test single user 1-1,text,true,,463,10422,1,1,http://localhost:3002/fir,7,0,1
1675771438048,10,FIr Creation Request,201,Created,Firs Test single user 1-1,text,true,,463,10422,1,1,http://localhost:3002/fir,10,0,1
1675771438060,5,FIr Creation Request,201,Created,Firs Test single user 1-1,text,true,,463,10422,1,1,http://localhost:3002/fir,5,0,0
1675771438067,5,FIr Creation Request,201,Created,Firs Test single user 1-1,text,true,,463,10422,1,1,http://localhost:3002/fir,5,0,0
1675771438073,6,FIr Creation Request,201,Created,Firs Test single user 1-1,text,true,,463,10422,1,1,http://localhost:3002/fir,6,0,1
1675771438080,9,FIr Creation Request,201,Created,Firs Test single user 1-1,text,true,,463,10422,1,1,http://localhost:3002/fir,9,0,1
1675771438090,12,FIr Creation Request,201,Created,Firs Test single user 1-1,text,true,,463,10422,1,1,http://localhost:3002/fir,12,0,1
1675771438103,6,FIr Creation Request,201,Created,Firs Test single user 1-1,text,true,,463,10422,1,1,http://localhost:3002/fir,6,0,0
1675771438115,8,FIr Creation Request,201,Created,Firs Test single user 1-1,text,true,,463,10422,1,1,http://localhost:3002/fir,8,0,0
1675771438124,7,FIr Creation Request,201,Created,Firs Test single user 1-1,text,true,,463,10422,1,1,http://localhost:3002/fir,7,0,1
1675771438132,7,FIr Creation Request,201,Created,Firs Test single user 1-1,text,true,,463,10422,1,1,http://localhost:3002/fir,7,0,0
1675771438140,8,FIr Creation Request,201,Created,Firs Test single user 1-1,text,true,,463,10422,1,1,http://localhost:3002/fir,8,0,1
1675771438149,7,FIr Creation Request,201,Created,Firs Test single user 1-1,text,true,,463,10422,1,1,http://localhost:3002/fir,7,0,0
1675771438157,8,FIr Creation Request,201,Created,Firs Test single user 1-1,text,true,,463,10422,1,1,http://localhost:3002/fir,8,0,0
1675771438166,7,FIr Creation Request,201,Created,Firs Test single user 1-1,text,true,,463,10422,1,1,http://localhost:3002/fir,7,0,0
1675771438174,7,FIr Creation Request,201,Created,Firs Test single user 1-1,text,true,,463,10422,1,1,http://localhost:3002/fir,7,0,0
1675771438183,6,FIr Creation Request,201,Created,Firs Test single user 1-1,text,true,,463,10422,1,1,http://localhost:3002/fir,6,0,0
1675771438190,6,FIr Creation Request,201,Created,Firs Test single user 1-1,text,true,,463,10422,1,1,http://localhost:3002/fir,6,0,0
1675771438198,402,FIr Creation Request,201,Created,Firs Test single user 1-1,text,true,,463,10422,1,1,http://localhost:3002/fir,402,0,0
1675771438605,17,FIr Creation Request,201,Created,Firs Test single user 1-1,text,true,,463,10422,1,1,http://localhost:3002/fir,17,0,0
1675771438629,28,FIr Creation Request,201,Created,Firs Test single user 1-1,text,true,,463,10422,1,1,http://localhost:3002/fir,28,0,0
1675771438658,7,FIr Creation Request,201,Created,Firs Test single user 1-1,text,true,,463,10422,1,1,http://localhost:3002/fir,7,0,1
1675771438666,7,FIr Creation Request,201,Created,Firs Test single user 1-1,text,true,,463,10422,1,1,http://localhost:3002/fir,7,0,1
1675771438674,8,FIr Creation Request,201,Created,Firs Test single user 1-1,text,true,,463,10422,1,1,http://localhost:3002/fir,8,0,0
1675771438683,101,FIr Creation Request,201,Created,Firs Test single user 1-1,text,true,,463,10422,1,1,http://localhost:3002/fir,101,0,1
1675771438788,11,FIr Creation Request,201,Created,Firs Test single user 1-1,text,true,,463,10422,1,1,http://localhost:3002/fir,11,0,0
1675771438800,7,FIr Creation Request,201,Created,Firs Test single user 1-1,text,true,,463,10422,1,1,http://localhost:3002/fir,7,0,1
1675771438808,13,FIr Creation Request,201,Created,Firs Test single user 1-1,text,true,,463,10422,1,1,http://localhost:3002/fir,13,0,1
1675771438822,10,FIr Creation Request,201,Created,Firs Test single user 1-1,text,true,,463,10422,1,1,http://localhost:3002/fir,10,0,1
1675771438833,9,FIr Creation Request,201,Created,Firs Test single user 1-1,text,true,,463,10422,1,1,http://localhost:3002/fir,9,0,0
1675771438843,7,FIr Creation Request,201,Created,Firs Test single user 1-1,text,true,,463,10422,1,1,http://localhost:3002/fir,7,0,0
1675771438852,6,FIr Creation Request,201,Created,Firs Test single user 1-1,text,true,,463,10422,1,1,http://localhost:3002/fir,6,0,0
1675771438860,6,FIr Creation Request,201,Created,Firs Test single user 1-1,text,true,,463,10422,1,1,http://localhost:3002/fir,6,0,0
1675771438868,9,FIr Creation Request,201,Created,Firs Test single user 1-1,text,true,,463,10422,1,1,http://localhost:3002/fir,9,0,0
1675771438878,9,FIr Creation Request,201,Created,Firs Test single user 1-1,text,true,,463,10422,1,1,http://localhost:3002/fir,9,0,0
1675771438889,6,FIr Creation Request,201,Created,Firs Test single user 1-1,text,true,,463,10422,1,1,http://localhost:3002/fir,6,0,0
1675771438896,7,FIr Creation Request,201,Created,Firs Test single user 1-1,text,true,,463,10422,1,1,http://localhost:3002/fir,7,0,1
1675771438904,6,FIr Creation Request,201,Created,Firs Test single user 1-1,text,true,,463,10422,1,1,http://localhost:3002/fir,6,0,0
1675771438912,6,FIr Creation Request,201,Created,Firs Test single user 1-1,text,true,,463,10422,1,1,http://localhost:3002/fir,6,0,0
1675771438919,9,FIr Creation Request,201,Created,Firs Test single user 1-1,text,true,,463,10422,1,1,http://localhost:3002/fir,9,0,0
1675771438929,7,FIr Creation Request,201,Created,Firs Test single user 1-1,text,true,,463,10422,1,1,http://localhost:3002/fir,7,0,1
1675771438937,8,FIr Creation Request,201,Created,Firs Test single user 1-1,text,true,,463,10422,1,1,http://localhost:3002/fir,8,0,0
1675771438946,7,FIr Creation Request,201,Created,Firs Test single user 1-1,text,true,,463,10422,1,1,http://localhost:3002/fir,7,0,1
1675771438954,8,FIr Creation Request,201,Created,Firs Test single user 1-1,text,true,,463,10422,1,1,http://localhost:3002/fir,8,0,0
1675771438963,7,FIr Creation Request,201,Created,Firs Test single user 1-1,text,true,,463,10422,1,1,http://localhost:3002/fir,7,0,0
1675771438971,7,FIr Creation Request,201,Created,Firs Test single user 1-1,text,true,,463,10422,1,1,http://localhost:3002/fir,7,0,0
1675771438980,6,FIr Creation Request,201,Created,Firs Test single user 1-1,text,true,,463,10422,1,1,http://localhost:3002/fir,6,0,0
1675771438988,7,FIr Creation Request,201,Created,Firs Test single user 1-1,text,true,,463,10422,1,1,http://localhost:3002/fir,7,0,0
1675771439000,8,FIr Creation Request,201,Created,Firs Test single user 1-1,text,true,,463,10422,1,1,http://localhost:3002/fir,8,0,0
1675771439009,7,FIr Creation Request,201,Created,Firs Test single user 1-1,text,true,,463,10422,1,1,http://localhost:3002/fir,7,0,0
1675771439017,7,FIr Creation Request,201,Created,Firs Test single user 1-1,text,true,,463,10422,1,1,http://localhost:3002/fir,7,0,1
1675771439026,7,FIr Creation Request,201,Created,Firs Test single user 1-1,text,true,,463,10422,1,1,http://localhost:3002/fir,7,0,0
1675771439034,7,FIr Creation Request,201,Created,Firs Test single user 1-1,text,true,,463,10422,1,1,http://localhost:3002/fir,7,0,0
1675771439042,8,FIr Creation Request,201,Created,Firs Test single user 1-1,text,true,,463,10422,1,1,http://localhost:3002/fir,8,0,0
1675771439051,7,FIr Creation Request,201,Created,Firs Test single user 1-1,text,true,,463,10422,1,1,http://localhost:3002/fir,7,0,1
1675771439059,8,FIr Creation Request,201,Created,Firs Test single user 1-1,text,true,,463,10422,1,1,http://localhost:3002/fir,8,0,1
1675771439068,7,FIr Creation Request,201,Created,Firs Test single user 1-1,text,true,,463,10422,1,1,http://localhost:3002/fir,7,0,0
1675771439076,7,FIr Creation Request,201,Created,Firs Test single user 1-1,text,true,,463,10422,1,1,http://localhost:3002/fir,7,0,1
1675771439084,7,FIr Creation Request,201,Created,Firs Test single user 1-1,text,true,,463,10422,1,1,http://localhost:3002/fir,7,0,1
1675771439092,8,FIr Creation Request,201,Created,Firs Test single user 1-1,text,true,,463,10422,1,1,http://localhost:3002/fir,8,0,1
1675771439101,10,FIr Creation Request,201,Created,Firs Test single user 1-1,text,true,,463,10422,1,1,http://localhost:3002/fir,10,0,1
1675771439112,8,FIr Creation Request,201,Created,Firs Test single user 1-1,text,true,,463,10422,1,1,http://localhost:3002/fir,8,0,1
1675771439121,7,FIr Creation Request,201,Created,Firs Test single user 1-1,text,true,,463,10422,1,1,http://localhost:3002/fir,7,0,1
1675771439130,6,FIr Creation Request,201,Created,Firs Test single user 1-1,text,true,,463,10422,1,1,http://localhost:3002/fir,6,0,0
1675771439138,7,FIr Creation Request,201,Created,Firs Test single user 1-1,text,true,,463,10422,1,1,http://localhost:3002/fir,7,0,0
1675771439147,6,FIr Creation Request,201,Created,Firs Test single user 1-1,text,true,,463,10422,1,1,http://localhost:3002/fir,6,0,0
1675771439154,8,FIr Creation Request,201,Created,Firs Test single user 1-1,text,true,,463,10422,1,1,http://localhost:3002/fir,8,0,0
1675771439163,7,FIr Creation Request,201,Created,Firs Test single user 1-1,text,true,,463,10422,1,1,http://localhost:3002/fir,7,0,0
1675771439171,8,FIr Creation Request,201,Created,Firs Test single user 1-1,text,true,,463,10422,1,1,http://localhost:3002/fir,8,0,0
1675771439180,7,FIr Creation Request,201,Created,Firs Test single user 1-1,text,true,,463,10422,1,1,http://localhost:3002/fir,7,0,0
1675771439188,7,FIr Creation Request,201,Created,Firs Test single user 1-1,text,true,,463,10422,1,1,http://localhost:3002/fir,7,0,0
1675771439196,8,FIr Creation Request,201,Created,Firs Test single user 1-1,text,true,,463,10422,1,1,http://localhost:3002/fir,8,0,1
1675771439205,7,FIr Creation Request,201,Created,Firs Test single user 1-1,text,true,,463,10422,1,1,http://localhost:3002/fir,7,0,0
1675771439213,7,FIr Creation Request,201,Created,Firs Test single user 1-1,text,true,,463,10422,1,1,http://localhost:3002/fir,7,0,0
1675771439221,8,FIr Creation Request,201,Created,Firs Test single user 1-1,text,true,,463,10422,1,1,http://localhost:3002/fir,8,0,1
1675771439230,7,FIr Creation Request,201,Created,Firs Test single user 1-1,text,true,,463,10422,1,1,http://localhost:3002/fir,7,0,0
1675771439238,7,FIr Creation Request,201,Created,Firs Test single user 1-1,text,true,,463,10422,1,1,http://localhost:3002/fir,7,0,0
1675771439246,8,FIr Creation Request,201,Created,Firs Test single user 1-1,text,true,,463,10422,1,1,http://localhost:3002/fir,8,0,1
1675771439255,7,FIr Creation Request,201,Created,Firs Test single user 1-1,text,true,,463,10422,1,1,http://localhost:3002/fir,7,0,1
1675771439263,7,FIr Creation Request,201,Created,Firs Test single user 1-1,text,true,,463,10422,1,1,http://localhost:3002/fir,7,0,0
1675771439272,6,FIr Creation Request,201,Created,Firs Test single user 1-1,text,true,,463,10422,1,1,http://localhost:3002/fir,6,0,0
1675771439279,8,FIr Creation Request,201,Created,Firs Test single user 1-1,text,true,,463,10422,1,1,http://localhost:3002/fir,8,0,1
1675771439288,7,FIr Creation Request,201,Created,Firs Test single user 1-1,text,true,,463,10422,1,1,http://localhost:3002/fir,7,0,0
1675771439296,6,FIr Creation Request,201,Created,Firs Test single user 1-1,text,true,,463,10422,1,1,http://localhost:3002/fir,6,0,0
1675771439303,8,FIr Creation Request,201,Created,Firs Test single user 1-1,text,true,,463,10422,1,1,http://localhost:3002/fir,8,0,1
1675771439312,6,FIr Creation Request,201,Created,Firs Test single user 1-1,text,true,,463,10422,1,1,http://localhost:3002/fir,6,0,0
1675771439319,6,FIr Creation Request,201,Created,Firs Test single user 1-1,text,true,,463,10422,1,1,http://localhost:3002/fir,6,0,1
1675771439327,10,FIr Creation Request,201,Created,Firs Test single user 1-1,text,true,,463,10422,1,1,http://localhost:3002/fir,10,0,0
1675771439338,10,FIr Creation Request,201,Created,Firs Test single user 1-1,text,true,,463,10422,1,1,http://localhost:3002/fir,10,0,1
1675771439349,10,FIr Creation Request,201,Created,Firs Test single user 1-1,text,true,,463,10422,1,1,http://localhost:3002/fir,10,0,0
1675771439360,7,FIr Creation Request,201,Created,Firs Test single user 1-1,text,true,,463,10422,1,1,http://localhost:3002/fir,7,0,1
1675771439369,7,FIr Creation Request,201,Created,Firs Test single user 1-1,text,true,,463,10422,1,1,http://localhost:3002/fir,7,0,0
1675771439377,7,FIr Creation Request,201,Created,Firs Test single user 1-1,text,true,,463,10422,1,1,http://localhost:3002/fir,7,0,0
1675771439385,7,FIr Creation Request,201,Created,Firs Test single user 1-1,text,true,,463,10422,1,1,http://localhost:3002/fir,7,0,1
1675771439393,7,FIr Creation Request,201,Created,Firs Test single user 1-1,text,true,,463,10422,1,1,http://localhost:3002/fir,7,0,0
1675771439401,8,FIr Creation Request,201,Created,Firs Test single user 1-1,text,true,,463,10422,1,1,http://localhost:3002/fir,8,0,1
1675771439410,7,FIr Creation Request,201,Created,Firs Test single user 1-1,text,true,,463,10422,1,1,http://localhost:3002/fir,7,0,1
1675771439419,7,FIr Creation Request,201,Created,Firs Test single user 1-1,text,true,,463,10422,1,1,http://localhost:3002/fir,7,0,0
1675771439427,6,FIr Creation Request,201,Created,Firs Test single user 1-1,text,true,,463,10422,1,1,http://localhost:3002/fir,6,0,0
1675771439434,6,FIr Creation Request,201,Created,Firs Test single user 1-1,text,true,,463,10422,1,1,http://localhost:3002/fir,6,0,1
1675771439442,9,FIr Creation Request,201,Created,Firs Test single user 1-1,text,true,,463,10422,1,1,http://localhost:3002/fir,9,0,0
1675771439452,6,FIr Creation Request,201,Created,Firs Test single user 1-1,text,true,,463,10422,1,1,http://localhost:3002/fir,6,0,0
1675771439460,6,FIr Creation Request,201,Created,Firs Test single user 1-1,text,true,,463,10422,1,1,http://localhost:3002/fir,6,0,0
1675771439468,9,FIr Creation Request,201,Created,Firs Test single user 1-1,text,true,,463,10422,1,1,http://localhost:3002/fir,9,0,0
1675771439478,11,FIr Creation Request,201,Created,Firs Test single user 1-1,text,true,,463,10422,1,1,http://localhost:3002/fir,11,0,0
1675771439490,6,FIr Creation Request,201,Created,Firs Test single user 1-1,text,true,,463,10422,1,1,http://localhost:3002/fir,6,0,0
1675771439497,8,FIr Creation Request,201,Created,Firs Test single user 1-1,text,true,,463,10422,1,1,http://localhost:3002/fir,8,0,0
1675771439512,26,FIr Creation Request,201,Created,Firs Test single user 1-1,text,true,,463,10422,1,1,http://localhost:3002/fir,26,0,0
1675771439539,7,FIr Creation Request,201,Created,Firs Test single user 1-1,text,true,,463,10422,1,1,http://localhost:3002/fir,7,0,1
1675771439547,11,FIr Creation Request,201,Created,Firs Test single user 1-1,text,true,,463,10422,1,1,http://localhost:3002/fir,11,0,0
1675771439559,10,FIr Creation Request,201,Created,Firs Test single user 1-1,text,true,,463,10422,1,1,http://localhost:3002/fir,10,0,1
1675771439570,10,FIr Creation Request,201,Created,Firs Test single user 1-1,text,true,,463,10422,1,1,http://localhost:3002/fir,10,0,0
1675771439582,7,FIr Creation Request,201,Created,Firs Test single user 1-1,text,true,,463,10422,1,1,http://localhost:3002/fir,7,0,0
1675771439591,7,FIr Creation Request,201,Created,Firs Test single user 1-1,text,true,,463,10422,1,1,http://localhost:3002/fir,7,0,0
1675771439599,10,FIr Creation Request,201,Created,Firs Test single user 1-1,text,true,,463,10422,1,1,http://localhost:3002/fir,10,0,0
1675771439610,6,FIr Creation Request,201,Created,Firs Test single user 1-1,text,true,,463,10422,1,1,http://localhost:3002/fir,6,0,1
1675771439618,11,FIr Creation Request,201,Created,Firs Test single user 1-1,text,true,,463,10422,1,1,http://localhost:3002/fir,11,0,0
1675771439630,8,FIr Creation Request,201,Created,Firs Test single user 1-1,text,true,,463,10422,1,1,http://localhost:3002/fir,8,0,0
1675771439639,361,FIr Creation Request,201,Created,Firs Test single user 1-1,text,true,,463,10422,1,1,http://localhost:3002/fir,361,0,0
1675771440006,291,FIr Creation Request,201,Created,Firs Test single user 1-1,text,true,,463,10422,1,1,http://localhost:3002/fir,291,0,0
1675771440298,52,FIr Creation Request,201,Created,Firs Test single user 1-1,text,true,,463,10422,1,1,http://localhost:3002/fir,52,0,0
1675771440352,6,FIr Creation Request,201,Created,Firs Test single user 1-1,text,true,,463,10422,1,1,http://localhost:3002/fir,6,0,0
1675771440360,6,FIr Creation Request,201,Created,Firs Test single user 1-1,text,true,,463,10422,1,1,http://localhost:3002/fir,6,0,0
1675771440368,28,FIr Creation Request,201,Created,Firs Test single user 1-1,text,true,,463,10422,1,1,http://localhost:3002/fir,28,0,0
1675771440397,7,FIr Creation Request,201,Created,Firs Test single user 1-1,text,true,,463,10422,1,1,http://localhost:3002/fir,7,0,1
1675771440405,7,FIr Creation Request,201,Created,Firs Test single user 1-1,text,true,,463,10422,1,1,http://localhost:3002/fir,7,0,0
1675771440414,6,FIr Creation Request,201,Created,Firs Test single user 1-1,text,true,,463,10422,1,1,http://localhost:3002/fir,6,0,0
1675771440421,7,FIr Creation Request,201,Created,Firs Test single user 1-1,text,true,,463,10422,1,1,http://localhost:3002/fir,7,0,0
1675771440429,8,FIr Creation Request,201,Created,Firs Test single user 1-1,text,true,,463,10422,1,1,http://localhost:3002/fir,8,0,0
1675771440438,7,FIr Creation Request,201,Created,Firs Test single user 1-1,text,true,,463,10422,1,1,http://localhost:3002/fir,7,0,0
1675771440446,7,FIr Creation Request,201,Created,Firs Test single user 1-1,text,true,,463,10422,1,1,http://localhost:3002/fir,7,0,0
1675771440454,7,FIr Creation Request,201,Created,Firs Test single user 1-1,text,true,,463,10422,1,1,http://localhost:3002/fir,7,0,0
1675771440462,8,FIr Creation Request,201,Created,Firs Test single user 1-1,text,true,,463,10422,1,1,http://localhost:3002/fir,8,0,0
1675771440471,7,FIr Creation Request,201,Created,Firs Test single user 1-1,text,true,,463,10422,1,1,http://localhost:3002/fir,7,0,0
1675771440480,6,FIr Creation Request,201,Created,Firs Test single user 1-1,text,true,,463,10422,1,1,http://localhost:3002/fir,6,0,0
1675771440487,8,FIr Creation Request,201,Created,Firs Test single user 1-1,text,true,,463,10422,1,1,http://localhost:3002/fir,8,0,1
1675771440497,6,FIr Creation Request,201,Created,Firs Test single user 1-1,text,true,,463,10422,1,1,http://localhost:3002/fir,6,0,0
1675771440504,8,FIr Creation Request,201,Created,Firs Test single user 1-1,text,true,,463,10422,1,1,http://localhost:3002/fir,8,0,0
1675771440513,7,FIr Creation Request,201,Created,Firs Test single user 1-1,text,true,,463,10422,1,1,http://localhost:3002/fir,7,0,0
1675771440521,7,FIr Creation Request,201,Created,Firs Test single user 1-1,text,true,,463,10422,1,1,http://localhost:3002/fir,7,0,0
1675771440534,11,FIr Creation Request,201,Created,Firs Test single user 1-1,text,true,,463,10422,1,1,http://localhost:3002/fir,11,0,0
1675771440546,8,FIr Creation Request,201,Created,Firs Test single user 1-1,text,true,,463,10422,1,1,http://localhost:3002/fir,8,0,0
1675771440555,12,FIr Creation Request,201,Created,Firs Test single user 1-1,text,true,,463,10422,1,1,http://localhost:3002/fir,12,0,1
1675771440568,6,FIr Creation Request,201,Created,Firs Test single user 1-1,text,true,,463,10422,1,1,http://localhost:3002/fir,6,0,0
1675771440576,7,FIr Creation Request,201,Created,Firs Test single user 1-1,text,true,,463,10422,1,1,http://localhost:3002/fir,7,0,0
1675771440585,6,FIr Creation Request,201,Created,Firs Test single user 1-1,text,true,,463,10422,1,1,http://localhost:3002/fir,6,0,0
1675771440592,8,FIr Creation Request,201,Created,Firs Test single user 1-1,text,true,,463,10422,1,1,http://localhost:3002/fir,8,0,1
1675771440601,7,FIr Creation Request,201,Created,Firs Test single user 1-1,text,true,,463,10422,1,1,http://localhost:3002/fir,7,0,0
1675771440610,7,FIr Creation Request,201,Created,Firs Test single user 1-1,text,true,,463,10422,1,1,http://localhost:3002/fir,7,0,0
1675771440618,7,FIr Creation Request,201,Created,Firs Test single user 1-1,text,true,,463,10422,1,1,http://localhost:3002/fir,7,0,0
1675771440626,7,FIr Creation Request,201,Created,Firs Test single user 1-1,text,true,,463,10422,1,1,http://localhost:3002/fir,7,0,0
1675771440635,6,FIr Creation Request,201,Created,Firs Test single user 1-1,text,true,,463,10422,1,1,http://localhost:3002/fir,6,0,0
1675771440642,8,FIr Creation Request,201,Created,Firs Test single user 1-1,text,true,,463,10422,1,1,http://localhost:3002/fir,8,0,0
1675771440651,7,FIr Creation Request,201,Created,Firs Test single user 1-1,text,true,,463,10422,1,1,http://localhost:3002/fir,7,0,0
1675771440659,7,FIr Creation Request,201,Created,Firs Test single user 1-1,text,true,,463,10422,1,1,http://localhost:3002/fir,7,0,1
1675771440673,11,FIr Creation Request,201,Created,Firs Test single user 1-1,text,true,,463,10422,1,1,http://localhost:3002/fir,11,0,0
1675771440685,6,FIr Creation Request,201,Created,Firs Test single user 1-1,text,true,,463,10422,1,1,http://localhost:3002/fir,6,0,0
1675771440693,6,FIr Creation Request,201,Created,Firs Test single user 1-1,text,true,,463,10422,1,1,http://localhost:3002/fir,6,0,0
1675771440701,6,FIr Creation Request,201,Created,Firs Test single user 1-1,text,true,,463,10422,1,1,http://localhost:3002/fir,6,0,0
1675771440709,7,FIr Creation Request,201,Created,Firs Test single user 1-1,text,true,,463,10422,1,1,http://localhost:3002/fir,7,0,0
1675771440717,7,FIr Creation Request,201,Created,Firs Test single user 1-1,text,true,,463,10422,1,1,http://localhost:3002/fir,7,0,0
1675771440726,7,FIr Creation Request,201,Created,Firs Test single user 1-1,text,true,,463,10422,1,1,http://localhost:3002/fir,7,0,0
1675771440734,7,FIr Creation Request,201,Created,Firs Test single user 1-1,text,true,,463,10422,1,1,http://localhost:3002/fir,7,0,0
1675771440742,6,FIr Creation Request,201,Created,Firs Test single user 1-1,text,true,,463,10422,1,1,http://localhost:3002/fir,6,0,0
1675771440749,7,FIr Creation Request,201,Created,Firs Test single user 1-1,text,true,,463,10422,1,1,http://localhost:3002/fir,7,0,1
1675771440757,6,FIr Creation Request,201,Created,Firs Test single user 1-1,text,true,,463,10422,1,1,http://localhost:3002/fir,6,0,0
1675771440764,6,FIr Creation Request,201,Created,Firs Test single user 1-1,text,true,,463,10422,1,1,http://localhost:3002/fir,6,0,0
1675771440771,7,FIr Creation Request,201,Created,Firs Test single user 1-1,text,true,,463,10422,1,1,http://localhost:3002/fir,7,0,1
1675771440779,8,FIr Creation Request,201,Created,Firs Test single user 1-1,text,true,,463,10422,1,1,http://localhost:3002/fir,8,0,0
1675771440788,6,FIr Creation Request,201,Created,Firs Test single user 1-1,text,true,,463,10422,1,1,http://localhost:3002/fir,6,0,0
1675771440796,6,FIr Creation Request,201,Created,Firs Test single user 1-1,text,true,,463,10422,1,1,http://localhost:3002/fir,6,0,0
1675771440803,10,FIr Creation Request,201,Created,Firs Test single user 1-1,text,true,,463,10422,1,1,http://localhost:3002/fir,10,0,0
1675771440814,6,FIr Creation Request,201,Created,Firs Test single user 1-1,text,true,,463,10422,1,1,http://localhost:3002/fir,6,0,1
1675771440821,7,FIr Creation Request,201,Created,Firs Test single user 1-1,text,true,,463,10422,1,1,http://localhost:3002/fir,7,0,1
1675771440829,7,FIr Creation Request,201,Created,Firs Test single user 1-1,text,true,,463,10422,1,1,http://localhost:3002/fir,7,0,0
1675771440837,8,FIr Creation Request,201,Created,Firs Test single user 1-1,text,true,,463,10422,1,1,http://localhost:3002/fir,8,0,0
1675771440846,13,FIr Creation Request,201,Created,Firs Test single user 1-1,text,true,,463,10422,1,1,http://localhost:3002/fir,13,0,0
1675771440860,6,FIr Creation Request,201,Created,Firs Test single user 1-1,text,true,,463,10422,1,1,http://localhost:3002/fir,6,0,0
1675771440868,7,FIr Creation Request,201,Created,Firs Test single user 1-1,text,true,,463,10422,1,1,http://localhost:3002/fir,7,0,0
1675771440876,7,FIr Creation Request,201,Created,Firs Test single user 1-1,text,true,,463,10422,1,1,http://localhost:3002/fir,7,0,1
1675771440884,7,FIr Creation Request,201,Created,Firs Test single user 1-1,text,true,,463,10422,1,1,http://localhost:3002/fir,7,0,0
1675771440892,10,FIr Creation Request,201,Created,Firs Test single user 1-1,text,true,,463,10422,1,1,http://localhost:3002/fir,10,0,0
1675771440903,5,FIr Creation Request,201,Created,Firs Test single user 1-1,text,true,,463,10422,1,1,http://localhost:3002/fir,5,0,0
1675771440910,6,FIr Creation Request,201,Created,Firs Test single user 1-1,text,true,,463,10422,1,1,http://localhost:3002/fir,6,0,0
1675771440917,7,FIr Creation Request,201,Created,Firs Test single user 1-1,text,true,,463,10422,1,1,http://localhost:3002/fir,7,0,0
1675771440925,284,FIr Creation Request,201,Created,Firs Test single user 1-1,text,true,,463,10422,1,1,http://localhost:3002/fir,284,0,0
1675771441210,13,FIr Creation Request,201,Created,Firs Test single user 1-1,text,true,,463,10422,1,1,http://localhost:3002/fir,13,0,0
1675771441224,6,FIr Creation Request,201,Created,Firs Test single user 1-1,text,true,,463,10422,1,1,http://localhost:3002/fir,6,0,0
1675771441232,5,FIr Creation Request,201,Created,Firs Test single user 1-1,text,true,,463,10422,1,1,http://localhost:3002/fir,5,0,0
1675771441239,6,FIr Creation Request,201,Created,Firs Test single user 1-1,text,true,,463,10422,1,1,http://localhost:3002/fir,6,0,0
1675771441246,7,FIr Creation Request,201,Created,Firs Test single user 1-1,text,true,,463,10422,1,1,http://localhost:3002/fir,7,0,0
1675771441254,9,FIr Creation Request,201,Created,Firs Test single user 1-1,text,true,,463,10422,1,1,http://localhost:3002/fir,9,0,1
1675771441267,9,FIr Creation Request,201,Created,Firs Test single user 1-1,text,true,,463,10422,1,1,http://localhost:3002/fir,9,0,0
1675771441277,7,FIr Creation Request,201,Created,Firs Test single user 1-1,text,true,,463,10422,1,1,http://localhost:3002/fir,7,0,1
1675771441285,7,FIr Creation Request,201,Created,Firs Test single user 1-1,text,true,,463,10422,1,1,http://localhost:3002/fir,7,0,0
1675771441294,7,FIr Creation Request,201,Created,Firs Test single user 1-1,text,true,,463,10422,1,1,http://localhost:3002/fir,7,0,0
1675771441302,9,FIr Creation Request,201,Created,Firs Test single user 1-1,text,true,,463,10422,1,1,http://localhost:3002/fir,9,0,0
1675771441313,1208,FIr Creation Request,201,Created,Firs Test single user 1-1,text,true,,463,10422,1,1,http://localhost:3002/fir,1208,0,0
1675771442526,503,FIr Creation Request,201,Created,Firs Test single user 1-1,text,true,,463,10422,1,1,http://localhost:3002/fir,503,0,1
1675771443033,8,FIr Creation Request,201,Created,Firs Test single user 1-1,text,true,,463,10422,1,1,http://localhost:3002/fir,8,0,0
1675771443042,8,FIr Creation Request,201,Created,Firs Test single user 1-1,text,true,,463,10422,1,1,http://localhost:3002/fir,8,0,0
1675771443051,7,FIr Creation Request,201,Created,Firs Test single user 1-1,text,true,,463,10422,1,1,http://localhost:3002/fir,7,0,0
1675771443059,6,FIr Creation Request,201,Created,Firs Test single user 1-1,text,true,,463,10422,1,1,http://localhost:3002/fir,6,0,0
1675771443066,9,FIr Creation Request,201,Created,Firs Test single user 1-1,text,true,,463,10422,1,1,http://localhost:3002/fir,8,0,1
1675771443076,7,FIr Creation Request,201,Created,Firs Test single user 1-1,text,true,,463,10422,1,1,http://localhost:3002/fir,7,0,0
1675771443084,7,FIr Creation Request,201,Created,Firs Test single user 1-1,text,true,,463,10422,1,1,http://localhost:3002/fir,6,0,1
1675771443093,8,FIr Creation Request,201,Created,Firs Test single user 1-1,text,true,,463,10422,1,1,http://localhost:3002/fir,8,0,0
1675771443102,6,FIr Creation Request,201,Created,Firs Test single user 1-1,text,true,,463,10422,1,1,http://localhost:3002/fir,6,0,0
1675771443109,6,FIr Creation Request,201,Created,Firs Test single user 1-1,text,true,,463,10422,1,1,http://localhost:3002/fir,6,0,0
1675771443116,7,FIr Creation Request,201,Created,Firs Test single user 1-1,text,true,,463,10422,1,1,http://localhost:3002/fir,7,0,1
1675771443124,13,FIr Creation Request,201,Created,Firs Test single user 1-1,text,true,,463,10422,1,1,http://localhost:3002/fir,13,0,0
1675771443138,9,FIr Creation Request,201,Created,Firs Test single user 1-1,text,true,,463,10422,1,1,http://localhost:3002/fir,9,0,0
1675771443148,8,FIr Creation Request,201,Created,Firs Test single user 1-1,text,true,,463,10422,1,1,http://localhost:3002/fir,8,0,0
1675771443157,11,FIr Creation Request,201,Created,Firs Test single user 1-1,text,true,,463,10422,1,1,http://localhost:3002/fir,11,0,0
1675771443169,11,FIr Creation Request,201,Created,Firs Test single user 1-1,text,true,,463,10422,1,1,http://localhost:3002/fir,11,0,1
1675771443181,7,FIr Creation Request,201,Created,Firs Test single user 1-1,text,true,,463,10422,1,1,http://localhost:3002/fir,7,0,0
1675771443189,7,FIr Creation Request,201,Created,Firs Test single user 1-1,text,true,,463,10422,1,1,http://localhost:3002/fir,7,0,1
1675771443197,10,FIr Creation Request,201,Created,Firs Test single user 1-1,text,true,,463,10422,1,1,http://localhost:3002/fir,10,0,0
1675771443208,6,FIr Creation Request,201,Created,Firs Test single user 1-1,text,true,,463,10422,1,1,http://localhost:3002/fir,6,0,0
1675771443215,7,FIr Creation Request,201,Created,Firs Test single user 1-1,text,true,,463,10422,1,1,http://localhost:3002/fir,7,0,1
1675771443224,6,FIr Creation Request,201,Created,Firs Test single user 1-1,text,true,,463,10422,1,1,http://localhost:3002/fir,6,0,0
1675771443234,9,FIr Creation Request,201,Created,Firs Test single user 1-1,text,true,,463,10422,1,1,http://localhost:3002/fir,9,0,1
1675771443244,7,FIr Creation Request,201,Created,Firs Test single user 1-1,text,true,,463,10422,1,1,http://localhost:3002/fir,7,0,0
1675771443252,6,FIr Creation Request,201,Created,Firs Test single user 1-1,text,true,,463,10422,1,1,http://localhost:3002/fir,6,0,0
1675771443259,6,FIr Creation Request,201,Created,Firs Test single user 1-1,text,true,,463,10422,1,1,http://localhost:3002/fir,6,0,1
1675771443266,8,FIr Creation Request,201,Created,Firs Test single user 1-1,text,true,,463,10422,1,1,http://localhost:3002/fir,8,0,1
1675771443275,6,FIr Creation Request,201,Created,Firs Test single user 1-1,text,true,,463,10422,1,1,http://localhost:3002/fir,6,0,0
1675771443282,7,FIr Creation Request,201,Created,Firs Test single user 1-1,text,true,,463,10422,1,1,http://localhost:3002/fir,7,0,0
1675771443291,6,FIr Creation Request,201,Created,Firs Test single user 1-1,text,true,,463,10422,1,1,http://localhost:3002/fir,6,0,0
1675771443298,8,FIr Creation Request,201,Created,Firs Test single user 1-1,text,true,,463,10422,1,1,http://localhost:3002/fir,8,0,0
1675771443307,7,FIr Creation Request,201,Created,Firs Test single user 1-1,text,true,,463,10422,1,1,http://localhost:3002/fir,7,0,1
1675771443315,8,FIr Creation Request,201,Created,Firs Test single user 1-1,text,true,,463,10422,1,1,http://localhost:3002/fir,8,0,0
1675771443324,6,FIr Creation Request,201,Created,Firs Test single user 1-1,text,true,,463,10422,1,1,http://localhost:3002/fir,6,0,0
1675771443331,8,FIr Creation Request,201,Created,Firs Test single user 1-1,text,true,,463,10422,1,1,http://localhost:3002/fir,8,0,1
1675771443340,8,FIr Creation Request,201,Created,Firs Test single user 1-1,text,true,,463,10422,1,1,http://localhost:3002/fir,8,0,0
1675771443349,65,FIr Creation Request,201,Created,Firs Test single user 1-1,text,true,,463,10422,1,1,http://localhost:3002/fir,65,0,0
1675771443418,10,FIr Creation Request,201,Created,Firs Test single user 1-1,text,true,,463,10422,1,1,http://localhost:3002/fir,10,0,1
1675771443429,6,FIr Creation Request,201,Created,Firs Test single user 1-1,text,true,,463,10422,1,1,http://localhost:3002/fir,6,0,0
1675771443437,11,FIr Creation Request,201,Created,Firs Test single user 1-1,text,true,,463,10422,1,1,http://localhost:3002/fir,11,0,0
1675771443449,6,FIr Creation Request,201,Created,Firs Test single user 1-1,text,true,,463,10422,1,1,http://localhost:3002/fir,6,0,0
1675771443457,7,FIr Creation Request,201,Created,Firs Test single user 1-1,text,true,,463,10422,1,1,http://localhost:3002/fir,7,0,0
1675771443465,7,FIr Creation Request,201,Created,Firs Test single user 1-1,text,true,,463,10422,1,1,http://localhost:3002/fir,7,0,0
1675771443473,12,FIr Creation Request,201,Created,Firs Test single user 1-1,text,true,,463,10422,1,1,http://localhost:3002/fir,12,0,1
1675771443487,7,FIr Creation Request,201,Created,Firs Test single user 1-1,text,true,,463,10422,1,1,http://localhost:3002/fir,7,0,0
1675771443495,8,FIr Creation Request,201,Created,Firs Test single user 1-1,text,true,,463,10422,1,1,http://localhost:3002/fir,8,0,0
1675771443504,7,FIr Creation Request,201,Created,Firs Test single user 1-1,text,true,,463,10422,1,1,http://localhost:3002/fir,7,0,0
1675771443512,7,FIr Creation Request,201,Created,Firs Test single user 1-1,text,true,,463,10422,1,1,http://localhost:3002/fir,7,0,0
1675771443521,6,FIr Creation Request,201,Created,Firs Test single user 1-1,text,true,,463,10422,1,1,http://localhost:3002/fir,6,0,0
1675771443528,7,FIr Creation Request,201,Created,Firs Test single user 1-1,text,true,,463,10422,1,1,http://localhost:3002/fir,7,0,1
1675771443536,6,FIr Creation Request,201,Created,Firs Test single user 1-1,text,true,,463,10422,1,1,http://localhost:3002/fir,6,0,0
1675771443544,6,FIr Creation Request,201,Created,Firs Test single user 1-1,text,true,,463,10422,1,1,http://localhost:3002/fir,6,0,0
1675771443551,6,FIr Creation Request,201,Created,Firs Test single user 1-1,text,true,,463,10422,1,1,http://localhost:3002/fir,6,0,0
1675771443558,6,FIr Creation Request,201,Created,Firs Test single user 1-1,text,true,,463,10422,1,1,http://localhost:3002/fir,6,0,0
1675771443565,7,FIr Creation Request,201,Created,Firs Test single user 1-1,text,true,,463,10422,1,1,http://localhost:3002/fir,7,0,0
1675771443574,7,FIr Creation Request,201,Created,Firs Test single user 1-1,text,true,,463,10422,1,1,http://localhost:3002/fir,7,0,0
1675771443582,7,FIr Creation Request,201,Created,Firs Test single user 1-1,text,true,,463,10422,1,1,http://localhost:3002/fir,7,0,1
1675771443590,11,FIr Creation Request,201,Created,Firs Test single user 1-1,text,true,,463,10422,1,1,http://localhost:3002/fir,11,0,0
1675771443606,8,FIr Creation Request,201,Created,Firs Test single user 1-1,text,true,,463,10422,1,1,http://localhost:3002/fir,8,0,1
1675771443615,7,FIr Creation Request,201,Created,Firs Test single user 1-1,text,true,,463,10422,1,1,http://localhost:3002/fir,7,0,0
1675771443623,6,FIr Creation Request,201,Created,Firs Test single user 1-1,text,true,,463,10422,1,1,http://localhost:3002/fir,6,0,1
1675771443631,6,FIr Creation Request,201,Created,Firs Test single user 1-1,text,true,,463,10422,1,1,http://localhost:3002/fir,6,0,0
1675771443638,6,FIr Creation Request,201,Created,Firs Test single user 1-1,text,true,,463,10422,1,1,http://localhost:3002/fir,6,0,1
1675771443646,10,FIr Creation Request,201,Created,Firs Test single user 1-1,text,true,,463,10422,1,1,http://localhost:3002/fir,10,0,0
1675771443657,330,FIr Creation Request,201,Created,Firs Test single user 1-1,text,true,,463,10422,1,1,http://localhost:3002/fir,330,0,0
1675771443992,15,FIr Creation Request,201,Created,Firs Test single user 1-1,text,true,,463,10422,1,1,http://localhost:3002/fir,15,0,1
1675771444008,8,FIr Creation Request,201,Created,Firs Test single user 1-1,text,true,,463,10422,1,1,http://localhost:3002/fir,8,0,0
1675771444017,8,FIr Creation Request,201,Created,Firs Test single user 1-1,text,true,,463,10422,1,1,http://localhost:3002/fir,8,0,0
1675771444026,7,FIr Creation Request,201,Created,Firs Test single user 1-1,text,true,,463,10422,1,1,http://localhost:3002/fir,7,0,0
1675771444034,6,FIr Creation Request,201,Created,Firs Test single user 1-1,text,true,,463,10422,1,1,http://localhost:3002/fir,6,0,1
1675771444105,7,FIr Creation Request,201,Created,Firs Test single user 1-1,text,true,,463,10422,1,1,http://localhost:3002/fir,7,0,0
1675771444117,6,FIr Creation Request,201,Created,Firs Test single user 1-1,text,true,,463,10422,1,1,http://localhost:3002/fir,6,0,0
1675771444125,7,FIr Creation Request,201,Created,Firs Test single user 1-1,text,true,,463,10422,1,1,http://localhost:3002/fir,7,0,0
1675771444133,6,FIr Creation Request,201,Created,Firs Test single user 1-1,text,true,,463,10422,1,1,http://localhost:3002/fir,6,0,0
1675771444141,14,FIr Creation Request,201,Created,Firs Test single user 1-1,text,true,,463,10422,1,1,http://localhost:3002/fir,14,0,0
1675771444156,6,FIr Creation Request,201,Created,Firs Test single user 1-1,text,true,,463,10422,1,1,http://localhost:3002/fir,6,0,0
1675771444164,7,FIr Creation Request,201,Created,Firs Test single user 1-1,text,true,,463,10422,1,1,http://localhost:3002/fir,7,0,0
1675771444172,7,FIr Creation Request,201,Created,Firs Test single user 1-1,text,true,,463,10422,1,1,http://localhost:3002/fir,7,0,0
1675771444180,7,FIr Creation Request,201,Created,Firs Test single user 1-1,text,true,,463,10422,1,1,http://localhost:3002/fir,7,0,1
1675771444189,6,FIr Creation Request,201,Created,Firs Test single user 1-1,text,true,,463,10422,1,1,http://localhost:3002/fir,6,0,0
1675771444197,7,FIr Creation Request,201,Created,Firs Test single user 1-1,text,true,,463,10422,1,1,http://localhost:3002/fir,7,0,0
1675771444205,7,FIr Creation Request,201,Created,Firs Test single user 1-1,text,true,,463,10422,1,1,http://localhost:3002/fir,7,0,0
1675771444213,7,FIr Creation Request,201,Created,Firs Test single user 1-1,text,true,,463,10422,1,1,http://localhost:3002/fir,7,0,0
1675771444221,7,FIr Creation Request,201,Created,Firs Test single user 1-1,text,true,,463,10422,1,1,http://localhost:3002/fir,7,0,0
1675771444229,6,FIr Creation Request,201,Created,Firs Test single user 1-1,text,true,,463,10422,1,1,http://localhost:3002/fir,6,0,0
1675771444237,5,FIr Creation Request,201,Created,Firs Test single user 1-1,text,true,,463,10422,1,1,http://localhost:3002/fir,5,0,0
1675771444243,7,FIr Creation Request,201,Created,Firs Test single user 1-1,text,true,,463,10422,1,1,http://localhost:3002/fir,7,0,1
1675771444257,8,FIr Creation Request,201,Created,Firs Test single user 1-1,text,true,,463,10422,1,1,http://localhost:3002/fir,8,0,1
1675771444267,6,FIr Creation Request,201,Created,Firs Test single user 1-1,text,true,,463,10422,1,1,http://localhost:3002/fir,6,0,0
1675771444274,9,FIr Creation Request,201,Created,Firs Test single user 1-1,text,true,,463,10422,1,1,http://localhost:3002/fir,9,0,1
1675771444284,6,FIr Creation Request,201,Created,Firs Test single user 1-1,text,true,,463,10422,1,1,http://localhost:3002/fir,6,0,0
1675771444292,6,FIr Creation Request,201,Created,Firs Test single user 1-1,text,true,,463,10422,1,1,http://localhost:3002/fir,6,0,0
1675771444300,6,FIr Creation Request,201,Created,Firs Test single user 1-1,text,true,,463,10422,1,1,http://localhost:3002/fir,6,0,0
1675771444307,8,FIr Creation Request,201,Created,Firs Test single user 1-1,text,true,,463,10422,1,1,http://localhost:3002/fir,8,0,0
1675771444316,6,FIr Creation Request,201,Created,Firs Test single user 1-1,text,true,,463,10422,1,1,http://localhost:3002/fir,6,0,1
1675771444324,6,FIr Creation Request,201,Created,Firs Test single user 1-1,text,true,,463,10422,1,1,http://localhost:3002/fir,6,0,0
1675771444331,6,FIr Creation Request,201,Created,Firs Test single user 1-1,text,true,,463,10422,1,1,http://localhost:3002/fir,6,0,0
1675771444338,7,FIr Creation Request,201,Created,Firs Test single user 1-1,text,true,,463,10422,1,1,http://localhost:3002/fir,7,0,1
1675771444346,8,FIr Creation Request,201,Created,Firs Test single user 1-1,text,true,,463,10422,1,1,http://localhost:3002/fir,8,0,0
1675771444355,7,FIr Creation Request,201,Created,Firs Test single user 1-1,text,true,,463,10422,1,1,http://localhost:3002/fir,7,0,0
1675771444363,7,FIr Creation Request,201,Created,Firs Test single user 1-1,text,true,,463,10422,1,1,http://localhost:3002/fir,7,0,1
1675771444371,8,FIr Creation Request,201,Created,Firs Test single user 1-1,text,true,,463,10422,1,1,http://localhost:3002/fir,8,0,0
1675771444380,8,FIr Creation Request,201,Created,Firs Test single user 1-1,text,true,,463,10422,1,1,http://localhost:3002/fir,8,0,0
1675771444389,8,FIr Creation Request,201,Created,Firs Test single user 1-1,text,true,,463,10422,1,1,http://localhost:3002/fir,8,0,0
1675771444398,7,FIr Creation Request,201,Created,Firs Test single user 1-1,text,true,,463,10422,1,1,http://localhost:3002/fir,7,0,0
1675771444407,6,FIr Creation Request,201,Created,Firs Test single user 1-1,text,true,,463,10422,1,1,http://localhost:3002/fir,6,0,0
1675771444414,6,FIr Creation Request,201,Created,Firs Test single user 1-1,text,true,,463,10422,1,1,http://localhost:3002/fir,6,0,0
1675771444422,6,FIr Creation Request,201,Created,Firs Test single user 1-1,text,true,,463,10422,1,1,http://localhost:3002/fir,6,0,0
1675771444430,7,FIr Creation Request,201,Created,Firs Test single user 1-1,text,true,,463,10422,1,1,http://localhost:3002/fir,7,0,0
1675771444438,11,FIr Creation Request,201,Created,Firs Test single user 1-1,text,true,,463,10422,1,1,http://localhost:3002/fir,11,0,0
1675771444450,8,FIr Creation Request,201,Created,Firs Test single user 1-1,text,true,,463,10422,1,1,http://localhost:3002/fir,8,0,0
1675771444459,6,FIr Creation Request,201,Created,Firs Test single user 1-1,text,true,,463,10422,1,1,http://localhost:3002/fir,6,0,0
1675771444466,8,FIr Creation Request,201,Created,Firs Test single user 1-1,text,true,,463,10422,1,1,http://localhost:3002/fir,8,0,1
1675771444475,8,FIr Creation Request,201,Created,Firs Test single user 1-1,text,true,,463,10422,1,1,http://localhost:3002/fir,8,0,0
1675771444484,6,FIr Creation Request,201,Created,Firs Test single user 1-1,text,true,,463,10422,1,1,http://localhost:3002/fir,6,0,0
1675771444492,7,FIr Creation Request,201,Created,Firs Test single user 1-1,text,true,,463,10422,1,1,http://localhost:3002/fir,7,0,0
1675771444500,7,FIr Creation Request,201,Created,Firs Test single user 1-1,text,true,,463,10422,1,1,http://localhost:3002/fir,7,0,1
1675771444508,11,FIr Creation Request,201,Created,Firs Test single user 1-1,text,true,,463,10422,1,1,http://localhost:3002/fir,11,0,1
1675771444521,8,FIr Creation Request,201,Created,Firs Test single user 1-1,text,true,,463,10422,1,1,http://localhost:3002/fir,8,0,0
1675771444530,7,FIr Creation Request,201,Created,Firs Test single user 1-1,text,true,,463,10422,1,1,http://localhost:3002/fir,7,0,1
1675771444539,6,FIr Creation Request,201,Created,Firs Test single user 1-1,text,true,,463,10422,1,1,http://localhost:3002/fir,6,0,0
1675771444547,7,FIr Creation Request,201,Created,Firs Test single user 1-1,text,true,,463,10422,1,1,http://localhost:3002/fir,7,0,0
1675771444556,6,FIr Creation Request,201,Created,Firs Test single user 1-1,text,true,,463,10422,1,1,http://localhost:3002/fir,6,0,0
1675771444564,7,FIr Creation Request,201,Created,Firs Test single user 1-1,text,true,,463,10422,1,1,http://localhost:3002/fir,6,0,0
1675771444572,7,FIr Creation Request,201,Created,Firs Test single user 1-1,text,true,,463,10422,1,1,http://localhost:3002/fir,7,0,0
1675771444580,7,FIr Creation Request,201,Created,Firs Test single user 1-1,text,true,,463,10422,1,1,http://localhost:3002/fir,7,0,0
1675771444588,7,FIr Creation Request,201,Created,Firs Test single user 1-1,text,true,,463,10422,1,1,http://localhost:3002/fir,7,0,0
1675771444596,8,FIr Creation Request,201,Created,Firs Test single user 1-1,text,true,,463,10422,1,1,http://localhost:3002/fir,8,0,1
1675771444605,7,FIr Creation Request,201,Created,Firs Test single user 1-1,text,true,,463,10422,1,1,http://localhost:3002/fir,7,0,0
1675771444613,7,FIr Creation Request,201,Created,Firs Test single user 1-1,text,true,,463,10422,1,1,http://localhost:3002/fir,7,0,0
1675771444627,7,FIr Creation Request,201,Created,Firs Test single user 1-1,text,true,,463,10422,1,1,http://localhost:3002/fir,7,0,0
1675771444635,6,FIr Creation Request,201,Created,Firs Test single user 1-1,text,true,,463,10422,1,1,http://localhost:3002/fir,6,0,0
1675771444642,7,FIr Creation Request,201,Created,Firs Test single user 1-1,text,true,,463,10422,1,1,http://localhost:3002/fir,7,0,0
1675771444650,7,FIr Creation Request,201,Created,Firs Test single user 1-1,text,true,,463,10422,1,1,http://localhost:3002/fir,7,0,1
1675771444658,7,FIr Creation Request,201,Created,Firs Test single user 1-1,text,true,,463,10422,1,1,http://localhost:3002/fir,7,0,0
1675771444666,7,FIr Creation Request,201,Created,Firs Test single user 1-1,text,true,,463,10422,1,1,http://localhost:3002/fir,7,0,1
1675771444674,6,FIr Creation Request,201,Created,Firs Test single user 1-1,text,true,,463,10422,1,1,http://localhost:3002/fir,6,0,0
1675771444681,8,FIr Creation Request,201,Created,Firs Test single user 1-1,text,true,,463,10422,1,1,http://localhost:3002/fir,8,0,0
1675771444690,6,FIr Creation Request,201,Created,Firs Test single user 1-1,text,true,,463,10422,1,1,http://localhost:3002/fir,6,0,0
1675771444697,7,FIr Creation Request,201,Created,Firs Test single user 1-1,text,true,,463,10422,1,1,http://localhost:3002/fir,7,0,1
1675771444705,7,FIr Creation Request,201,Created,Firs Test single user 1-1,text,true,,463,10422,1,1,http://localhost:3002/fir,7,0,0
1675771444713,7,FIr Creation Request,201,Created,Firs Test single user 1-1,text,true,,463,10422,1,1,http://localhost:3002/fir,7,0,1
1675771444722,7,FIr Creation Request,201,Created,Firs Test single user 1-1,text,true,,463,10422,1,1,http://localhost:3002/fir,7,0,0
1675771444730,8,FIr Creation Request,201,Created,Firs Test single user 1-1,text,true,,463,10422,1,1,http://localhost:3002/fir,8,0,1
1675771444739,6,FIr Creation Request,201,Created,Firs Test single user 1-1,text,true,,463,10422,1,1,http://localhost:3002/fir,6,0,0
1675771444747,7,FIr Creation Request,201,Created,Firs Test single user 1-1,text,true,,463,10422,1,1,http://localhost:3002/fir,7,0,0
1675771444755,7,FIr Creation Request,201,Created,Firs Test single user 1-1,text,true,,463,10422,1,1,http://localhost:3002/fir,7,0,0
1675771444766,7,FIr Creation Request,201,Created,Firs Test single user 1-1,text,true,,463,10422,1,1,http://localhost:3002/fir,7,0,0
1675771444774,6,FIr Creation Request,201,Created,Firs Test single user 1-1,text,true,,463,10422,1,1,http://localhost:3002/fir,6,0,0
1675771444781,7,FIr Creation Request,201,Created,Firs Test single user 1-1,text,true,,463,10422,1,1,http://localhost:3002/fir,7,0,1
1675771444789,6,FIr Creation Request,201,Created,Firs Test single user 1-1,text,true,,463,10422,1,1,http://localhost:3002/fir,6,0,0
1675771444796,8,FIr Creation Request,201,Created,Firs Test single user 1-1,text,true,,463,10422,1,1,http://localhost:3002/fir,8,0,0
1675771444806,6,FIr Creation Request,201,Created,Firs Test single user 1-1,text,true,,463,10422,1,1,http://localhost:3002/fir,6,0,0
1675771444813,7,FIr Creation Request,201,Created,Firs Test single user 1-1,text,true,,463,10422,1,1,http://localhost:3002/fir,7,0,0
1675771444821,8,FIr Creation Request,201,Created,Firs Test single user 1-1,text,true,,463,10422,1,1,http://localhost:3002/fir,8,0,1
1675771444830,11,FIr Creation Request,201,Created,Firs Test single user 1-1,text,true,,463,10422,1,1,http://localhost:3002/fir,11,0,0
1675771444843,6,FIr Creation Request,201,Created,Firs Test single user 1-1,text,true,,463,10422,1,1,http://localhost:3002/fir,6,0,0
1675771444850,7,FIr Creation Request,201,Created,Firs Test single user 1-1,text,true,,463,10422,1,1,http://localhost:3002/fir,7,0,1
1675771444858,8,FIr Creation Request,201,Created,Firs Test single user 1-1,text,true,,463,10422,1,1,http://localhost:3002/fir,8,0,1
1675771444868,6,FIr Creation Request,201,Created,Firs Test single user 1-1,text,true,,463,10422,1,1,http://localhost:3002/fir,6,0,0
1675771444875,7,FIr Creation Request,201,Created,Firs Test single user 1-1,text,true,,463,10422,1,1,http://localhost:3002/fir,7,0,0
1675771444883,8,FIr Creation Request,201,Created,Firs Test single user 1-1,text,true,,463,10422,1,1,http://localhost:3002/fir,8,0,1
1675771444892,7,FIr Creation Request,201,Created,Firs Test single user 1-1,text,true,,463,10422,1,1,http://localhost:3002/fir,7,0,0
1675771444900,8,FIr Creation Request,201,Created,Firs Test single user 1-1,text,true,,463,10422,1,1,http://localhost:3002/fir,8,0,1
1675771444909,7,FIr Creation Request,201,Created,Firs Test single user 1-1,text,true,,463,10422,1,1,http://localhost:3002/fir,7,0,0
1675771444917,7,FIr Creation Request,201,Created,Firs Test single user 1-1,text,true,,463,10422,1,1,http://localhost:3002/fir,7,0,0
1675771444925,7,FIr Creation Request,201,Created,Firs Test single user 1-1,text,true,,463,10422,1,1,http://localhost:3002/fir,7,0,0
1675771444934,6,FIr Creation Request,201,Created,Firs Test single user 1-1,text,true,,463,10422,1,1,http://localhost:3002/fir,6,0,0
1675771444942,7,FIr Creation Request,201,Created,Firs Test single user 1-1,text,true,,463,10422,1,1,http://localhost:3002/fir,7,0,0
1675771444950,7,FIr Creation Request,201,Created,Firs Test single user 1-1,text,true,,463,10422,1,1,http://localhost:3002/fir,7,0,0
1675771444958,7,FIr Creation Request,201,Created,Firs Test single user 1-1,text,true,,463,10422,1,1,http://localhost:3002/fir,7,0,1
1675771444967,6,FIr Creation Request,201,Created,Firs Test single user 1-1,text,true,,463,10422,1,1,http://localhost:3002/fir,6,0,0
1675771444974,9,FIr Creation Request,201,Created,Firs Test single user 1-1,text,true,,463,10422,1,1,http://localhost:3002/fir,9,0,0
1675771444984,7,FIr Creation Request,201,Created,Firs Test single user 1-1,text,true,,463,10422,1,1,http://localhost:3002/fir,7,0,0
1675771444992,7,FIr Creation Request,201,Created,Firs Test single user 1-1,text,true,,463,10422,1,1,http://localhost:3002/fir,7,0,0
1675771445000,7,FIr Creation Request,201,Created,Firs Test single user 1-1,text,true,,463,10422,1,1,http://localhost:3002/fir,7,0,0
1675771445008,700,FIr Creation Request,201,Created,Firs Test single user 1-1,text,true,,463,10422,1,1,http://localhost:3002/fir,700,0,1
1675771445709,246,FIr Creation Request,201,Created,Firs Test single user 1-1,text,true,,463,10422,1,1,http://localhost:3002/fir,246,0,0
1675771445958,10,FIr Creation Request,201,Created,Firs Test single user 1-1,text,true,,463,10422,1,1,http://localhost:3002/fir,10,0,0
1675771445970,8,FIr Creation Request,201,Created,Firs Test single user 1-1,text,true,,463,10422,1,1,http://localhost:3002/fir,7,0,0
1675771445979,8,FIr Creation Request,201,Created,Firs Test single user 1-1,text,true,,463,10422,1,1,http://localhost:3002/fir,8,0,0
1675771445988,7,FIr Creation Request,201,Created,Firs Test single user 1-1,text,true,,463,10422,1,1,http://localhost:3002/fir,7,0,1
1675771445996,7,FIr Creation Request,201,Created,Firs Test single user 1-1,text,true,,463,10422,1,1,http://localhost:3002/fir,7,0,1
1675771446004,8,FIr Creation Request,201,Created,Firs Test single user 1-1,text,true,,463,10422,1,1,http://localhost:3002/fir,8,0,1
1675771446014,7,FIr Creation Request,201,Created,Firs Test single user 1-1,text,true,,463,10422,1,1,http://localhost:3002/fir,7,0,0
1675771446022,6,FIr Creation Request,201,Created,Firs Test single user 1-1,text,true,,463,10422,1,1,http://localhost:3002/fir,6,0,0
1675771446029,8,FIr Creation Request,201,Created,Firs Test single user 1-1,text,true,,463,10422,1,1,http://localhost:3002/fir,8,0,1
1675771446038,10,FIr Creation Request,201,Created,Firs Test single user 1-1,text,true,,463,10422,1,1,http://localhost:3002/fir,10,0,0
1675771446049,7,FIr Creation Request,201,Created,Firs Test single user 1-1,text,true,,463,10422,1,1,http://localhost:3002/fir,7,0,0
1675771446058,8,FIr Creation Request,201,Created,Firs Test single user 1-1,text,true,,463,10422,1,1,http://localhost:3002/fir,8,0,0
1675771446067,6,FIr Creation Request,201,Created,Firs Test single user 1-1,text,true,,463,10422,1,1,http://localhost:3002/fir,6,0,0
1675771446074,7,FIr Creation Request,201,Created,Firs Test single user 1-1,text,true,,463,10422,1,1,http://localhost:3002/fir,7,0,1
1675771446082,11,FIr Creation Request,201,Created,Firs Test single user 1-1,text,true,,463,10422,1,1,http://localhost:3002/fir,10,0,1
1675771446094,6,FIr Creation Request,201,Created,Firs Test single user 1-1,text,true,,463,10422,1,1,http://localhost:3002/fir,6,0,0
1675771446102,6,FIr Creation Request,201,Created,Firs Test single user 1-1,text,true,,463,10422,1,1,http://localhost:3002/fir,6,0,0
1675771446109,7,FIr Creation Request,201,Created,Firs Test single user 1-1,text,true,,463,10422,1,1,http://localhost:3002/fir,7,0,1
1675771446118,6,FIr Creation Request,201,Created,Firs Test single user 1-1,text,true,,463,10422,1,1,http://localhost:3002/fir,6,0,0
1675771446125,8,FIr Creation Request,201,Created,Firs Test single user 1-1,text,true,,463,10422,1,1,http://localhost:3002/fir,8,0,1
1675771446134,7,FIr Creation Request,201,Created,Firs Test single user 1-1,text,true,,463,10422,1,1,http://localhost:3002/fir,7,0,0
1675771446142,14,FIr Creation Request,201,Created,Firs Test single user 1-1,text,true,,463,10422,1,1,http://localhost:3002/fir,14,0,1
1675771446163,8,FIr Creation Request,201,Created,Firs Test single user 1-1,text,true,,463,10422,1,1,http://localhost:3002/fir,8,0,0
1675771446172,8,FIr Creation Request,201,Created,Firs Test single user 1-1,text,true,,463,10422,1,1,http://localhost:3002/fir,8,0,1
1675771446181,7,FIr Creation Request,201,Created,Firs Test single user 1-1,text,true,,463,10422,1,1,http://localhost:3002/fir,7,0,0
1675771446189,7,FIr Creation Request,201,Created,Firs Test single user 1-1,text,true,,463,10422,1,1,http://localhost:3002/fir,7,0,0
1675771446198,7,FIr Creation Request,201,Created,Firs Test single user 1-1,text,true,,463,10422,1,1,http://localhost:3002/fir,7,0,0
1675771446206,11,FIr Creation Request,201,Created,Firs Test single user 1-1,text,true,,463,10422,1,1,http://localhost:3002/fir,11,0,0
1675771446218,7,FIr Creation Request,201,Created,Firs Test single user 1-1,text,true,,463,10422,1,1,http://localhost:3002/fir,7,0,0
1675771446226,12,FIr Creation Request,201,Created,Firs Test single user 1-1,text,true,,463,10422,1,1,http://localhost:3002/fir,12,0,1
1675771446239,8,FIr Creation Request,201,Created,Firs Test single user 1-1,text,true,,463,10422,1,1,http://localhost:3002/fir,8,0,1
1675771446248,7,FIr Creation Request,201,Created,Firs Test single user 1-1,text,true,,463,10422,1,1,http://localhost:3002/fir,7,0,0
1675771446257,6,FIr Creation Request,201,Created,Firs Test single user 1-1,text,true,,463,10422,1,1,http://localhost:3002/fir,6,0,0
1675771446264,7,FIr Creation Request,201,Created,Firs Test single user 1-1,text,true,,463,10422,1,1,http://localhost:3002/fir,7,0,1
1675771446272,9,FIr Creation Request,201,Created,Firs Test single user 1-1,text,true,,463,10422,1,1,http://localhost:3002/fir,9,0,1
1675771446282,6,FIr Creation Request,201,Created,Firs Test single user 1-1,text,true,,463,10422,1,1,http://localhost:3002/fir,6,0,0
1675771446289,7,FIr Creation Request,201,Created,Firs Test single user 1-1,text,true,,463,10422,1,1,http://localhost:3002/fir,7,0,1
1675771446301,7,FIr Creation Request,201,Created,Firs Test single user 1-1,text,true,,463,10422,1,1,http://localhost:3002/fir,7,0,0
1675771446309,9,FIr Creation Request,201,Created,Firs Test single user 1-1,text,true,,463,10422,1,1,http://localhost:3002/fir,9,0,0
1675771446319,6,FIr Creation Request,201,Created,Firs Test single user 1-1,text,true,,463,10422,1,1,http://localhost:3002/fir,6,0,0
1675771446326,8,FIr Creation Request,201,Created,Firs Test single user 1-1,text,true,,463,10422,1,1,http://localhost:3002/fir,8,0,0
1675771446335,7,FIr Creation Request,201,Created,Firs Test single user 1-1,text,true,,463,10422,1,1,http://localhost:3002/fir,7,0,1
1675771446344,6,FIr Creation Request,201,Created,Firs Test single user 1-1,text,true,,463,10422,1,1,http://localhost:3002/fir,6,0,0
1675771446351,8,FIr Creation Request,201,Created,Firs Test single user 1-1,text,true,,463,10422,1,1,http://localhost:3002/fir,8,0,1
1675771446360,7,FIr Creation Request,201,Created,Firs Test single user 1-1,text,true,,463,10422,1,1,http://localhost:3002/fir,7,0,0
1675771446368,422,FIr Creation Request,201,Created,Firs Test single user 1-1,text,true,,463,10422,1,1,http://localhost:3002/fir,422,0,0
1675771446791,242,FIr Creation Request,201,Created,Firs Test single user 1-1,text,true,,463,10422,1,1,http://localhost:3002/fir,242,0,0
1675771447037,10,FIr Creation Request,201,Created,Firs Test single user 1-1,text,true,,463,10422,1,1,http://localhost:3002/fir,10,0,0
1675771447048,10,FIr Creation Request,201,Created,Firs Test single user 1-1,text,true,,463,10422,1,1,http://localhost:3002/fir,10,0,0
1675771447059,9,FIr Creation Request,201,Created,Firs Test single user 1-1,text,true,,463,10422,1,1,http://localhost:3002/fir,9,0,0
1675771447069,12,FIr Creation Request,201,Created,Firs Test single user 1-1,text,true,,463,10422,1,1,http://localhost:3002/fir,12,0,0
1675771447083,8,FIr Creation Request,201,Created,Firs Test single user 1-1,text,true,,463,10422,1,1,http://localhost:3002/fir,8,0,0
1675771447092,8,FIr Creation Request,201,Created,Firs Test single user 1-1,text,true,,463,10422,1,1,http://localhost:3002/fir,8,0,0
1675771447101,7,FIr Creation Request,201,Created,Firs Test single user 1-1,text,true,,463,10422,1,1,http://localhost:3002/fir,7,0,0
1675771447109,6,FIr Creation Request,201,Created,Firs Test single user 1-1,text,true,,463,10422,1,1,http://localhost:3002/fir,6,0,0
1675771447117,6,FIr Creation Request,201,Created,Firs Test single user 1-1,text,true,,463,10422,1,1,http://localhost:3002/fir,6,0,0
1675771447124,6,FIr Creation Request,201,Created,Firs Test single user 1-1,text,true,,463,10422,1,1,http://localhost:3002/fir,6,0,0
1675771447132,8,FIr Creation Request,201,Created,Firs Test single user 1-1,text,true,,463,10422,1,1,http://localhost:3002/fir,8,0,0
1675771447142,7,FIr Creation Request,201,Created,Firs Test single user 1-1,text,true,,463,10422,1,1,http://localhost:3002/fir,7,0,0
1675771447150,7,FIr Creation Request,201,Created,Firs Test single user 1-1,text,true,,463,10422,1,1,http://localhost:3002/fir,7,0,0
1675771447159,9,FIr Creation Request,201,Created,Firs Test single user 1-1,text,true,,463,10422,1,1,http://localhost:3002/fir,9,0,0
1675771447169,10,FIr Creation Request,201,Created,Firs Test single user 1-1,text,true,,463,10422,1,1,http://localhost:3002/fir,10,0,1
1675771447184,6,FIr Creation Request,201,Created,Firs Test single user 1-1,text,true,,463,10422,1,1,http://localhost:3002/fir,6,0,0
1675771447192,8,FIr Creation Request,201,Created,Firs Test single user 1-1,text,true,,463,10422,1,1,http://localhost:3002/fir,8,0,0
1675771447201,7,FIr Creation Request,201,Created,Firs Test single user 1-1,text,true,,463,10422,1,1,http://localhost:3002/fir,7,0,1
1675771447209,7,FIr Creation Request,201,Created,Firs Test single user 1-1,text,true,,463,10422,1,1,http://localhost:3002/fir,7,0,0
1675771447217,7,FIr Creation Request,201,Created,Firs Test single user 1-1,text,true,,463,10422,1,1,http://localhost:3002/fir,7,0,1
1675771447225,6,FIr Creation Request,201,Created,Firs Test single user 1-1,text,true,,463,10422,1,1,http://localhost:3002/fir,6,0,0
1675771447233,6,FIr Creation Request,201,Created,Firs Test single user 1-1,text,true,,463,10422,1,1,http://localhost:3002/fir,6,0,0
1675771447240,7,FIr Creation Request,201,Created,Firs Test single user 1-1,text,true,,463,10422,1,1,http://localhost:3002/fir,7,0,1
1675771447248,7,FIr Creation Request,201,Created,Firs Test single user 1-1,text,true,,463,10422,1,1,http://localhost:3002/fir,7,0,1
1675771447256,9,FIr Creation Request,201,Created,Firs Test single user 1-1,text,true,,463,10422,1,1,http://localhost:3002/fir,9,0,0
1675771447267,7,FIr Creation Request,201,Created,Firs Test single user 1-1,text,true,,463,10422,1,1,http://localhost:3002/fir,7,0,0
1675771447275,6,FIr Creation Request,201,Created,Firs Test single user 1-1,text,true,,463,10422,1,1,http://localhost:3002/fir,6,0,1
1675771447283,6,FIr Creation Request,201,Created,Firs Test single user 1-1,text,true,,463,10422,1,1,http://localhost:3002/fir,6,0,0
1675771447290,7,FIr Creation Request,201,Created,Firs Test single user 1-1,text,true,,463,10422,1,1,http://localhost:3002/fir,7,0,0
1675771447298,8,FIr Creation Request,201,Created,Firs Test single user 1-1,text,true,,463,10422,1,1,http://localhost:3002/fir,8,0,0
1675771447307,7,FIr Creation Request,201,Created,Firs Test single user 1-1,text,true,,463,10422,1,1,http://localhost:3002/fir,7,0,0
1675771447315,7,FIr Creation Request,201,Created,Firs Test single user 1-1,text,true,,463,10422,1,1,http://localhost:3002/fir,7,0,1
1675771447327,7,FIr Creation Request,201,Created,Firs Test single user 1-1,text,true,,463,10422,1,1,http://localhost:3002/fir,7,0,0
1675771447335,7,FIr Creation Request,201,Created,Firs Test single user 1-1,text,true,,463,10422,1,1,http://localhost:3002/fir,7,0,0
1675771447343,13,FIr Creation Request,201,Created,Firs Test single user 1-1,text,true,,463,10422,1,1,http://localhost:3002/fir,13,0,0
1675771447357,8,FIr Creation Request,201,Created,Firs Test single user 1-1,text,true,,463,10422,1,1,http://localhost:3002/fir,8,0,0
1675771447366,7,FIr Creation Request,201,Created,Firs Test single user 1-1,text,true,,463,10422,1,1,http://localhost:3002/fir,7,0,0
1675771447374,7,FIr Creation Request,201,Created,Firs Test single user 1-1,text,true,,463,10422,1,1,http://localhost:3002/fir,7,0,0
1675771447382,6,FIr Creation Request,201,Created,Firs Test single user 1-1,text,true,,463,10422,1,1,http://localhost:3002/fir,6,0,0
1675771447389,16,FIr Creation Request,201,Created,Firs Test single user 1-1,text,true,,463,10422,1,1,http://localhost:3002/fir,16,0,1
1675771447406,9,FIr Creation Request,201,Created,Firs Test single user 1-1,text,true,,463,10422,1,1,http://localhost:3002/fir,9,0,0
1675771447416,6,FIr Creation Request,201,Created,Firs Test single user 1-1,text,true,,463,10422,1,1,http://localhost:3002/fir,6,0,0
1675771447423,8,FIr Creation Request,201,Created,Firs Test single user 1-1,text,true,,463,10422,1,1,http://localhost:3002/fir,8,0,0
1675771447432,7,FIr Creation Request,201,Created,Firs Test single user 1-1,text,true,,463,10422,1,1,http://localhost:3002/fir,7,0,0
1675771447440,7,FIr Creation Request,201,Created,Firs Test single user 1-1,text,true,,463,10422,1,1,http://localhost:3002/fir,7,0,0
1675771447449,7,FIr Creation Request,201,Created,Firs Test single user 1-1,text,true,,463,10422,1,1,http://localhost:3002/fir,7,0,0
1675771447458,6,FIr Creation Request,201,Created,Firs Test single user 1-1,text,true,,463,10422,1,1,http://localhost:3002/fir,6,0,0
1675771447465,8,FIr Creation Request,201,Created,Firs Test single user 1-1,text,true,,463,10422,1,1,http://localhost:3002/fir,8,0,1
1675771447474,7,FIr Creation Request,201,Created,Firs Test single user 1-1,text,true,,463,10422,1,1,http://localhost:3002/fir,7,0,1
1675771447482,8,FIr Creation Request,201,Created,Firs Test single user 1-1,text,true,,463,10422,1,1,http://localhost:3002/fir,8,0,0
1675771447491,7,FIr Creation Request,201,Created,Firs Test single user 1-1,text,true,,463,10422,1,1,http://localhost:3002/fir,7,0,0
1675771447499,7,FIr Creation Request,201,Created,Firs Test single user 1-1,text,true,,463,10422,1,1,http://localhost:3002/fir,7,0,0
1675771447507,7,FIr Creation Request,201,Created,Firs Test single user 1-1,text,true,,463,10422,1,1,http://localhost:3002/fir,7,0,0
1675771447516,7,FIr Creation Request,201,Created,Firs Test single user 1-1,text,true,,463,10422,1,1,http://localhost:3002/fir,7,0,0
1675771447524,6,FIr Creation Request,201,Created,Firs Test single user 1-1,text,true,,463,10422,1,1,http://localhost:3002/fir,6,0,0
1675771447532,6,FIr Creation Request,201,Created,Firs Test single user 1-1,text,true,,463,10422,1,1,http://localhost:3002/fir,6,0,0
1675771447539,6,FIr Creation Request,201,Created,Firs Test single user 1-1,text,true,,463,10422,1,1,http://localhost:3002/fir,6,0,1
1675771447546,449,FIr Creation Request,201,Created,Firs Test single user 1-1,text,true,,463,10422,1,1,http://localhost:3002/fir,449,0,0
1675771447997,153,FIr Creation Request,201,Created,Firs Test single user 1-1,text,true,,463,10422,1,1,http://localhost:3002/fir,153,0,0
1675771448151,29,FIr Creation Request,201,Created,Firs Test single user 1-1,text,true,,463,10422,1,1,http://localhost:3002/fir,29,0,1
1675771448182,7,FIr Creation Request,201,Created,Firs Test single user 1-1,text,true,,463,10422,1,1,http://localhost:3002/fir,7,0,0
1675771448190,14,FIr Creation Request,201,Created,Firs Test single user 1-1,text,true,,463,10422,1,1,http://localhost:3002/fir,14,0,0
1675771448211,8,FIr Creation Request,201,Created,Firs Test single user 1-1,text,true,,463,10422,1,1,http://localhost:3002/fir,8,0,0
1675771448220,7,FIr Creation Request,201,Created,Firs Test single user 1-1,text,true,,463,10422,1,1,http://localhost:3002/fir,7,0,1
1675771448228,7,FIr Creation Request,201,Created,Firs Test single user 1-1,text,true,,463,10422,1,1,http://localhost:3002/fir,7,0,1
1675771448237,10,FIr Creation Request,201,Created,Firs Test single user 1-1,text,true,,463,10422,1,1,http://localhost:3002/fir,10,0,0
1675771448249,7,FIr Creation Request,201,Created,Firs Test single user 1-1,text,true,,463,10422,1,1,http://localhost:3002/fir,7,0,0
1675771448258,6,FIr Creation Request,201,Created,Firs Test single user 1-1,text,true,,463,10422,1,1,http://localhost:3002/fir,6,0,0
1675771448265,7,FIr Creation Request,201,Created,Firs Test single user 1-1,text,true,,463,10422,1,1,http://localhost:3002/fir,7,0,0
1675771448274,10,FIr Creation Request,201,Created,Firs Test single user 1-1,text,true,,463,10422,1,1,http://localhost:3002/fir,10,0,0
1675771448285,6,FIr Creation Request,201,Created,Firs Test single user 1-1,text,true,,463,10422,1,1,http://localhost:3002/fir,6,0,0
1675771448292,11,FIr Creation Request,201,Created,Firs Test single user 1-1,text,true,,463,10422,1,1,http://localhost:3002/fir,11,0,0
1675771448304,5,FIr Creation Request,201,Created,Firs Test single user 1-1,text,true,,463,10422,1,1,http://localhost:3002/fir,5,0,0
1675771448311,6,FIr Creation Request,201,Created,Firs Test single user 1-1,text,true,,463,10422,1,1,http://localhost:3002/fir,6,0,0
1675771448318,7,FIr Creation Request,201,Created,Firs Test single user 1-1,text,true,,463,10422,1,1,http://localhost:3002/fir,7,0,0
1675771448327,7,FIr Creation Request,201,Created,Firs Test single user 1-1,text,true,,463,10422,1,1,http://localhost:3002/fir,7,0,0
1675771448336,11,FIr Creation Request,201,Created,Firs Test single user 1-1,text,true,,463,10422,1,1,http://localhost:3002/fir,11,0,0
1675771448351,13,FIr Creation Request,201,Created,Firs Test single user 1-1,text,true,,463,10422,1,1,http://localhost:3002/fir,13,0,0
1675771448366,7,FIr Creation Request,201,Created,Firs Test single user 1-1,text,true,,463,10422,1,1,http://localhost:3002/fir,7,0,0
1675771448374,6,FIr Creation Request,201,Created,Firs Test single user 1-1,text,true,,463,10422,1,1,http://localhost:3002/fir,6,0,0
1675771448382,7,FIr Creation Request,201,Created,Firs Test single user 1-1,text,true,,463,10422,1,1,http://localhost:3002/fir,7,0,0
1675771448391,6,FIr Creation Request,201,Created,Firs Test single user 1-1,text,true,,463,10422,1,1,http://localhost:3002/fir,6,0,0
1675771448398,7,FIr Creation Request,201,Created,Firs Test single user 1-1,text,true,,463,10422,1,1,http://localhost:3002/fir,7,0,1
1675771448406,8,FIr Creation Request,201,Created,Firs Test single user 1-1,text,true,,463,10422,1,1,http://localhost:3002/fir,8,0,1
1675771448415,7,FIr Creation Request,201,Created,Firs Test single user 1-1,text,true,,463,10422,1,1,http://localhost:3002/fir,7,0,0
1675771448423,8,FIr Creation Request,201,Created,Firs Test single user 1-1,text,true,,463,10422,1,1,http://localhost:3002/fir,8,0,1
1675771448432,10,FIr Creation Request,201,Created,Firs Test single user 1-1,text,true,,463,10422,1,1,http://localhost:3002/fir,10,0,0
1675771448443,6,FIr Creation Request,201,Created,Firs Test single user 1-1,text,true,,463,10422,1,1,http://localhost:3002/fir,6,0,0
1675771448451,5,FIr Creation Request,201,Created,Firs Test single user 1-1,text,true,,463,10422,1,1,http://localhost:3002/fir,5,0,0
1675771448457,7,FIr Creation Request,201,Created,Firs Test single user 1-1,text,true,,463,10422,1,1,http://localhost:3002/fir,7,0,1
1675771448465,7,FIr Creation Request,201,Created,Firs Test single user 1-1,text,true,,463,10422,1,1,http://localhost:3002/fir,7,0,0
1675771448473,6,FIr Creation Request,201,Created,Firs Test single user 1-1,text,true,,463,10422,1,1,http://localhost:3002/fir,6,0,1
1675771448481,6,FIr Creation Request,201,Created,Firs Test single user 1-1,text,true,,463,10422,1,1,http://localhost:3002/fir,6,0,0
1675771448488,7,FIr Creation Request,201,Created,Firs Test single user 1-1,text,true,,463,10422,1,1,http://localhost:3002/fir,7,0,0
1675771448496,9,FIr Creation Request,201,Created,Firs Test single user 1-1,text,true,,463,10422,1,1,http://localhost:3002/fir,9,0,0
1675771448506,8,FIr Creation Request,201,Created,Firs Test single user 1-1,text,true,,463,10422,1,1,http://localhost:3002/fir,8,0,1
1675771448515,7,FIr Creation Request,201,Created,Firs Test single user 1-1,text,true,,463,10422,1,1,http://localhost:3002/fir,7,0,1
1675771448523,7,FIr Creation Request,201,Created,Firs Test single user 1-1,text,true,,463,10422,1,1,http://localhost:3002/fir,7,0,0
1675771448531,9,FIr Creation Request,201,Created,Firs Test single user 1-1,text,true,,463,10422,1,1,http://localhost:3002/fir,9,0,0
1675771448542,5,FIr Creation Request,201,Created,Firs Test single user 1-1,text,true,,463,10422,1,1,http://localhost:3002/fir,5,0,0
1675771448549,9,FIr Creation Request,201,Created,Firs Test single user 1-1,text,true,,463,10422,1,1,http://localhost:3002/fir,9,0,0
1675771448560,5,FIr Creation Request,201,Created,Firs Test single user 1-1,text,true,,463,10422,1,1,http://localhost:3002/fir,5,0,0
1675771448567,6,FIr Creation Request,201,Created,Firs Test single user 1-1,text,true,,463,10422,1,1,http://localhost:3002/fir,6,0,0
1675771448575,6,FIr Creation Request,201,Created,Firs Test single user 1-1,text,true,,463,10422,1,1,http://localhost:3002/fir,6,0,0
1675771448582,11,FIr Creation Request,201,Created,Firs Test single user 1-1,text,true,,463,10422,1,1,http://localhost:3002/fir,11,0,0
1675771448595,6,FIr Creation Request,201,Created,Firs Test single user 1-1,text,true,,463,10422,1,1,http://localhost:3002/fir,6,0,0
1675771448602,6,FIr Creation Request,201,Created,Firs Test single user 1-1,text,true,,463,10422,1,1,http://localhost:3002/fir,6,0,0
1675771448609,10,FIr Creation Request,201,Created,Firs Test single user 1-1,text,true,,463,10422,1,1,http://localhost:3002/fir,10,0,1
1675771448621,7,FIr Creation Request,201,Created,Firs Test single user 1-1,text,true,,463,10422,1,1,http://localhost:3002/fir,7,0,0
1675771448629,6,FIr Creation Request,201,Created,Firs Test single user 1-1,text,true,,463,10422,1,1,http://localhost:3002/fir,6,0,0
1675771448636,6,FIr Creation Request,201,Created,Firs Test single user 1-1,text,true,,463,10422,1,1,http://localhost:3002/fir,6,0,1
1675771448643,7,FIr Creation Request,201,Created,Firs Test single user 1-1,text,true,,463,10422,1,1,http://localhost:3002/fir,7,0,1
1675771448651,6,FIr Creation Request,201,Created,Firs Test single user 1-1,text,true,,463,10422,1,1,http://localhost:3002/fir,6,0,0
1675771448658,5,FIr Creation Request,201,Created,Firs Test single user 1-1,text,true,,463,10422,1,1,http://localhost:3002/fir,5,0,0
1675771448665,7,FIr Creation Request,201,Created,Firs Test single user 1-1,text,true,,463,10422,1,1,http://localhost:3002/fir,7,0,0
1675771448673,9,FIr Creation Request,201,Created,Firs Test single user 1-1,text,true,,463,10422,1,1,http://localhost:3002/fir,9,0,1
1675771448684,10,FIr Creation Request,201,Created,Firs Test single user 1-1,text,true,,463,10422,1,1,http://localhost:3002/fir,10,0,0
1675771448695,6,FIr Creation Request,201,Created,Firs Test single user 1-1,text,true,,463,10422,1,1,http://localhost:3002/fir,6,0,0
1675771448702,7,FIr Creation Request,201,Created,Firs Test single user 1-1,text,true,,463,10422,1,1,http://localhost:3002/fir,7,0,0
1675771448710,8,FIr Creation Request,201,Created,Firs Test single user 1-1,text,true,,463,10422,1,1,http://localhost:3002/fir,8,0,1
1675771448723,8,FIr Creation Request,201,Created,Firs Test single user 1-1,text,true,,463,10422,1,1,http://localhost:3002/fir,8,0,0
1675771448732,7,FIr Creation Request,201,Created,Firs Test single user 1-1,text,true,,463,10422,1,1,http://localhost:3002/fir,7,0,0
1675771448740,7,FIr Creation Request,201,Created,Firs Test single user 1-1,text,true,,463,10422,1,1,http://localhost:3002/fir,7,0,1
1675771448748,7,FIr Creation Request,201,Created,Firs Test single user 1-1,text,true,,463,10422,1,1,http://localhost:3002/fir,7,0,1
1675771448756,8,FIr Creation Request,201,Created,Firs Test single user 1-1,text,true,,463,10422,1,1,http://localhost:3002/fir,8,0,1
1675771448765,8,FIr Creation Request,201,Created,Firs Test single user 1-1,text,true,,463,10422,1,1,http://localhost:3002/fir,8,0,0
1675771448774,7,FIr Creation Request,201,Created,Firs Test single user 1-1,text,true,,463,10422,1,1,http://localhost:3002/fir,7,0,0
1675771448782,7,FIr Creation Request,201,Created,Firs Test single user 1-1,text,true,,463,10422,1,1,http://localhost:3002/fir,7,0,0
1675771448791,7,FIr Creation Request,201,Created,Firs Test single user 1-1,text,true,,463,10422,1,1,http://localhost:3002/fir,7,0,0
1675771448799,6,FIr Creation Request,201,Created,Firs Test single user 1-1,text,true,,463,10422,1,1,http://localhost:3002/fir,6,0,0
1675771448806,6,FIr Creation Request,201,Created,Firs Test single user 1-1,text,true,,463,10422,1,1,http://localhost:3002/fir,6,0,0
1675771448813,7,FIr Creation Request,201,Created,Firs Test single user 1-1,text,true,,463,10422,1,1,http://localhost:3002/fir,7,0,1
1675771448821,6,FIr Creation Request,201,Created,Firs Test single user 1-1,text,true,,463,10422,1,1,http://localhost:3002/fir,6,0,0
1675771448828,7,FIr Creation Request,201,Created,Firs Test single user 1-1,text,true,,463,10422,1,1,http://localhost:3002/fir,7,0,0
1675771448836,9,FIr Creation Request,201,Created,Firs Test single user 1-1,text,true,,463,10422,1,1,http://localhost:3002/fir,9,0,0
1675771448846,6,FIr Creation Request,201,Created,Firs Test single user 1-1,text,true,,463,10422,1,1,http://localhost:3002/fir,6,0,0
1675771448853,6,FIr Creation Request,201,Created,Firs Test single user 1-1,text,true,,463,10422,1,1,http://localhost:3002/fir,6,0,1
1675771448863,8,FIr Creation Request,201,Created,Firs Test single user 1-1,text,true,,463,10422,1,1,http://localhost:3002/fir,8,0,0
1675771448872,14,FIr Creation Request,201,Created,Firs Test single user 1-1,text,true,,463,10422,1,1,http://localhost:3002/fir,14,0,0
1675771448887,7,FIr Creation Request,201,Created,Firs Test single user 1-1,text,true,,463,10422,1,1,http://localhost:3002/fir,7,0,0
1675771448896,32,FIr Creation Request,201,Created,Firs Test single user 1-1,text,true,,463,10422,1,1,http://localhost:3002/fir,32,0,0
1675771448929,6,FIr Creation Request,201,Created,Firs Test single user 1-1,text,true,,463,10422,1,1,http://localhost:3002/fir,6,0,0
1675771448937,6,FIr Creation Request,201,Created,Firs Test single user 1-1,text,true,,463,10422,1,1,http://localhost:3002/fir,6,0,0
1675771448944,7,FIr Creation Request,201,Created,Firs Test single user 1-1,text,true,,463,10422,1,1,http://localhost:3002/fir,7,0,0
1675771448953,7,FIr Creation Request,201,Created,Firs Test single user 1-1,text,true,,463,10422,1,1,http://localhost:3002/fir,7,0,0
1675771448961,7,FIr Creation Request,201,Created,Firs Test single user 1-1,text,true,,463,10422,1,1,http://localhost:3002/fir,7,0,0
1675771448969,7,FIr Creation Request,201,Created,Firs Test single user 1-1,text,true,,463,10422,1,1,http://localhost:3002/fir,7,0,0
1675771448977,7,FIr Creation Request,201,Created,Firs Test single user 1-1,text,true,,463,10422,1,1,http://localhost:3002/fir,7,0,1
1675771448985,7,FIr Creation Request,201,Created,Firs Test single user 1-1,text,true,,463,10422,1,1,http://localhost:3002/fir,7,0,0
1675771448994,7,FIr Creation Request,201,Created,Firs Test single user 1-1,text,true,,463,10422,1,1,http://localhost:3002/fir,7,0,0
1675771449002,7,FIr Creation Request,201,Created,Firs Test single user 1-1,text,true,,463,10422,1,1,http://localhost:3002/fir,7,0,0
1675771449011,6,FIr Creation Request,201,Created,Firs Test single user 1-1,text,true,,463,10422,1,1,http://localhost:3002/fir,6,0,0
1675771449019,6,FIr Creation Request,201,Created,Firs Test single user 1-1,text,true,,463,10422,1,1,http://localhost:3002/fir,6,0,0
1675771449026,6,FIr Creation Request,201,Created,Firs Test single user 1-1,text,true,,463,10422,1,1,http://localhost:3002/fir,6,0,0
1675771449033,6,FIr Creation Request,201,Created,Firs Test single user 1-1,text,true,,463,10422,1,1,http://localhost:3002/fir,6,0,0
1675771449040,7,FIr Creation Request,201,Created,Firs Test single user 1-1,text,true,,463,10422,1,1,http://localhost:3002/fir,7,0,1
1675771449048,7,FIr Creation Request,201,Created,Firs Test single user 1-1,text,true,,463,10422,1,1,http://localhost:3002/fir,7,0,1
1675771449057,7,FIr Creation Request,201,Created,Firs Test single user 1-1,text,true,,463,10422,1,1,http://localhost:3002/fir,7,0,0
1675771449066,11,FIr Creation Request,201,Created,Firs Test single user 1-1,text,true,,463,10422,1,1,http://localhost:3002/fir,11,0,0
1675771449078,7,FIr Creation Request,201,Created,Firs Test single user 1-1,text,true,,463,10422,1,1,http://localhost:3002/fir,7,0,0
1675771449086,7,FIr Creation Request,201,Created,Firs Test single user 1-1,text,true,,463,10422,1,1,http://localhost:3002/fir,7,0,0
1675771449094,12,FIr Creation Request,201,Created,Firs Test single user 1-1,text,true,,463,10422,1,1,http://localhost:3002/fir,12,0,0
1675771449107,402,FIr Creation Request,201,Created,Firs Test single user 1-1,text,true,,463,10422,1,1,http://localhost:3002/fir,402,0,1
1675771449510,6,FIr Creation Request,201,Created,Firs Test single user 1-1,text,true,,463,10422,1,1,http://localhost:3002/fir,6,0,0
1675771449517,7,FIr Creation Request,201,Created,Firs Test single user 1-1,text,true,,463,10422,1,1,http://localhost:3002/fir,7,0,0
1675771449525,241,FIr Creation Request,201,Created,Firs Test single user 1-1,text,true,,463,10422,1,1,http://localhost:3002/fir,241,0,0
1675771449768,30,FIr Creation Request,201,Created,Firs Test single user 1-1,text,true,,463,10422,1,1,http://localhost:3002/fir,30,0,0
1675771449800,9,FIr Creation Request,201,Created,Firs Test single user 1-1,text,true,,463,10422,1,1,http://localhost:3002/fir,9,0,0
1675771449810,7,FIr Creation Request,201,Created,Firs Test single user 1-1,text,true,,463,10422,1,1,http://localhost:3002/fir,7,0,0
1675771449818,7,FIr Creation Request,201,Created,Firs Test single user 1-1,text,true,,463,10422,1,1,http://localhost:3002/fir,7,0,1
1675771449826,8,FIr Creation Request,201,Created,Firs Test single user 1-1,text,true,,463,10422,1,1,http://localhost:3002/fir,8,0,0
1675771449835,6,FIr Creation Request,201,Created,Firs Test single user 1-1,text,true,,463,10422,1,1,http://localhost:3002/fir,6,0,0
1675771449842,6,FIr Creation Request,201,Created,Firs Test single user 1-1,text,true,,463,10422,1,1,http://localhost:3002/fir,6,0,1
1675771449849,6,FIr Creation Request,201,Created,Firs Test single user 1-1,text,true,,463,10422,1,1,http://localhost:3002/fir,6,0,0
1675771449857,5,FIr Creation Request,201,Created,Firs Test single user 1-1,text,true,,463,10422,1,1,http://localhost:3002/fir,5,0,0
1675771449864,6,FIr Creation Request,201,Created,Firs Test single user 1-1,text,true,,463,10422,1,1,http://localhost:3002/fir,6,0,0
1675771449871,7,FIr Creation Request,201,Created,Firs Test single user 1-1,text,true,,463,10422,1,1,http://localhost:3002/fir,7,0,0
1675771449885,10,FIr Creation Request,201,Created,Firs Test single user 1-1,text,true,,463,10422,1,1,http://localhost:3002/fir,10,0,0
1675771449896,6,FIr Creation Request,201,Created,Firs Test single user 1-1,text,true,,463,10422,1,1,http://localhost:3002/fir,6,0,0
1675771449903,7,FIr Creation Request,201,Created,Firs Test single user 1-1,text,true,,463,10422,1,1,http://localhost:3002/fir,7,0,0
1675771449911,6,FIr Creation Request,201,Created,Firs Test single user 1-1,text,true,,463,10422,1,1,http://localhost:3002/fir,6,0,1
1675771449918,9,FIr Creation Request,201,Created,Firs Test single user 1-1,text,true,,463,10422,1,1,http://localhost:3002/fir,9,0,0
1675771449929,5,FIr Creation Request,201,Created,Firs Test single user 1-1,text,true,,463,10422,1,1,http://localhost:3002/fir,5,0,0
1675771449936,10,FIr Creation Request,201,Created,Firs Test single user 1-1,text,true,,463,10422,1,1,http://localhost:3002/fir,10,0,0
1675771449947,6,FIr Creation Request,201,Created,Firs Test single user 1-1,text,true,,463,10422,1,1,http://localhost:3002/fir,6,0,1
1675771449954,6,FIr Creation Request,201,Created,Firs Test single user 1-1,text,true,,463,10422,1,1,http://localhost:3002/fir,6,0,0
1675771449961,8,FIr Creation Request,201,Created,Firs Test single user 1-1,text,true,,463,10422,1,1,http://localhost:3002/fir,8,0,0
1675771449971,8,FIr Creation Request,201,Created,Firs Test single user 1-1,text,true,,463,10422,1,1,http://localhost:3002/fir,8,0,0
1675771449980,7,FIr Creation Request,201,Created,Firs Test single user 1-1,text,true,,463,10422,1,1,http://localhost:3002/fir,7,0,0
1675771449988,5,FIr Creation Request,201,Created,Firs Test single user 1-1,text,true,,463,10422,1,1,http://localhost:3002/fir,5,0,1
1675771449995,6,FIr Creation Request,201,Created,Firs Test single user 1-1,text,true,,463,10422,1,1,http://localhost:3002/fir,6,0,0
1675771450003,5,FIr Creation Request,201,Created,Firs Test single user 1-1,text,true,,463,10422,1,1,http://localhost:3002/fir,5,0,0
1675771450009,6,FIr Creation Request,201,Created,Firs Test single user 1-1,text,true,,463,10422,1,1,http://localhost:3002/fir,6,0,1
1675771450016,10,FIr Creation Request,201,Created,Firs Test single user 1-1,text,true,,463,10422,1,1,http://localhost:3002/fir,10,0,1
1675771450027,8,FIr Creation Request,201,Created,Firs Test single user 1-1,text,true,,463,10422,1,1,http://localhost:3002/fir,8,0,0
1675771450036,7,FIr Creation Request,201,Created,Firs Test single user 1-1,text,true,,463,10422,1,1,http://localhost:3002/fir,7,0,0
1675771450044,6,FIr Creation Request,201,Created,Firs Test single user 1-1,text,true,,463,10422,1,1,http://localhost:3002/fir,6,0,0
1675771450051,6,FIr Creation Request,201,Created,Firs Test single user 1-1,text,true,,463,10422,1,1,http://localhost:3002/fir,6,0,0
1675771450058,7,FIr Creation Request,201,Created,Firs Test single user 1-1,text,true,,463,10422,1,1,http://localhost:3002/fir,7,0,0
1675771450066,6,FIr Creation Request,201,Created,Firs Test single user 1-1,text,true,,463,10422,1,1,http://localhost:3002/fir,6,0,0
1675771450073,6,FIr Creation Request,201,Created,Firs Test single user 1-1,text,true,,463,10422,1,1,http://localhost:3002/fir,6,0,0
1675771450080,6,FIr Creation Request,201,Created,Firs Test single user 1-1,text,true,,463,10422,1,1,http://localhost:3002/fir,6,0,0
1675771450087,6,FIr Creation Request,201,Created,Firs Test single user 1-1,text,true,,463,10422,1,1,http://localhost:3002/fir,6,0,0
1675771450094,7,FIr Creation Request,201,Created,Firs Test single user 1-1,text,true,,463,10422,1,1,http://localhost:3002/fir,7,0,0
1675771450103,6,FIr Creation Request,201,Created,Firs Test single user 1-1,text,true,,463,10422,1,1,http://localhost:3002/fir,6,0,0
1675771450110,6,FIr Creation Request,201,Created,Firs Test single user 1-1,text,true,,463,10422,1,1,http://localhost:3002/fir,6,0,1
1675771450117,9,FIr Creation Request,201,Created,Firs Test single user 1-1,text,true,,463,10422,1,1,http://localhost:3002/fir,9,0,0
1675771450128,12,FIr Creation Request,201,Created,Firs Test single user 1-1,text,true,,463,10422,1,1,http://localhost:3002/fir,12,0,0
1675771450141,7,FIr Creation Request,201,Created,Firs Test single user 1-1,text,true,,463,10422,1,1,http://localhost:3002/fir,7,0,0
1675771450149,12,FIr Creation Request,201,Created,Firs Test single user 1-1,text,true,,463,10422,1,1,http://localhost:3002/fir,12,0,1
1675771450162,7,FIr Creation Request,201,Created,Firs Test single user 1-1,text,true,,463,10422,1,1,http://localhost:3002/fir,7,0,0
1675771450170,7,FIr Creation Request,201,Created,Firs Test single user 1-1,text,true,,463,10422,1,1,http://localhost:3002/fir,7,0,0
1675771450179,6,FIr Creation Request,201,Created,Firs Test single user 1-1,text,true,,463,10422,1,1,http://localhost:3002/fir,6,0,0
1675771450186,6,FIr Creation Request,201,Created,Firs Test single user 1-1,text,true,,463,10422,1,1,http://localhost:3002/fir,6,0,0
1675771450194,5,FIr Creation Request,201,Created,Firs Test single user 1-1,text,true,,463,10422,1,1,http://localhost:3002/fir,5,0,0
1675771450201,6,FIr Creation Request,201,Created,Firs Test single user 1-1,text,true,,463,10422,1,1,http://localhost:3002/fir,6,0,0
1675771450208,7,FIr Creation Request,201,Created,Firs Test single user 1-1,text,true,,463,10422,1,1,http://localhost:3002/fir,7,0,0
1675771450216,8,FIr Creation Request,201,Created,Firs Test single user 1-1,text,true,,463,10422,1,1,http://localhost:3002/fir,8,0,0
1675771450225,7,FIr Creation Request,201,Created,Firs Test single user 1-1,text,true,,463,10422,1,1,http://localhost:3002/fir,7,0,0
1675771450233,7,FIr Creation Request,201,Created,Firs Test single user 1-1,text,true,,463,10422,1,1,http://localhost:3002/fir,7,0,0
1675771450241,8,FIr Creation Request,201,Created,Firs Test single user 1-1,text,true,,463,10422,1,1,http://localhost:3002/fir,8,0,1
1675771450258,10,FIr Creation Request,201,Created,Firs Test single user 1-1,text,true,,463,10422,1,1,http://localhost:3002/fir,10,0,0
1675771450270,7,FIr Creation Request,201,Created,Firs Test single user 1-1,text,true,,463,10422,1,1,http://localhost:3002/fir,7,0,0
1675771450278,8,FIr Creation Request,201,Created,Firs Test single user 1-1,text,true,,463,10422,1,1,http://localhost:3002/fir,8,0,1
1675771450287,7,FIr Creation Request,201,Created,Firs Test single user 1-1,text,true,,463,10422,1,1,http://localhost:3002/fir,7,0,0
1675771450295,7,FIr Creation Request,201,Created,Firs Test single user 1-1,text,true,,463,10422,1,1,http://localhost:3002/fir,7,0,0
1675771450303,8,FIr Creation Request,201,Created,Firs Test single user 1-1,text,true,,463,10422,1,1,http://localhost:3002/fir,8,0,1
1675771450312,7,FIr Creation Request,201,Created,Firs Test single user 1-1,text,true,,463,10422,1,1,http://localhost:3002/fir,7,0,0
1675771450321,6,FIr Creation Request,201,Created,Firs Test single user 1-1,text,true,,463,10422,1,1,http://localhost:3002/fir,6,0,0
1675771450328,8,FIr Creation Request,201,Created,Firs Test single user 1-1,text,true,,463,10422,1,1,http://localhost:3002/fir,8,0,0
1675771450337,15,FIr Creation Request,201,Created,Firs Test single user 1-1,text,true,,463,10422,1,1,http://localhost:3002/fir,15,0,0
1675771450353,9,FIr Creation Request,201,Created,Firs Test single user 1-1,text,true,,463,10422,1,1,http://localhost:3002/fir,9,0,1
1675771450364,10,FIr Creation Request,201,Created,Firs Test single user 1-1,text,true,,463,10422,1,1,http://localhost:3002/fir,10,0,0
1675771450375,10,FIr Creation Request,201,Created,Firs Test single user 1-1,text,true,,463,10422,1,1,http://localhost:3002/fir,10,0,1
1675771450386,8,FIr Creation Request,201,Created,Firs Test single user 1-1,text,true,,463,10422,1,1,http://localhost:3002/fir,8,0,0
1675771450396,9,FIr Creation Request,201,Created,Firs Test single user 1-1,text,true,,463,10422,1,1,http://localhost:3002/fir,9,0,1
1675771450407,5,FIr Creation Request,201,Created,Firs Test single user 1-1,text,true,,463,10422,1,1,http://localhost:3002/fir,5,0,0
1675771450413,10,FIr Creation Request,201,Created,Firs Test single user 1-1,text,true,,463,10422,1,1,http://localhost:3002/fir,10,0,1
1675771450424,6,FIr Creation Request,201,Created,Firs Test single user 1-1,text,true,,463,10422,1,1,http://localhost:3002/fir,6,0,0
1675771450431,5,FIr Creation Request,201,Created,Firs Test single user 1-1,text,true,,463,10422,1,1,http://localhost:3002/fir,5,0,0
1675771450437,6,FIr Creation Request,201,Created,Firs Test single user 1-1,text,true,,463,10422,1,1,http://localhost:3002/fir,6,0,0
1675771450444,6,FIr Creation Request,201,Created,Firs Test single user 1-1,text,true,,463,10422,1,1,http://localhost:3002/fir,6,0,0
1675771450452,5,FIr Creation Request,201,Created,Firs Test single user 1-1,text,true,,463,10422,1,1,http://localhost:3002/fir,5,0,0
1675771450458,8,FIr Creation Request,201,Created,Firs Test single user 1-1,text,true,,463,10422,1,1,http://localhost:3002/fir,8,0,0
1675771450467,6,FIr Creation Request,201,Created,Firs Test single user 1-1,text,true,,463,10422,1,1,http://localhost:3002/fir,6,0,0
1675771450475,10,FIr Creation Request,201,Created,Firs Test single user 1-1,text,true,,463,10422,1,1,http://localhost:3002/fir,10,0,0
1675771450487,6,FIr Creation Request,201,Created,Firs Test single user 1-1,text,true,,463,10422,1,1,http://localhost:3002/fir,6,0,0
1675771450495,858,FIr Creation Request,201,Created,Firs Test single user 1-1,text,true,,463,10422,1,1,http://localhost:3002/fir,858,0,0
1675771451358,13,FIr Creation Request,201,Created,Firs Test single user 1-1,text,true,,463,10422,1,1,http://localhost:3002/fir,13,0,0
1675771451373,24,FIr Creation Request,201,Created,Firs Test single user 1-1,text,true,,463,10422,1,1,http://localhost:3002/fir,24,0,0
1675771451399,6,FIr Creation Request,201,Created,Firs Test single user 1-1,text,true,,463,10422,1,1,http://localhost:3002/fir,6,0,0
1675771451413,6,FIr Creation Request,201,Created,Firs Test single user 1-1,text,true,,463,10422,1,1,http://localhost:3002/fir,6,0,0
1675771451421,9,FIr Creation Request,201,Created,Firs Test single user 1-1,text,true,,463,10422,1,1,http://localhost:3002/fir,9,0,0
1675771451431,8,FIr Creation Request,201,Created,Firs Test single user 1-1,text,true,,463,10422,1,1,http://localhost:3002/fir,8,0,0
1675771451441,7,FIr Creation Request,201,Created,Firs Test single user 1-1,text,true,,463,10422,1,1,http://localhost:3002/fir,7,0,0
1675771451449,6,FIr Creation Request,201,Created,Firs Test single user 1-1,text,true,,463,10422,1,1,http://localhost:3002/fir,6,0,0
1675771451456,6,FIr Creation Request,201,Created,Firs Test single user 1-1,text,true,,463,10422,1,1,http://localhost:3002/fir,6,0,1
1675771451463,7,FIr Creation Request,201,Created,Firs Test single user 1-1,text,true,,463,10422,1,1,http://localhost:3002/fir,7,0,1
1675771451471,6,FIr Creation Request,201,Created,Firs Test single user 1-1,text,true,,463,10422,1,1,http://localhost:3002/fir,6,0,1
1675771451478,8,FIr Creation Request,201,Created,Firs Test single user 1-1,text,true,,463,10422,1,1,http://localhost:3002/fir,8,0,1
1675771451488,6,FIr Creation Request,201,Created,Firs Test single user 1-1,text,true,,463,10422,1,1,http://localhost:3002/fir,6,0,0
1675771451495,7,FIr Creation Request,201,Created,Firs Test single user 1-1,text,true,,463,10422,1,1,http://localhost:3002/fir,7,0,0
1675771451503,6,FIr Creation Request,201,Created,Firs Test single user 1-1,text,true,,463,10422,1,1,http://localhost:3002/fir,6,0,1
1675771451510,7,FIr Creation Request,201,Created,Firs Test single user 1-1,text,true,,463,10422,1,1,http://localhost:3002/fir,7,0,0
1675771451518,7,FIr Creation Request,201,Created,Firs Test single user 1-1,text,true,,463,10422,1,1,http://localhost:3002/fir,7,0,0
1675771451526,10,FIr Creation Request,201,Created,Firs Test single user 1-1,text,true,,463,10422,1,1,http://localhost:3002/fir,10,0,0
1675771451537,8,FIr Creation Request,201,Created,Firs Test single user 1-1,text,true,,463,10422,1,1,http://localhost:3002/fir,8,0,1
1675771451546,7,FIr Creation Request,201,Created,Firs Test single user 1-1,text,true,,463,10422,1,1,http://localhost:3002/fir,7,0,0
1675771451555,6,FIr Creation Request,201,Created,Firs Test single user 1-1,text,true,,463,10422,1,1,http://localhost:3002/fir,6,0,0
1675771451562,6,FIr Creation Request,201,Created,Firs Test single user 1-1,text,true,,463,10422,1,1,http://localhost:3002/fir,6,0,0
1675771451569,7,FIr Creation Request,201,Created,Firs Test single user 1-1,text,true,,463,10422,1,1,http://localhost:3002/fir,7,0,1
1675771451577,6,FIr Creation Request,201,Created,Firs Test single user 1-1,text,true,,463,10422,1,1,http://localhost:3002/fir,6,0,0
1675771451584,8,FIr Creation Request,201,Created,Firs Test single user 1-1,text,true,,463,10422,1,1,http://localhost:3002/fir,8,0,0
1675771451593,11,FIr Creation Request,201,Created,Firs Test single user 1-1,text,true,,463,10422,1,1,http://localhost:3002/fir,11,0,0
1675771451605,6,FIr Creation Request,201,Created,Firs Test single user 1-1,text,true,,463,10422,1,1,http://localhost:3002/fir,6,0,0
1675771451613,7,FIr Creation Request,201,Created,Firs Test single user 1-1,text,true,,463,10422,1,1,http://localhost:3002/fir,7,0,0
1675771451622,5,FIr Creation Request,201,Created,Firs Test single user 1-1,text,true,,463,10422,1,1,http://localhost:3002/fir,5,0,0
1675771451628,7,FIr Creation Request,201,Created,Firs Test single user 1-1,text,true,,463,10422,1,1,http://localhost:3002/fir,7,0,1
1675771451636,9,FIr Creation Request,201,Created,Firs Test single user 1-1,text,true,,463,10422,1,1,http://localhost:3002/fir,9,0,0
1675771451647,7,FIr Creation Request,201,Created,Firs Test single user 1-1,text,true,,463,10422,1,1,http://localhost:3002/fir,7,0,0
1675771451655,7,FIr Creation Request,201,Created,Firs Test single user 1-1,text,true,,463,10422,1,1,http://localhost:3002/fir,7,0,0
1675771451663,8,FIr Creation Request,201,Created,Firs Test single user 1-1,text,true,,463,10422,1,1,http://localhost:3002/fir,8,0,1
1675771451672,6,FIr Creation Request,201,Created,Firs Test single user 1-1,text,true,,463,10422,1,1,http://localhost:3002/fir,6,0,0
1675771451679,8,FIr Creation Request,201,Created,Firs Test single user 1-1,text,true,,463,10422,1,1,http://localhost:3002/fir,8,0,1
1675771451688,6,FIr Creation Request,201,Created,Firs Test single user 1-1,text,true,,463,10422,1,1,http://localhost:3002/fir,6,0,0
1675771451695,6,FIr Creation Request,201,Created,Firs Test single user 1-1,text,true,,463,10422,1,1,http://localhost:3002/fir,6,0,0
1675771451702,9,FIr Creation Request,201,Created,Firs Test single user 1-1,text,true,,463,10422,1,1,http://localhost:3002/fir,9,0,1
1675771451712,6,FIr Creation Request,201,Created,Firs Test single user 1-1,text,true,,463,10422,1,1,http://localhost:3002/fir,6,0,0
1675771451719,8,FIr Creation Request,201,Created,Firs Test single user 1-1,text,true,,463,10422,1,1,http://localhost:3002/fir,8,0,0
1675771451728,7,FIr Creation Request,201,Created,Firs Test single user 1-1,text,true,,463,10422,1,1,http://localhost:3002/fir,7,0,0
1675771451736,6,FIr Creation Request,201,Created,Firs Test single user 1-1,text,true,,463,10422,1,1,http://localhost:3002/fir,6,0,0
1675771451744,6,FIr Creation Request,201,Created,Firs Test single user 1-1,text,true,,463,10422,1,1,http://localhost:3002/fir,6,0,0
1675771451751,7,FIr Creation Request,201,Created,Firs Test single user 1-1,text,true,,463,10422,1,1,http://localhost:3002/fir,7,0,0
1675771451760,7,FIr Creation Request,201,Created,Firs Test single user 1-1,text,true,,463,10422,1,1,http://localhost:3002/fir,7,0,0
1675771451768,11,FIr Creation Request,201,Created,Firs Test single user 1-1,text,true,,463,10422,1,1,http://localhost:3002/fir,11,0,0
1675771451786,11,FIr Creation Request,201,Created,Firs Test single user 1-1,text,true,,463,10422,1,1,http://localhost:3002/fir,11,0,0
1675771451798,6,FIr Creation Request,201,Created,Firs Test single user 1-1,text,true,,463,10422,1,1,http://localhost:3002/fir,6,0,0
1675771451805,8,FIr Creation Request,201,Created,Firs Test single user 1-1,text,true,,463,10422,1,1,http://localhost:3002/fir,8,0,1
1675771451814,7,FIr Creation Request,201,Created,Firs Test single user 1-1,text,true,,463,10422,1,1,http://localhost:3002/fir,7,0,0
1675771451822,6,FIr Creation Request,201,Created,Firs Test single user 1-1,text,true,,463,10422,1,1,http://localhost:3002/fir,6,0,0
1675771451830,11,FIr Creation Request,201,Created,Firs Test single user 1-1,text,true,,463,10422,1,1,http://localhost:3002/fir,11,0,0
1675771451842,7,FIr Creation Request,201,Created,Firs Test single user 1-1,text,true,,463,10422,1,1,http://localhost:3002/fir,7,0,1
1675771451850,9,FIr Creation Request,201,Created,Firs Test single user 1-1,text,true,,463,10422,1,1,http://localhost:3002/fir,9,0,0
1675771451861,6,FIr Creation Request,201,Created,Firs Test single user 1-1,text,true,,463,10422,1,1,http://localhost:3002/fir,6,0,0
1675771451869,224,FIr Creation Request,201,Created,Firs Test single user 1-1,text,true,,463,10422,1,1,http://localhost:3002/fir,224,0,0
1675771452098,170,FIr Creation Request,201,Created,Firs Test single user 1-1,text,true,,463,10422,1,1,http://localhost:3002/fir,170,0,0
1675771452271,10,FIr Creation Request,201,Created,Firs Test single user 1-1,text,true,,463,10422,1,1,http://localhost:3002/fir,10,0,1
1675771452282,9,FIr Creation Request,201,Created,Firs Test single user 1-1,text,true,,463,10422,1,1,http://localhost:3002/fir,9,0,0
1675771452299,12,FIr Creation Request,201,Created,Firs Test single user 1-1,text,true,,463,10422,1,1,http://localhost:3002/fir,12,0,0
1675771452313,7,FIr Creation Request,201,Created,Firs Test single user 1-1,text,true,,463,10422,1,1,http://localhost:3002/fir,7,0,0
1675771452321,6,FIr Creation Request,201,Created,Firs Test single user 1-1,text,true,,463,10422,1,1,http://localhost:3002/fir,6,0,1
1675771452329,6,FIr Creation Request,201,Created,Firs Test single user 1-1,text,true,,463,10422,1,1,http://localhost:3002/fir,6,0,0
1675771452336,14,FIr Creation Request,201,Created,Firs Test single user 1-1,text,true,,463,10422,1,1,http://localhost:3002/fir,14,0,0
1675771452351,7,FIr Creation Request,201,Created,Firs Test single user 1-1,text,true,,463,10422,1,1,http://localhost:3002/fir,7,0,1
1675771452359,9,FIr Creation Request,201,Created,Firs Test single user 1-1,text,true,,463,10422,1,1,http://localhost:3002/fir,9,0,0
1675771452369,6,FIr Creation Request,201,Created,Firs Test single user 1-1,text,true,,463,10422,1,1,http://localhost:3002/fir,6,0,0
1675771452377,6,FIr Creation Request,201,Created,Firs Test single user 1-1,text,true,,463,10422,1,1,http://localhost:3002/fir,6,0,0
1675771452385,6,FIr Creation Request,201,Created,Firs Test single user 1-1,text,true,,463,10422,1,1,http://localhost:3002/fir,6,0,0
1675771452393,7,FIr Creation Request,201,Created,Firs Test single user 1-1,text,true,,463,10422,1,1,http://localhost:3002/fir,7,0,0
1675771452401,7,FIr Creation Request,201,Created,Firs Test single user 1-1,text,true,,463,10422,1,1,http://localhost:3002/fir,7,0,0
1675771452409,8,FIr Creation Request,201,Created,Firs Test single user 1-1,text,true,,463,10422,1,1,http://localhost:3002/fir,8,0,0
1675771452418,7,FIr Creation Request,201,Created,Firs Test single user 1-1,text,true,,463,10422,1,1,http://localhost:3002/fir,7,0,0
1675771452426,7,FIr Creation Request,201,Created,Firs Test single user 1-1,text,true,,463,10422,1,1,http://localhost:3002/fir,7,0,1
1675771452437,10,FIr Creation Request,201,Created,Firs Test single user 1-1,text,true,,463,10422,1,1,http://localhost:3002/fir,10,0,0
1675771452448,6,FIr Creation Request,201,Created,Firs Test single user 1-1,text,true,,463,10422,1,1,http://localhost:3002/fir,6,0,0
1675771452455,7,FIr Creation Request,201,Created,Firs Test single user 1-1,text,true,,463,10422,1,1,http://localhost:3002/fir,7,0,1
1675771452463,7,FIr Creation Request,201,Created,Firs Test single user 1-1,text,true,,463,10422,1,1,http://localhost:3002/fir,7,0,0
1675771452471,7,FIr Creation Request,201,Created,Firs Test single user 1-1,text,true,,463,10422,1,1,http://localhost:3002/fir,7,0,1
1675771452479,9,FIr Creation Request,201,Created,Firs Test single user 1-1,text,true,,463,10422,1,1,http://localhost:3002/fir,9,0,0
1675771452490,5,FIr Creation Request,201,Created,Firs Test single user 1-1,text,true,,463,10422,1,1,http://localhost:3002/fir,5,0,0
1675771452497,6,FIr Creation Request,201,Created,Firs Test single user 1-1,text,true,,463,10422,1,1,http://localhost:3002/fir,6,0,0
1675771452505,7,FIr Creation Request,201,Created,Firs Test single user 1-1,text,true,,463,10422,1,1,http://localhost:3002/fir,7,0,0
1675771452513,7,FIr Creation Request,201,Created,Firs Test single user 1-1,text,true,,463,10422,1,1,http://localhost:3002/fir,7,0,1
1675771452521,8,FIr Creation Request,201,Created,Firs Test single user 1-1,text,true,,463,10422,1,1,http://localhost:3002/fir,8,0,1
1675771452530,7,FIr Creation Request,201,Created,Firs Test single user 1-1,text,true,,463,10422,1,1,http://localhost:3002/fir,7,0,0
1675771452538,7,FIr Creation Request,201,Created,Firs Test single user 1-1,text,true,,463,10422,1,1,http://localhost:3002/fir,7,0,0
1675771452547,7,FIr Creation Request,201,Created,Firs Test single user 1-1,text,true,,463,10422,1,1,http://localhost:3002/fir,7,0,0
1675771452555,7,FIr Creation Request,201,Created,Firs Test single user 1-1,text,true,,463,10422,1,1,http://localhost:3002/fir,7,0,1
1675771452563,7,FIr Creation Request,201,Created,Firs Test single user 1-1,text,true,,463,10422,1,1,http://localhost:3002/fir,7,0,0
1675771452572,8,FIr Creation Request,201,Created,Firs Test single user 1-1,text,true,,463,10422,1,1,http://localhost:3002/fir,8,0,0
1675771452581,6,FIr Creation Request,201,Created,Firs Test single user 1-1,text,true,,463,10422,1,1,http://localhost:3002/fir,6,0,0
1675771452588,8,FIr Creation Request,201,Created,Firs Test single user 1-1,text,true,,463,10422,1,1,http://localhost:3002/fir,8,0,1
1675771452597,7,FIr Creation Request,201,Created,Firs Test single user 1-1,text,true,,463,10422,1,1,http://localhost:3002/fir,7,0,0
1675771452605,7,FIr Creation Request,201,Created,Firs Test single user 1-1,text,true,,463,10422,1,1,http://localhost:3002/fir,7,0,1
1675771452614,6,FIr Creation Request,201,Created,Firs Test single user 1-1,text,true,,463,10422,1,1,http://localhost:3002/fir,6,0,0
1675771452622,7,FIr Creation Request,201,Created,Firs Test single user 1-1,text,true,,463,10422,1,1,http://localhost:3002/fir,7,0,0
1675771452630,7,FIr Creation Request,201,Created,Firs Test single user 1-1,text,true,,463,10422,1,1,http://localhost:3002/fir,7,0,1
1675771452638,7,FIr Creation Request,201,Created,Firs Test single user 1-1,text,true,,463,10422,1,1,http://localhost:3002/fir,7,0,0
1675771452647,7,FIr Creation Request,201,Created,Firs Test single user 1-1,text,true,,463,10422,1,1,http://localhost:3002/fir,7,0,0
1675771452655,8,FIr Creation Request,201,Created,Firs Test single user 1-1,text,true,,463,10422,1,1,http://localhost:3002/fir,8,0,0
1675771452664,6,FIr Creation Request,201,Created,Firs Test single user 1-1,text,true,,463,10422,1,1,http://localhost:3002/fir,6,0,0
1675771452672,7,FIr Creation Request,201,Created,Firs Test single user 1-1,text,true,,463,10422,1,1,http://localhost:3002/fir,7,0,0
1675771452680,41,FIr Creation Request,201,Created,Firs Test single user 1-1,text,true,,463,10422,1,1,http://localhost:3002/fir,41,0,0
1675771452723,7,FIr Creation Request,201,Created,Firs Test single user 1-1,text,true,,463,10422,1,1,http://localhost:3002/fir,7,0,1
1675771452731,7,FIr Creation Request,201,Created,Firs Test single user 1-1,text,true,,463,10422,1,1,http://localhost:3002/fir,7,0,1
1675771452739,7,FIr Creation Request,201,Created,Firs Test single user 1-1,text,true,,463,10422,1,1,http://localhost:3002/fir,7,0,1
1675771452747,8,FIr Creation Request,201,Created,Firs Test single user 1-1,text,true,,463,10422,1,1,http://localhost:3002/fir,8,0,0
1675771452756,7,FIr Creation Request,201,Created,Firs Test single user 1-1,text,true,,463,10422,1,1,http://localhost:3002/fir,6,0,0
1675771452764,7,FIr Creation Request,201,Created,Firs Test single user 1-1,text,true,,463,10422,1,1,http://localhost:3002/fir,7,0,0
1675771452772,7,FIr Creation Request,201,Created,Firs Test single user 1-1,text,true,,463,10422,1,1,http://localhost:3002/fir,7,0,0
1675771452780,7,FIr Creation Request,201,Created,Firs Test single user 1-1,text,true,,463,10422,1,1,http://localhost:3002/fir,7,0,1
1675771452789,7,FIr Creation Request,201,Created,Firs Test single user 1-1,text,true,,463,10422,1,1,http://localhost:3002/fir,7,0,0
1675771452797,7,FIr Creation Request,201,Created,Firs Test single user 1-1,text,true,,463,10422,1,1,http://localhost:3002/fir,7,0,0
1675771452810,12,FIr Creation Request,201,Created,Firs Test single user 1-1,text,true,,463,10422,1,1,http://localhost:3002/fir,12,0,0
1675771452823,6,FIr Creation Request,201,Created,Firs Test single user 1-1,text,true,,463,10422,1,1,http://localhost:3002/fir,6,0,0
1675771452831,7,FIr Creation Request,201,Created,Firs Test single user 1-1,text,true,,463,10422,1,1,http://localhost:3002/fir,7,0,0
1675771452839,7,FIr Creation Request,201,Created,Firs Test single user 1-1,text,true,,463,10422,1,1,http://localhost:3002/fir,7,0,0
1675771452847,7,FIr Creation Request,201,Created,Firs Test single user 1-1,text,true,,463,10422,1,1,http://localhost:3002/fir,7,0,1
1675771452856,8,FIr Creation Request,201,Created,Firs Test single user 1-1,text,true,,463,10422,1,1,http://localhost:3002/fir,8,0,0
1675771452865,6,FIr Creation Request,201,Created,Firs Test single user 1-1,text,true,,463,10422,1,1,http://localhost:3002/fir,6,0,1
1675771452873,6,FIr Creation Request,201,Created,Firs Test single user 1-1,text,true,,463,10422,1,1,http://localhost:3002/fir,6,0,0
1675771452880,7,FIr Creation Request,201,Created,Firs Test single user 1-1,text,true,,463,10422,1,1,http://localhost:3002/fir,7,0,1
1675771452889,7,FIr Creation Request,201,Created,Firs Test single user 1-1,text,true,,463,10422,1,1,http://localhost:3002/fir,7,0,0
1675771452897,7,FIr Creation Request,201,Created,Firs Test single user 1-1,text,true,,463,10422,1,1,http://localhost:3002/fir,7,0,0
1675771452905,7,FIr Creation Request,201,Created,Firs Test single user 1-1,text,true,,463,10422,1,1,http://localhost:3002/fir,7,0,0
1675771452913,7,FIr Creation Request,201,Created,Firs Test single user 1-1,text,true,,463,10422,1,1,http://localhost:3002/fir,7,0,0
1675771452922,7,FIr Creation Request,201,Created,Firs Test single user 1-1,text,true,,463,10422,1,1,http://localhost:3002/fir,7,0,0
1675771452930,7,FIr Creation Request,201,Created,Firs Test single user 1-1,text,true,,463,10422,1,1,http://localhost:3002/fir,7,0,1
1675771452939,7,FIr Creation Request,201,Created,Firs Test single user 1-1,text,true,,463,10422,1,1,http://localhost:3002/fir,7,0,0
1675771452950,9,FIr Creation Request,201,Created,Firs Test single user 1-1,text,true,,463,10422,1,1,http://localhost:3002/fir,9,0,1
1675771452960,6,FIr Creation Request,201,Created,Firs Test single user 1-1,text,true,,463,10422,1,1,http://localhost:3002/fir,6,0,0
1675771452967,7,FIr Creation Request,201,Created,Firs Test single user 1-1,text,true,,463,10422,1,1,http://localhost:3002/fir,7,0,1
1675771452975,6,FIr Creation Request,201,Created,Firs Test single user 1-1,text,true,,463,10422,1,1,http://localhost:3002/fir,6,0,0
1675771452982,7,FIr Creation Request,201,Created,Firs Test single user 1-1,text,true,,463,10422,1,1,http://localhost:3002/fir,7,0,1
1675771452990,6,FIr Creation Request,201,Created,Firs Test single user 1-1,text,true,,463,10422,1,1,http://localhost:3002/fir,6,0,0
1675771452998,7,FIr Creation Request,201,Created,Firs Test single user 1-1,text,true,,463,10422,1,1,http://localhost:3002/fir,7,0,0
1675771453006,9,FIr Creation Request,201,Created,Firs Test single user 1-1,text,true,,463,10422,1,1,http://localhost:3002/fir,9,0,0
1675771453016,6,FIr Creation Request,201,Created,Firs Test single user 1-1,text,true,,463,10422,1,1,http://localhost:3002/fir,6,0,0
1675771453023,8,FIr Creation Request,201,Created,Firs Test single user 1-1,text,true,,463,10422,1,1,http://localhost:3002/fir,8,0,1
1675771453032,6,FIr Creation Request,201,Created,Firs Test single user 1-1,text,true,,463,10422,1,1,http://localhost:3002/fir,6,0,0
1675771453039,6,FIr Creation Request,201,Created,Firs Test single user 1-1,text,true,,463,10422,1,1,http://localhost:3002/fir,6,0,1
1675771453046,6,FIr Creation Request,201,Created,Firs Test single user 1-1,text,true,,463,10422,1,1,http://localhost:3002/fir,6,0,1
1675771453054,5,FIr Creation Request,201,Created,Firs Test single user 1-1,text,true,,463,10422,1,1,http://localhost:3002/fir,5,0,0
1675771453061,6,FIr Creation Request,201,Created,Firs Test single user 1-1,text,true,,463,10422,1,1,http://localhost:3002/fir,6,0,0
1675771453068,8,FIr Creation Request,201,Created,Firs Test single user 1-1,text,true,,463,10422,1,1,http://localhost:3002/fir,8,0,1
1675771453077,7,FIr Creation Request,201,Created,Firs Test single user 1-1,text,true,,463,10422,1,1,http://localhost:3002/fir,7,0,0
1675771453086,9,FIr Creation Request,201,Created,Firs Test single user 1-1,text,true,,463,10422,1,1,http://localhost:3002/fir,9,0,0
1675771453097,7,FIr Creation Request,201,Created,Firs Test single user 1-1,text,true,,463,10422,1,1,http://localhost:3002/fir,7,0,0
1675771453105,8,FIr Creation Request,201,Created,Firs Test single user 1-1,text,true,,463,10422,1,1,http://localhost:3002/fir,8,0,1
1675771453114,6,FIr Creation Request,201,Created,Firs Test single user 1-1,text,true,,463,10422,1,1,http://localhost:3002/fir,6,0,1
1675771453122,7,FIr Creation Request,201,Created,Firs Test single user 1-1,text,true,,463,10422,1,1,http://localhost:3002/fir,7,0,0
1675771453131,6,FIr Creation Request,201,Created,Firs Test single user 1-1,text,true,,463,10422,1,1,http://localhost:3002/fir,6,0,0
1675771453138,7,FIr Creation Request,201,Created,Firs Test single user 1-1,text,true,,463,10422,1,1,http://localhost:3002/fir,7,0,0
1675771453146,6,FIr Creation Request,201,Created,Firs Test single user 1-1,text,true,,463,10422,1,1,http://localhost:3002/fir,6,0,0
1675771453154,6,FIr Creation Request,201,Created,Firs Test single user 1-1,text,true,,463,10422,1,1,http://localhost:3002/fir,6,0,0
1675771453161,6,FIr Creation Request,201,Created,Firs Test single user 1-1,text,true,,463,10422,1,1,http://localhost:3002/fir,6,0,0
1675771453168,6,FIr Creation Request,201,Created,Firs Test single user 1-1,text,true,,463,10422,1,1,http://localhost:3002/fir,6,0,0
1675771453175,6,FIr Creation Request,201,Created,Firs Test single user 1-1,text,true,,463,10422,1,1,http://localhost:3002/fir,6,0,0
1675771453182,6,FIr Creation Request,201,Created,Firs Test single user 1-1,text,true,,463,10422,1,1,http://localhost:3002/fir,6,0,0
1675771453189,11,FIr Creation Request,201,Created,Firs Test single user 1-1,text,true,,463,10422,1,1,http://localhost:3002/fir,11,0,0
1675771453201,856,FIr Creation Request,201,Created,Firs Test single user 1-1,text,true,,463,10422,1,1,http://localhost:3002/fir,856,0,0
1675771454060,174,FIr Creation Request,201,Created,Firs Test single user 1-1,text,true,,463,10422,1,1,http://localhost:3002/fir,174,0,0
1675771454238,256,FIr Creation Request,201,Created,Firs Test single user 1-1,text,true,,463,10422,1,1,http://localhost:3002/fir,256,0,0
1675771454496,11,FIr Creation Request,201,Created,Firs Test single user 1-1,text,true,,463,10422,1,1,http://localhost:3002/fir,11,0,0
1675771454508,8,FIr Creation Request,201,Created,Firs Test single user 1-1,text,true,,463,10422,1,1,http://localhost:3002/fir,8,0,0
1675771454517,13,FIr Creation Request,201,Created,Firs Test single user 1-1,text,true,,463,10422,1,1,http://localhost:3002/fir,13,0,0
1675771454531,10,FIr Creation Request,201,Created,Firs Test single user 1-1,text,true,,463,10422,1,1,http://localhost:3002/fir,10,0,0
1675771454542,7,FIr Creation Request,201,Created,Firs Test single user 1-1,text,true,,463,10422,1,1,http://localhost:3002/fir,7,0,0
1675771454551,230,FIr Creation Request,201,Created,Firs Test single user 1-1,text,true,,463,10422,1,1,http://localhost:3002/fir,230,0,0
1675771454784,11,FIr Creation Request,201,Created,Firs Test single user 1-1,text,true,,463,10422,1,1,http://localhost:3002/fir,11,0,1
1675771454796,7,FIr Creation Request,201,Created,Firs Test single user 1-1,text,true,,463,10422,1,1,http://localhost:3002/fir,7,0,1
1675771454805,6,FIr Creation Request,201,Created,Firs Test single user 1-1,text,true,,463,10422,1,1,http://localhost:3002/fir,6,0,0
1675771454878,6,FIr Creation Request,201,Created,Firs Test single user 1-1,text,true,,463,10422,1,1,http://localhost:3002/fir,6,0,0
1675771454885,8,FIr Creation Request,201,Created,Firs Test single user 1-1,text,true,,463,10422,1,1,http://localhost:3002/fir,8,0,1
1675771454894,6,FIr Creation Request,201,Created,Firs Test single user 1-1,text,true,,463,10422,1,1,http://localhost:3002/fir,6,0,0
1675771454901,6,FIr Creation Request,201,Created,Firs Test single user 1-1,text,true,,463,10422,1,1,http://localhost:3002/fir,6,0,0
1675771454908,11,FIr Creation Request,201,Created,Firs Test single user 1-1,text,true,,463,10422,1,1,http://localhost:3002/fir,11,0,0
1675771454920,7,FIr Creation Request,201,Created,Firs Test single user 1-1,text,true,,463,10422,1,1,http://localhost:3002/fir,7,0,0
1675771454929,6,FIr Creation Request,201,Created,Firs Test single user 1-1,text,true,,463,10422,1,1,http://localhost:3002/fir,6,0,0
1675771454936,7,FIr Creation Request,201,Created,Firs Test single user 1-1,text,true,,463,10422,1,1,http://localhost:3002/fir,7,0,0
1675771454945,8,FIr Creation Request,201,Created,Firs Test single user 1-1,text,true,,463,10422,1,1,http://localhost:3002/fir,8,0,0
1675771454954,7,FIr Creation Request,201,Created,Firs Test single user 1-1,text,true,,463,10422,1,1,http://localhost:3002/fir,7,0,0
1675771454963,7,FIr Creation Request,201,Created,Firs Test single user 1-1,text,true,,463,10422,1,1,http://localhost:3002/fir,7,0,0
1675771454971,7,FIr Creation Request,201,Created,Firs Test single user 1-1,text,true,,463,10422,1,1,http://localhost:3002/fir,7,0,0
1675771454979,7,FIr Creation Request,201,Created,Firs Test single user 1-1,text,true,,463,10422,1,1,http://localhost:3002/fir,7,0,0
1675771454993,7,FIr Creation Request,201,Created,Firs Test single user 1-1,text,true,,463,10422,1,1,http://localhost:3002/fir,7,0,0
1675771455002,6,FIr Creation Request,201,Created,Firs Test single user 1-1,text,true,,463,10422,1,1,http://localhost:3002/fir,6,0,0
1675771455009,10,FIr Creation Request,201,Created,Firs Test single user 1-1,text,true,,463,10422,1,1,http://localhost:3002/fir,10,0,0
1675771455020,7,FIr Creation Request,201,Created,Firs Test single user 1-1,text,true,,463,10422,1,1,http://localhost:3002/fir,7,0,0
1675771455028,8,FIr Creation Request,201,Created,Firs Test single user 1-1,text,true,,463,10422,1,1,http://localhost:3002/fir,8,0,1
1675771455037,7,FIr Creation Request,201,Created,Firs Test single user 1-1,text,true,,463,10422,1,1,http://localhost:3002/fir,7,0,0
1675771455045,7,FIr Creation Request,201,Created,Firs Test single user 1-1,text,true,,463,10422,1,1,http://localhost:3002/fir,7,0,0
1675771455053,8,FIr Creation Request,201,Created,Firs Test single user 1-1,text,true,,463,10422,1,1,http://localhost:3002/fir,8,0,0
1675771455063,6,FIr Creation Request,201,Created,Firs Test single user 1-1,text,true,,463,10422,1,1,http://localhost:3002/fir,6,0,0
1675771455070,7,FIr Creation Request,201,Created,Firs Test single user 1-1,text,true,,463,10422,1,1,http://localhost:3002/fir,7,0,0
1675771455078,7,FIr Creation Request,201,Created,Firs Test single user 1-1,text,true,,463,10422,1,1,http://localhost:3002/fir,7,0,0
1675771455086,8,FIr Creation Request,201,Created,Firs Test single user 1-1,text,true,,463,10422,1,1,http://localhost:3002/fir,8,0,0
1675771455095,7,FIr Creation Request,201,Created,Firs Test single user 1-1,text,true,,463,10422,1,1,http://localhost:3002/fir,7,0,1
1675771455103,7,FIr Creation Request,201,Created,Firs Test single user 1-1,text,true,,463,10422,1,1,http://localhost:3002/fir,7,0,0
1675771455111,7,FIr Creation Request,201,Created,Firs Test single user 1-1,text,true,,463,10422,1,1,http://localhost:3002/fir,7,0,0
1675771455119,8,FIr Creation Request,201,Created,Firs Test single user 1-1,text,true,,463,10422,1,1,http://localhost:3002/fir,8,0,1
1675771455128,6,FIr Creation Request,201,Created,Firs Test single user 1-1,text,true,,463,10422,1,1,http://localhost:3002/fir,6,0,0
1675771455135,7,FIr Creation Request,201,Created,Firs Test single user 1-1,text,true,,463,10422,1,1,http://localhost:3002/fir,7,0,1
1675771455143,6,FIr Creation Request,201,Created,Firs Test single user 1-1,text,true,,463,10422,1,1,http://localhost:3002/fir,6,0,0
1675771455150,6,FIr Creation Request,201,Created,Firs Test single user 1-1,text,true,,463,10422,1,1,http://localhost:3002/fir,6,0,0
1675771455157,7,FIr Creation Request,201,Created,Firs Test single user 1-1,text,true,,463,10422,1,1,http://localhost:3002/fir,7,0,1
1675771455165,7,FIr Creation Request,201,Created,Firs Test single user 1-1,text,true,,463,10422,1,1,http://localhost:3002/fir,7,0,0
1675771455173,6,FIr Creation Request,201,Created,Firs Test single user 1-1,text,true,,463,10422,1,1,http://localhost:3002/fir,6,0,0
1675771455180,6,FIr Creation Request,201,Created,Firs Test single user 1-1,text,true,,463,10422,1,1,http://localhost:3002/fir,6,0,0
1675771455187,7,FIr Creation Request,201,Created,Firs Test single user 1-1,text,true,,463,10422,1,1,http://localhost:3002/fir,7,0,1
1675771455195,6,FIr Creation Request,201,Created,Firs Test single user 1-1,text,true,,463,10422,1,1,http://localhost:3002/fir,6,0,0
1675771455203,7,FIr Creation Request,201,Created,Firs Test single user 1-1,text,true,,463,10422,1,1,http://localhost:3002/fir,7,0,0
1675771455211,8,FIr Creation Request,201,Created,Firs Test single user 1-1,text,true,,463,10422,1,1,http://localhost:3002/fir,8,0,0
1675771455220,7,FIr Creation Request,201,Created,Firs Test single user 1-1,text,true,,463,10422,1,1,http://localhost:3002/fir,7,0,0
1675771455228,8,FIr Creation Request,201,Created,Firs Test single user 1-1,text,true,,463,10422,1,1,http://localhost:3002/fir,8,0,0
1675771455237,6,FIr Creation Request,201,Created,Firs Test single user 1-1,text,true,,463,10422,1,1,http://localhost:3002/fir,6,0,0
1675771455245,7,FIr Creation Request,201,Created,Firs Test single user 1-1,text,true,,463,10422,1,1,http://localhost:3002/fir,7,0,0
1675771455253,7,FIr Creation Request,201,Created,Firs Test single user 1-1,text,true,,463,10422,1,1,http://localhost:3002/fir,7,0,0
1675771455262,7,FIr Creation Request,201,Created,Firs Test single user 1-1,text,true,,463,10422,1,1,http://localhost:3002/fir,7,0,0
1675771455270,11,FIr Creation Request,201,Created,Firs Test single user 1-1,text,true,,463,10422,1,1,http://localhost:3002/fir,11,0,0
1675771455282,7,FIr Creation Request,201,Created,Firs Test single user 1-1,text,true,,463,10422,1,1,http://localhost:3002/fir,7,0,1
1675771455291,6,FIr Creation Request,201,Created,Firs Test single user 1-1,text,true,,463,10422,1,1,http://localhost:3002/fir,6,0,0
1675771455299,6,FIr Creation Request,201,Created,Firs Test single user 1-1,text,true,,463,10422,1,1,http://localhost:3002/fir,6,0,0
1675771455306,6,FIr Creation Request,201,Created,Firs Test single user 1-1,text,true,,463,10422,1,1,http://localhost:3002/fir,6,0,0
1675771455313,8,FIr Creation Request,201,Created,Firs Test single user 1-1,text,true,,463,10422,1,1,http://localhost:3002/fir,8,0,0
1675771455323,8,FIr Creation Request,201,Created,Firs Test single user 1-1,text,true,,463,10422,1,1,http://localhost:3002/fir,8,0,0
1675771455333,6,FIr Creation Request,201,Created,Firs Test single user 1-1,text,true,,463,10422,1,1,http://localhost:3002/fir,6,0,0
1675771455340,6,FIr Creation Request,201,Created,Firs Test single user 1-1,text,true,,463,10422,1,1,http://localhost:3002/fir,6,0,0
1675771455348,6,FIr Creation Request,201,Created,Firs Test single user 1-1,text,true,,463,10422,1,1,http://localhost:3002/fir,6,0,0
1675771455355,6,FIr Creation Request,201,Created,Firs Test single user 1-1,text,true,,463,10422,1,1,http://localhost:3002/fir,6,0,0
1675771455366,6,FIr Creation Request,201,Created,Firs Test single user 1-1,text,true,,463,10422,1,1,http://localhost:3002/fir,6,0,0
1675771455374,6,FIr Creation Request,201,Created,Firs Test single user 1-1,text,true,,463,10422,1,1,http://localhost:3002/fir,6,0,0
1675771455381,6,FIr Creation Request,201,Created,Firs Test single user 1-1,text,true,,463,10422,1,1,http://localhost:3002/fir,6,0,1
1675771455389,5,FIr Creation Request,201,Created,Firs Test single user 1-1,text,true,,463,10422,1,1,http://localhost:3002/fir,5,0,0
1675771455396,6,FIr Creation Request,201,Created,Firs Test single user 1-1,text,true,,463,10422,1,1,http://localhost:3002/fir,6,0,0
1675771455403,8,FIr Creation Request,201,Created,Firs Test single user 1-1,text,true,,463,10422,1,1,http://localhost:3002/fir,8,0,0
1675771455412,7,FIr Creation Request,201,Created,Firs Test single user 1-1,text,true,,463,10422,1,1,http://localhost:3002/fir,7,0,0
1675771455420,7,FIr Creation Request,201,Created,Firs Test single user 1-1,text,true,,463,10422,1,1,http://localhost:3002/fir,7,0,0
1675771455429,6,FIr Creation Request,201,Created,Firs Test single user 1-1,text,true,,463,10422,1,1,http://localhost:3002/fir,6,0,0
1675771455437,42,FIr Creation Request,201,Created,Firs Test single user 1-1,text,true,,463,10422,1,1,http://localhost:3002/fir,42,0,0
1675771455481,7,FIr Creation Request,201,Created,Firs Test single user 1-1,text,true,,463,10422,1,1,http://localhost:3002/fir,7,0,1
1675771455490,7,FIr Creation Request,201,Created,Firs Test single user 1-1,text,true,,463,10422,1,1,http://localhost:3002/fir,7,0,0
1675771455506,9,FIr Creation Request,201,Created,Firs Test single user 1-1,text,true,,463,10422,1,1,http://localhost:3002/fir,9,0,0
1675771455516,7,FIr Creation Request,201,Created,Firs Test single user 1-1,text,true,,463,10422,1,1,http://localhost:3002/fir,7,0,1
1675771455524,7,FIr Creation Request,201,Created,Firs Test single user 1-1,text,true,,463,10422,1,1,http://localhost:3002/fir,7,0,0
1675771455532,8,FIr Creation Request,201,Created,Firs Test single user 1-1,text,true,,463,10422,1,1,http://localhost:3002/fir,8,0,1
1675771455541,6,FIr Creation Request,201,Created,Firs Test single user 1-1,text,true,,463,10422,1,1,http://localhost:3002/fir,6,0,0
1675771455548,7,FIr Creation Request,201,Created,Firs Test single user 1-1,text,true,,463,10422,1,1,http://localhost:3002/fir,7,0,1
1675771455556,6,FIr Creation Request,201,Created,Firs Test single user 1-1,text,true,,463,10422,1,1,http://localhost:3002/fir,6,0,0
1675771455563,6,FIr Creation Request,201,Created,Firs Test single user 1-1,text,true,,463,10422,1,1,http://localhost:3002/fir,6,0,1
1675771455570,7,FIr Creation Request,201,Created,Firs Test single user 1-1,text,true,,463,10422,1,1,http://localhost:3002/fir,7,0,1
1675771455578,8,FIr Creation Request,201,Created,Firs Test single user 1-1,text,true,,463,10422,1,1,http://localhost:3002/fir,8,0,1
1675771455588,6,FIr Creation Request,201,Created,Firs Test single user 1-1,text,true,,463,10422,1,1,http://localhost:3002/fir,6,0,0
1675771455595,7,FIr Creation Request,201,Created,Firs Test single user 1-1,text,true,,463,10422,1,1,http://localhost:3002/fir,7,0,1
1675771455603,6,FIr Creation Request,201,Created,Firs Test single user 1-1,text,true,,463,10422,1,1,http://localhost:3002/fir,6,0,0
1675771455610,6,FIr Creation Request,201,Created,Firs Test single user 1-1,text,true,,463,10422,1,1,http://localhost:3002/fir,6,0,1
1675771455617,6,FIr Creation Request,201,Created,Firs Test single user 1-1,text,true,,463,10422,1,1,http://localhost:3002/fir,6,0,1
1675771455625,5,FIr Creation Request,201,Created,Firs Test single user 1-1,text,true,,463,10422,1,1,http://localhost:3002/fir,5,0,0
1675771455632,6,FIr Creation Request,201,Created,Firs Test single user 1-1,text,true,,463,10422,1,1,http://localhost:3002/fir,6,0,0
1675771455639,6,FIr Creation Request,201,Created,Firs Test single user 1-1,text,true,,463,10422,1,1,http://localhost:3002/fir,6,0,0
1675771455646,6,FIr Creation Request,201,Created,Firs Test single user 1-1,text,true,,463,10422,1,1,http://localhost:3002/fir,6,0,0
1675771455653,7,FIr Creation Request,201,Created,Firs Test single user 1-1,text,true,,463,10422,1,1,http://localhost:3002/fir,7,0,0
1675771455661,9,FIr Creation Request,201,Created,Firs Test single user 1-1,text,true,,463,10422,1,1,http://localhost:3002/fir,9,0,1
1675771455671,6,FIr Creation Request,201,Created,Firs Test single user 1-1,text,true,,463,10422,1,1,http://localhost:3002/fir,6,0,1
1675771455678,7,FIr Creation Request,201,Created,Firs Test single user 1-1,text,true,,463,10422,1,1,http://localhost:3002/fir,7,0,1
1675771455687,5,FIr Creation Request,201,Created,Firs Test single user 1-1,text,true,,463,10422,1,1,http://localhost:3002/fir,5,0,0
1675771455693,6,FIr Creation Request,201,Created,Firs Test single user 1-1,text,true,,463,10422,1,1,http://localhost:3002/fir,6,0,0
1675771455700,6,FIr Creation Request,201,Created,Firs Test single user 1-1,text,true,,463,10422,1,1,http://localhost:3002/fir,6,0,0
1675771455707,7,FIr Creation Request,201,Created,Firs Test single user 1-1,text,true,,463,10422,1,1,http://localhost:3002/fir,7,0,0
1675771455715,11,FIr Creation Request,201,Created,Firs Test single user 1-1,text,true,,463,10422,1,1,http://localhost:3002/fir,11,0,1
1675771455727,6,FIr Creation Request,201,Created,Firs Test single user 1-1,text,true,,463,10422,1,1,http://localhost:3002/fir,6,0,0
1675771455734,5,FIr Creation Request,201,Created,Firs Test single user 1-1,text,true,,463,10422,1,1,http://localhost:3002/fir,5,0,0
1675771455741,6,FIr Creation Request,201,Created,Firs Test single user 1-1,text,true,,463,10422,1,1,http://localhost:3002/fir,6,0,0
1675771455749,7,FIr Creation Request,201,Created,Firs Test single user 1-1,text,true,,463,10422,1,1,http://localhost:3002/fir,7,0,0
1675771455757,7,FIr Creation Request,201,Created,Firs Test single user 1-1,text,true,,463,10422,1,1,http://localhost:3002/fir,7,0,0
1675771455765,6,FIr Creation Request,201,Created,Firs Test single user 1-1,text,true,,463,10422,1,1,http://localhost:3002/fir,6,0,0
1675771455772,6,FIr Creation Request,201,Created,Firs Test single user 1-1,text,true,,463,10422,1,1,http://localhost:3002/fir,6,0,1
1675771455780,5,FIr Creation Request,201,Created,Firs Test single user 1-1,text,true,,463,10422,1,1,http://localhost:3002/fir,5,0,0
1675771455786,8,FIr Creation Request,201,Created,Firs Test single user 1-1,text,true,,463,10422,1,1,http://localhost:3002/fir,8,0,1
1675771455795,8,FIr Creation Request,201,Created,Firs Test single user 1-1,text,true,,463,10422,1,1,http://localhost:3002/fir,8,0,0
1675771455804,7,FIr Creation Request,201,Created,Firs Test single user 1-1,text,true,,463,10422,1,1,http://localhost:3002/fir,7,0,0
1675771455812,7,FIr Creation Request,201,Created,Firs Test single user 1-1,text,true,,463,10422,1,1,http://localhost:3002/fir,7,0,0
1675771455821,6,FIr Creation Request,201,Created,Firs Test single user 1-1,text,true,,463,10422,1,1,http://localhost:3002/fir,6,0,0
1675771455828,7,FIr Creation Request,201,Created,Firs Test single user 1-1,text,true,,463,10422,1,1,http://localhost:3002/fir,7,0,1
1675771455836,6,FIr Creation Request,201,Created,Firs Test single user 1-1,text,true,,463,10422,1,1,http://localhost:3002/fir,6,0,0
1675771455843,7,FIr Creation Request,201,Created,Firs Test single user 1-1,text,true,,463,10422,1,1,http://localhost:3002/fir,7,0,1
1675771455851,10,FIr Creation Request,201,Created,Firs Test single user 1-1,text,true,,463,10422,1,1,http://localhost:3002/fir,10,0,0
1675771455862,7,FIr Creation Request,201,Created,Firs Test single user 1-1,text,true,,463,10422,1,1,http://localhost:3002/fir,7,0,1
1675771455874,6,FIr Creation Request,201,Created,Firs Test single user 1-1,text,true,,463,10422,1,1,http://localhost:3002/fir,6,0,0
1675771455881,6,FIr Creation Request,201,Created,Firs Test single user 1-1,text,true,,463,10422,1,1,http://localhost:3002/fir,6,0,0
1675771455888,6,FIr Creation Request,201,Created,Firs Test single user 1-1,text,true,,463,10422,1,1,http://localhost:3002/fir,6,0,0
1675771455895,7,FIr Creation Request,201,Created,Firs Test single user 1-1,text,true,,463,10422,1,1,http://localhost:3002/fir,7,0,1
1675771455903,7,FIr Creation Request,201,Created,Firs Test single user 1-1,text,true,,463,10422,1,1,http://localhost:3002/fir,7,0,1
1675771455911,603,FIr Creation Request,201,Created,Firs Test single user 1-1,text,true,,463,10422,1,1,http://localhost:3002/fir,603,0,0
1675771456517,188,FIr Creation Request,201,Created,Firs Test single user 1-1,text,true,,463,10422,1,1,http://localhost:3002/fir,188,0,1
1675771456710,15,FIr Creation Request,201,Created,Firs Test single user 1-1,text,true,,463,10422,1,1,http://localhost:3002/fir,15,0,0
1675771456726,26,FIr Creation Request,201,Created,Firs Test single user 1-1,text,true,,463,10422,1,1,http://localhost:3002/fir,26,0,0
1675771456754,7,FIr Creation Request,201,Created,Firs Test single user 1-1,text,true,,463,10422,1,1,http://localhost:3002/fir,7,0,0
1675771456762,8,FIr Creation Request,201,Created,Firs Test single user 1-1,text,true,,463,10422,1,1,http://localhost:3002/fir,8,0,0
1675771456772,8,FIr Creation Request,201,Created,Firs Test single user 1-1,text,true,,463,10422,1,1,http://localhost:3002/fir,8,0,0
1675771456782,7,FIr Creation Request,201,Created,Firs Test single user 1-1,text,true,,463,10422,1,1,http://localhost:3002/fir,7,0,0
1675771456790,8,FIr Creation Request,201,Created,Firs Test single user 1-1,text,true,,463,10422,1,1,http://localhost:3002/fir,8,0,0
1675771456799,9,FIr Creation Request,201,Created,Firs Test single user 1-1,text,true,,463,10422,1,1,http://localhost:3002/fir,9,0,0
1675771456809,7,FIr Creation Request,201,Created,Firs Test single user 1-1,text,true,,463,10422,1,1,http://localhost:3002/fir,7,0,1
1675771456818,6,FIr Creation Request,201,Created,Firs Test single user 1-1,text,true,,463,10422,1,1,http://localhost:3002/fir,6,0,0
1675771456825,7,FIr Creation Request,201,Created,Firs Test single user 1-1,text,true,,463,10422,1,1,http://localhost:3002/fir,7,0,0
1675771456833,6,FIr Creation Request,201,Created,Firs Test single user 1-1,text,true,,463,10422,1,1,http://localhost:3002/fir,6,0,0
1675771456840,6,FIr Creation Request,201,Created,Firs Test single user 1-1,text,true,,463,10422,1,1,http://localhost:3002/fir,6,0,0
1675771456847,7,FIr Creation Request,201,Created,Firs Test single user 1-1,text,true,,463,10422,1,1,http://localhost:3002/fir,7,0,0
1675771456855,6,FIr Creation Request,201,Created,Firs Test single user 1-1,text,true,,463,10422,1,1,http://localhost:3002/fir,6,0,0
1675771456862,7,FIr Creation Request,201,Created,Firs Test single user 1-1,text,true,,463,10422,1,1,http://localhost:3002/fir,7,0,1
1675771456870,6,FIr Creation Request,201,Created,Firs Test single user 1-1,text,true,,463,10422,1,1,http://localhost:3002/fir,6,0,0
1675771456877,7,FIr Creation Request,201,Created,Firs Test single user 1-1,text,true,,463,10422,1,1,http://localhost:3002/fir,7,0,1
1675771456885,6,FIr Creation Request,201,Created,Firs Test single user 1-1,text,true,,463,10422,1,1,http://localhost:3002/fir,6,0,0
1675771456899,8,FIr Creation Request,201,Created,Firs Test single user 1-1,text,true,,463,10422,1,1,http://localhost:3002/fir,8,0,0
1675771456908,6,FIr Creation Request,201,Created,Firs Test single user 1-1,text,true,,463,10422,1,1,http://localhost:3002/fir,6,0,0
1675771456915,6,FIr Creation Request,201,Created,Firs Test single user 1-1,text,true,,463,10422,1,1,http://localhost:3002/fir,6,0,1
1675771456923,5,FIr Creation Request,201,Created,Firs Test single user 1-1,text,true,,463,10422,1,1,http://localhost:3002/fir,5,0,0
1675771456930,7,FIr Creation Request,201,Created,Firs Test single user 1-1,text,true,,463,10422,1,1,http://localhost:3002/fir,7,0,0
1675771456938,8,FIr Creation Request,201,Created,Firs Test single user 1-1,text,true,,463,10422,1,1,http://localhost:3002/fir,8,0,0
1675771456947,7,FIr Creation Request,201,Created,Firs Test single user 1-1,text,true,,463,10422,1,1,http://localhost:3002/fir,7,0,0
1675771456955,7,FIr Creation Request,201,Created,Firs Test single user 1-1,text,true,,463,10422,1,1,http://localhost:3002/fir,7,0,0
1675771456963,7,FIr Creation Request,201,Created,Firs Test single user 1-1,text,true,,463,10422,1,1,http://localhost:3002/fir,7,0,0
1675771456971,7,FIr Creation Request,201,Created,Firs Test single user 1-1,text,true,,463,10422,1,1,http://localhost:3002/fir,7,0,0
1675771456980,7,FIr Creation Request,201,Created,Firs Test single user 1-1,text,true,,463,10422,1,1,http://localhost:3002/fir,7,0,0
1675771456988,8,FIr Creation Request,201,Created,Firs Test single user 1-1,text,true,,463,10422,1,1,http://localhost:3002/fir,8,0,1
1675771456997,7,FIr Creation Request,201,Created,Firs Test single user 1-1,text,true,,463,10422,1,1,http://localhost:3002/fir,7,0,0
1675771457005,7,FIr Creation Request,201,Created,Firs Test single user 1-1,text,true,,463,10422,1,1,http://localhost:3002/fir,7,0,0
1675771457013,11,FIr Creation Request,201,Created,Firs Test single user 1-1,text,true,,463,10422,1,1,http://localhost:3002/fir,11,0,1
1675771457025,8,FIr Creation Request,201,Created,Firs Test single user 1-1,text,true,,463,10422,1,1,http://localhost:3002/fir,8,0,0
1675771457039,9,FIr Creation Request,201,Created,Firs Test single user 1-1,text,true,,463,10422,1,1,http://localhost:3002/fir,9,0,1
1675771457049,6,FIr Creation Request,201,Created,Firs Test single user 1-1,text,true,,463,10422,1,1,http://localhost:3002/fir,6,0,0
1675771457056,6,FIr Creation Request,201,Created,Firs Test single user 1-1,text,true,,463,10422,1,1,http://localhost:3002/fir,6,0,0
1675771457063,7,FIr Creation Request,201,Created,Firs Test single user 1-1,text,true,,463,10422,1,1,http://localhost:3002/fir,7,0,0
1675771457071,8,FIr Creation Request,201,Created,Firs Test single user 1-1,text,true,,463,10422,1,1,http://localhost:3002/fir,8,0,1
1675771457080,7,FIr Creation Request,201,Created,Firs Test single user 1-1,text,true,,463,10422,1,1,http://localhost:3002/fir,7,0,0
1675771457088,7,FIr Creation Request,201,Created,Firs Test single user 1-1,text,true,,463,10422,1,1,http://localhost:3002/fir,7,0,1
1675771457097,6,FIr Creation Request,201,Created,Firs Test single user 1-1,text,true,,463,10422,1,1,http://localhost:3002/fir,6,0,0
1675771457105,10,FIr Creation Request,201,Created,Firs Test single user 1-1,text,true,,463,10422,1,1,http://localhost:3002/fir,10,0,0
1675771457116,5,FIr Creation Request,201,Created,Firs Test single user 1-1,text,true,,463,10422,1,1,http://localhost:3002/fir,5,0,0
1675771457123,5,FIr Creation Request,201,Created,Firs Test single user 1-1,text,true,,463,10422,1,1,http://localhost:3002/fir,5,0,0
1675771457130,8,FIr Creation Request,201,Created,Firs Test single user 1-1,text,true,,463,10422,1,1,http://localhost:3002/fir,8,0,0
1675771457140,8,FIr Creation Request,201,Created,Firs Test single user 1-1,text,true,,463,10422,1,1,http://localhost:3002/fir,8,0,0
1675771457150,5,FIr Creation Request,201,Created,Firs Test single user 1-1,text,true,,463,10422,1,1,http://localhost:3002/fir,5,0,0
1675771457157,5,FIr Creation Request,201,Created,Firs Test single user 1-1,text,true,,463,10422,1,1,http://localhost:3002/fir,5,0,0
1675771457163,7,FIr Creation Request,201,Created,Firs Test single user 1-1,text,true,,463,10422,1,1,http://localhost:3002/fir,7,0,0
1675771457171,7,FIr Creation Request,201,Created,Firs Test single user 1-1,text,true,,463,10422,1,1,http://localhost:3002/fir,7,0,1
1675771457179,5,FIr Creation Request,201,Created,Firs Test single user 1-1,text,true,,463,10422,1,1,http://localhost:3002/fir,5,0,0
1675771457186,9,FIr Creation Request,201,Created,Firs Test single user 1-1,text,true,,463,10422,1,1,http://localhost:3002/fir,9,0,0
1675771457196,7,FIr Creation Request,201,Created,Firs Test single user 1-1,text,true,,463,10422,1,1,http://localhost:3002/fir,7,0,1
1675771457204,6,FIr Creation Request,201,Created,Firs Test single user 1-1,text,true,,463,10422,1,1,http://localhost:3002/fir,6,0,1
1675771457211,6,FIr Creation Request,201,Created,Firs Test single user 1-1,text,true,,463,10422,1,1,http://localhost:3002/fir,6,0,0
1675771457218,5,FIr Creation Request,201,Created,Firs Test single user 1-1,text,true,,463,10422,1,1,http://localhost:3002/fir,5,0,0
1675771457225,8,FIr Creation Request,201,Created,Firs Test single user 1-1,text,true,,463,10422,1,1,http://localhost:3002/fir,8,0,0
1675771457235,5,FIr Creation Request,201,Created,Firs Test single user 1-1,text,true,,463,10422,1,1,http://localhost:3002/fir,5,0,0
1675771457242,6,FIr Creation Request,201,Created,Firs Test single user 1-1,text,true,,463,10422,1,1,http://localhost:3002/fir,6,0,0
1675771457250,6,FIr Creation Request,201,Created,Firs Test single user 1-1,text,true,,463,10422,1,1,http://localhost:3002/fir,6,0,0
1675771457257,6,FIr Creation Request,201,Created,Firs Test single user 1-1,text,true,,463,10422,1,1,http://localhost:3002/fir,6,0,0
1675771457264,6,FIr Creation Request,201,Created,Firs Test single user 1-1,text,true,,463,10422,1,1,http://localhost:3002/fir,6,0,0
1675771457271,7,FIr Creation Request,201,Created,Firs Test single user 1-1,text,true,,463,10422,1,1,http://localhost:3002/fir,7,0,0
1675771457279,394,FIr Creation Request,201,Created,Firs Test single user 1-1,text,true,,463,10422,1,1,http://localhost:3002/fir,394,0,0
1675771457676,14,FIr Creation Request,201,Created,Firs Test single user 1-1,text,true,,463,10422,1,1,http://localhost:3002/fir,14,0,0
1675771457692,55339,FIr Creation Request,201,Created,Firs Test single user 1-1,text,true,,463,10422,1,1,http://localhost:3002/fir,55339,0,0
1675771513033,31,FIr Creation Request,201,Created,Firs Test single user 1-1,text,true,,463,10422,1,1,http://localhost:3002/fir,31,0,1
1675771513065,30,FIr Creation Request,201,Created,Firs Test single user 1-1,text,true,,463,10422,1,1,http://localhost:3002/fir,30,0,0
1675771513096,45,FIr Creation Request,201,Created,Firs Test single user 1-1,text,true,,463,10422,1,1,http://localhost:3002/fir,45,0,0
1675771513142,30,FIr Creation Request,201,Created,Firs Test single user 1-1,text,true,,463,10422,1,1,http://localhost:3002/fir,30,0,0
1675771513173,76,FIr Creation Request,201,Created,Firs Test single user 1-1,text,true,,463,10422,1,1,http://localhost:3002/fir,76,0,0
1675771513251,30,FIr Creation Request,201,Created,Firs Test single user 1-1,text,true,,463,10422,1,1,http://localhost:3002/fir,30,0,0
1675771513282,31,FIr Creation Request,201,Created,Firs Test single user 1-1,text,true,,463,10422,1,1,http://localhost:3002/fir,31,0,0
1675771513314,93,FIr Creation Request,201,Created,Firs Test single user 1-1,text,true,,463,10422,1,1,http://localhost:3002/fir,93,0,0
1675771513409,91,FIr Creation Request,201,Created,Firs Test single user 1-1,text,true,,463,10422,1,1,http://localhost:3002/fir,91,0,0
1675771513501,77,FIr Creation Request,201,Created,Firs Test single user 1-1,text,true,,463,10422,1,1,http://localhost:3002/fir,77,0,1
1675771513579,30,FIr Creation Request,201,Created,Firs Test single user 1-1,text,true,,463,10422,1,1,http://localhost:3002/fir,30,0,0
1675771513611,46,FIr Creation Request,201,Created,Firs Test single user 1-1,text,true,,463,10422,1,1,http://localhost:3002/fir,46,0,0
1675771513658,30,FIr Creation Request,201,Created,Firs Test single user 1-1,text,true,,463,10422,1,1,http://localhost:3002/fir,30,0,1
1675771513690,59,FIr Creation Request,201,Created,Firs Test single user 1-1,text,true,,463,10422,1,1,http://localhost:3002/fir,59,0,0
1675771513751,107,FIr Creation Request,201,Created,Firs Test single user 1-1,text,true,,463,10422,1,1,http://localhost:3002/fir,107,0,0
1675771513859,31,FIr Creation Request,201,Created,Firs Test single user 1-1,text,true,,463,10422,1,1,http://localhost:3002/fir,31,0,1
1675771513891,46,FIr Creation Request,201,Created,Firs Test single user 1-1,text,true,,463,10422,1,1,http://localhost:3002/fir,46,0,0
1675771513940,28,FIr Creation Request,201,Created,Firs Test single user 1-1,text,true,,463,10422,1,1,http://localhost:3002/fir,28,0,0
1675771513970,61,FIr Creation Request,201,Created,Firs Test single user 1-1,text,true,,463,10422,1,1,http://localhost:3002/fir,61,0,0
1675771514033,29,FIr Creation Request,201,Created,Firs Test single user 1-1,text,true,,463,10422,1,1,http://localhost:3002/fir,29,0,0
1675771514064,45,FIr Creation Request,201,Created,Firs Test single user 1-1,text,true,,463,10422,1,1,http://localhost:3002/fir,45,0,0
1675771514110,47,FIr Creation Request,201,Created,Firs Test single user 1-1,text,true,,463,10422,1,1,http://localhost:3002/fir,47,0,1
1675771514159,44,FIr Creation Request,201,Created,Firs Test single user 1-1,text,true,,463,10422,1,1,http://localhost:3002/fir,44,0,0
1675771514205,45,FIr Creation Request,201,Created,Firs Test single user 1-1,text,true,,463,10422,1,1,http://localhost:3002/fir,45,0,0
1675771514252,29,FIr Creation Request,201,Created,Firs Test single user 1-1,text,true,,463,10422,1,1,http://localhost:3002/fir,29,0,0
1675771514283,31,FIr Creation Request,201,Created,Firs Test single user 1-1,text,true,,463,10422,1,1,http://localhost:3002/fir,31,0,1
1675771514317,28,FIr Creation Request,201,Created,Firs Test single user 1-1,text,true,,463,10422,1,1,http://localhost:3002/fir,28,0,0
1675771514346,46,FIr Creation Request,201,Created,Firs Test single user 1-1,text,true,,463,10422,1,1,http://localhost:3002/fir,46,0,0
1675771514395,59,FIr Creation Request,201,Created,Firs Test single user 1-1,text,true,,463,10422,1,1,http://localhost:3002/fir,59,0,0
1675771514457,59,FIr Creation Request,201,Created,Firs Test single user 1-1,text,true,,463,10422,1,1,http://localhost:3002/fir,59,0,0
1675771514518,106,FIr Creation Request,201,Created,Firs Test single user 1-1,text,true,,463,10422,1,1,http://localhost:3002/fir,106,0,0
1675771514627,44,FIr Creation Request,201,Created,Firs Test single user 1-1,text,true,,463,10422,1,1,http://localhost:3002/fir,44,0,0
1675771514673,29,FIr Creation Request,201,Created,Firs Test single user 1-1,text,true,,463,10422,1,1,http://localhost:3002/fir,29,0,1
1675771514703,29,FIr Creation Request,201,Created,Firs Test single user 1-1,text,true,,463,10422,1,1,http://localhost:3002/fir,29,0,0
1675771514735,29,FIr Creation Request,201,Created,Firs Test single user 1-1,text,true,,463,10422,1,1,http://localhost:3002/fir,29,0,0
1675771514765,46,FIr Creation Request,201,Created,Firs Test single user 1-1,text,true,,463,10422,1,1,http://localhost:3002/fir,46,0,1
1675771514812,47,FIr Creation Request,201,Created,Firs Test single user 1-1,text,true,,463,10422,1,1,http://localhost:3002/fir,47,0,1
1675771514861,28,FIr Creation Request,201,Created,Firs Test single user 1-1,text,true,,463,10422,1,1,http://localhost:3002/fir,28,0,0
1675771514891,29,FIr Creation Request,201,Created,Firs Test single user 1-1,text,true,,463,10422,1,1,http://localhost:3002/fir,29,0,0
1675771514922,29,FIr Creation Request,201,Created,Firs Test single user 1-1,text,true,,463,10422,1,1,http://localhost:3002/fir,29,0,0
1675771514953,29,FIr Creation Request,201,Created,Firs Test single user 1-1,text,true,,463,10422,1,1,http://localhost:3002/fir,29,0,0
1675771514983,30,FIr Creation Request,201,Created,Firs Test single user 1-1,text,true,,463,10422,1,1,http://localhost:3002/fir,30,0,1
1675771515015,45,FIr Creation Request,201,Created,Firs Test single user 1-1,text,true,,463,10422,1,1,http://localhost:3002/fir,45,0,0
1675771515062,31,FIr Creation Request,201,Created,Firs Test single user 1-1,text,true,,463,10422,1,1,http://localhost:3002/fir,31,0,1
1675771515107,31,FIr Creation Request,201,Created,Firs Test single user 1-1,text,true,,463,10422,1,1,http://localhost:3002/fir,31,0,1
1675771515139,31,FIr Creation Request,201,Created,Firs Test single user 1-1,text,true,,463,10422,1,1,http://localhost:3002/fir,31,0,1
1675771515172,30,FIr Creation Request,201,Created,Firs Test single user 1-1,text,true,,463,10422,1,1,http://localhost:3002/fir,30,0,1
1675771515204,28,FIr Creation Request,201,Created,Firs Test single user 1-1,text,true,,463,10422,1,1,http://localhost:3002/fir,28,0,1
1675771515233,30,FIr Creation Request,201,Created,Firs Test single user 1-1,text,true,,463,10422,1,1,http://localhost:3002/fir,30,0,0
1675771515265,29,FIr Creation Request,201,Created,Firs Test single user 1-1,text,true,,463,10422,1,1,http://localhost:3002/fir,29,0,0
1675771515297,59,FIr Creation Request,201,Created,Firs Test single user 1-1,text,true,,463,10422,1,1,http://localhost:3002/fir,59,0,0
1675771515359,28,FIr Creation Request,201,Created,Firs Test single user 1-1,text,true,,463,10422,1,1,http://localhost:3002/fir,28,0,1
1675771515388,30,FIr Creation Request,201,Created,Firs Test single user 1-1,text,true,,463,10422,1,1,http://localhost:3002/fir,30,0,0
1675771515419,59,FIr Creation Request,201,Created,Firs Test single user 1-1,text,true,,463,10422,1,1,http://localhost:3002/fir,59,0,1
1675771515481,59,FIr Creation Request,201,Created,Firs Test single user 1-1,text,true,,463,10422,1,1,http://localhost:3002/fir,59,0,1
1675771515542,45,FIr Creation Request,201,Created,Firs Test single user 1-1,text,true,,463,10422,1,1,http://localhost:3002/fir,45,0,0
1675771515589,30,FIr Creation Request,201,Created,Firs Test single user 1-1,text,true,,463,10422,1,1,http://localhost:3002/fir,30,0,0
1675771515620,45,FIr Creation Request,201,Created,Firs Test single user 1-1,text,true,,463,10422,1,1,http://localhost:3002/fir,45,0,0
1675771515667,28,FIr Creation Request,201,Created,Firs Test single user 1-1,text,true,,463,10422,1,1,http://localhost:3002/fir,28,0,0
1675771515697,60,FIr Creation Request,201,Created,Firs Test single user 1-1,text,true,,463,10422,1,1,http://localhost:3002/fir,60,0,0
1675771515760,58,FIr Creation Request,201,Created,Firs Test single user 1-1,text,true,,463,10422,1,1,http://localhost:3002/fir,58,0,1
1675771515820,30,FIr Creation Request,201,Created,Firs Test single user 1-1,text,true,,463,10422,1,1,http://localhost:3002/fir,30,0,0
1675771515854,42,FIr Creation Request,201,Created,Firs Test single user 1-1,text,true,,463,10422,1,1,http://localhost:3002/fir,42,0,1
1675771515898,45,FIr Creation Request,201,Created,Firs Test single user 1-1,text,true,,463,10422,1,1,http://localhost:3002/fir,45,0,1
1675771515945,29,FIr Creation Request,201,Created,Firs Test single user 1-1,text,true,,463,10422,1,1,http://localhost:3002/fir,29,0,0
1675771515976,29,FIr Creation Request,201,Created,Firs Test single user 1-1,text,true,,463,10422,1,1,http://localhost:3002/fir,29,0,1
1675771516007,76,FIr Creation Request,201,Created,Firs Test single user 1-1,text,true,,463,10422,1,1,http://localhost:3002/fir,76,0,0
1675771516085,28,FIr Creation Request,201,Created,Firs Test single user 1-1,text,true,,463,10422,1,1,http://localhost:3002/fir,28,0,1
1675771516128,32,FIr Creation Request,201,Created,Firs Test single user 1-1,text,true,,463,10422,1,1,http://localhost:3002/fir,32,0,0
1675771516162,45,FIr Creation Request,201,Created,Firs Test single user 1-1,text,true,,463,10422,1,1,http://localhost:3002/fir,45,0,0
1675771516209,60,FIr Creation Request,201,Created,Firs Test single user 1-1,text,true,,463,10422,1,1,http://localhost:3002/fir,60,0,0
1675771516271,29,FIr Creation Request,201,Created,Firs Test single user 1-1,text,true,,463,10422,1,1,http://localhost:3002/fir,29,0,0
1675771516301,45,FIr Creation Request,201,Created,Firs Test single user 1-1,text,true,,463,10422,1,1,http://localhost:3002/fir,45,0,0
1675771516348,29,FIr Creation Request,201,Created,Firs Test single user 1-1,text,true,,463,10422,1,1,http://localhost:3002/fir,29,0,0
1675771516380,28,FIr Creation Request,201,Created,Firs Test single user 1-1,text,true,,463,10422,1,1,http://localhost:3002/fir,28,0,0
1675771516410,44,FIr Creation Request,201,Created,Firs Test single user 1-1,text,true,,463,10422,1,1,http://localhost:3002/fir,44,0,0
1675771516455,31,FIr Creation Request,201,Created,Firs Test single user 1-1,text,true,,463,10422,1,1,http://localhost:3002/fir,30,0,1
1675771516489,27,FIr Creation Request,201,Created,Firs Test single user 1-1,text,true,,463,10422,1,1,http://localhost:3002/fir,27,0,0
1675771516519,59,FIr Creation Request,201,Created,Firs Test single user 1-1,text,true,,463,10422,1,1,http://localhost:3002/fir,59,0,0
1675771516580,61,FIr Creation Request,201,Created,Firs Test single user 1-1,text,true,,463,10422,1,1,http://localhost:3002/fir,61,0,1
1675771516642,45,FIr Creation Request,201,Created,Firs Test single user 1-1,text,true,,463,10422,1,1,http://localhost:3002/fir,45,0,0
1675771516689,30,FIr Creation Request,201,Created,Firs Test single user 1-1,text,true,,463,10422,1,1,http://localhost:3002/fir,30,0,1
1675771516722,27,FIr Creation Request,201,Created,Firs Test single user 1-1,text,true,,463,10422,1,1,http://localhost:3002/fir,27,0,0
1675771516750,30,FIr Creation Request,201,Created,Firs Test single user 1-1,text,true,,463,10422,1,1,http://localhost:3002/fir,30,0,0
1675771516783,59,FIr Creation Request,201,Created,Firs Test single user 1-1,text,true,,463,10422,1,1,http://localhost:3002/fir,59,0,0
1675771516844,76,FIr Creation Request,201,Created,Firs Test single user 1-1,text,true,,463,10422,1,1,http://localhost:3002/fir,76,0,1
1675771516924,41,FIr Creation Request,201,Created,Firs Test single user 1-1,text,true,,463,10422,1,1,http://localhost:3002/fir,41,0,0
1675771516967,77,FIr Creation Request,201,Created,Firs Test single user 1-1,text,true,,463,10422,1,1,http://localhost:3002/fir,77,0,0
1675771517059,79,FIr Creation Request,201,Created,Firs Test single user 1-1,text,true,,463,10422,1,1,http://localhost:3002/fir,79,0,0
1675771517157,27,FIr Creation Request,201,Created,Firs Test single user 1-1,text,true,,463,10422,1,1,http://localhost:3002/fir,27,0,0
1675771517186,42,FIr Creation Request,201,Created,Firs Test single user 1-1,text,true,,463,10422,1,1,http://localhost:3002/fir,42,0,0
1675771517230,29,FIr Creation Request,201,Created,Firs Test single user 1-1,text,true,,463,10422,1,1,http://localhost:3002/fir,29,0,0
1675771517261,44,FIr Creation Request,201,Created,Firs Test single user 1-1,text,true,,463,10422,1,1,http://localhost:3002/fir,44,0,1
1675771517307,29,FIr Creation Request,201,Created,Firs Test single user 1-1,text,true,,463,10422,1,1,http://localhost:3002/fir,29,0,0
1675771517339,27,FIr Creation Request,201,Created,Firs Test single user 1-1,text,true,,463,10422,1,1,http://localhost:3002/fir,27,0,0
1675771517368,30,FIr Creation Request,201,Created,Firs Test single user 1-1,text,true,,463,10422,1,1,http://localhost:3002/fir,30,0,0
1675771517400,28,FIr Creation Request,201,Created,Firs Test single user 1-1,text,true,,463,10422,1,1,http://localhost:3002/fir,28,0,1
1675771517430,29,FIr Creation Request,201,Created,Firs Test single user 1-1,text,true,,463,10422,1,1,http://localhost:3002/fir,29,0,0
1675771517460,30,FIr Creation Request,201,Created,Firs Test single user 1-1,text,true,,463,10422,1,1,http://localhost:3002/fir,30,0,1
1675771517491,47,FIr Creation Request,201,Created,Firs Test single user 1-1,text,true,,463,10422,1,1,http://localhost:3002/fir,47,0,1
1675771517539,46,FIr Creation Request,201,Created,Firs Test single user 1-1,text,true,,463,10422,1,1,http://localhost:3002/fir,46,0,0
1675771517587,47,FIr Creation Request,201,Created,Firs Test single user 1-1,text,true,,463,10422,1,1,http://localhost:3002/fir,47,0,0
1675771517635,30,FIr Creation Request,201,Created,Firs Test single user 1-1,text,true,,463,10422,1,1,http://localhost:3002/fir,30,0,0
1675771517667,29,FIr Creation Request,201,Created,Firs Test single user 1-1,text,true,,463,10422,1,1,http://localhost:3002/fir,29,0,0
1675771517697,62,FIr Creation Request,201,Created,Firs Test single user 1-1,text,true,,463,10422,1,1,http://localhost:3002/fir,62,0,1
1675771517761,45,FIr Creation Request,201,Created,Firs Test single user 1-1,text,true,,463,10422,1,1,http://localhost:3002/fir,45,0,0
1675771517807,30,FIr Creation Request,201,Created,Firs Test single user 1-1,text,true,,463,10422,1,1,http://localhost:3002/fir,30,0,0
1675771517841,27,FIr Creation Request,201,Created,Firs Test single user 1-1,text,true,,463,10422,1,1,http://localhost:3002/fir,27,0,0
1675771517870,30,FIr Creation Request,201,Created,Firs Test single user 1-1,text,true,,463,10422,1,1,http://localhost:3002/fir,30,0,0
1675771517903,43,FIr Creation Request,201,Created,Firs Test single user 1-1,text,true,,463,10422,1,1,http://localhost:3002/fir,43,0,1
1675771517950,26,FIr Creation Request,201,Created,Firs Test single user 1-1,text,true,,463,10422,1,1,http://localhost:3002/fir,26,0,0
1675771517978,29,FIr Creation Request,201,Created,Firs Test single user 1-1,text,true,,463,10422,1,1,http://localhost:3002/fir,29,0,0
1675771518008,46,FIr Creation Request,201,Created,Firs Test single user 1-1,text,true,,463,10422,1,1,http://localhost:3002/fir,46,0,1
1675771518055,30,FIr Creation Request,201,Created,Firs Test single user 1-1,text,true,,463,10422,1,1,http://localhost:3002/fir,30,0,1
1675771518086,29,FIr Creation Request,201,Created,Firs Test single user 1-1,text,true,,463,10422,1,1,http://localhost:3002/fir,29,0,0
1675771518117,61,FIr Creation Request,201,Created,Firs Test single user 1-1,text,true,,463,10422,1,1,http://localhost:3002/fir,61,0,0
1675771518179,92,FIr Creation Request,201,Created,Firs Test single user 1-1,text,true,,463,10422,1,1,http://localhost:3002/fir,92,0,0
1675771518273,60,FIr Creation Request,201,Created,Firs Test single user 1-1,text,true,,463,10422,1,1,http://localhost:3002/fir,60,0,0
1675771518335,45,FIr Creation Request,201,Created,Firs Test single user 1-1,text,true,,463,10422,1,1,http://localhost:3002/fir,45,0,1
1675771518383,184,FIr Creation Request,201,Created,Firs Test single user 1-1,text,true,,463,10422,1,1,http://localhost:3002/fir,184,0,1
1675771518572,117,FIr Creation Request,201,Created,Firs Test single user 1-1,text,true,,463,10422,1,1,http://localhost:3002/fir,117,0,0
1675771518690,168,FIr Creation Request,201,Created,Firs Test single user 1-1,text,true,,463,10422,1,1,http://localhost:3002/fir,168,0,0
1675771518860,29,FIr Creation Request,201,Created,Firs Test single user 1-1,text,true,,463,10422,1,1,http://localhost:3002/fir,29,0,0
1675771518891,30,FIr Creation Request,201,Created,Firs Test single user 1-1,text,true,,463,10422,1,1,http://localhost:3002/fir,30,0,0
1675771518922,30,FIr Creation Request,201,Created,Firs Test single user 1-1,text,true,,463,10422,1,1,http://localhost:3002/fir,30,0,1
1675771518955,43,FIr Creation Request,201,Created,Firs Test single user 1-1,text,true,,463,10422,1,1,http://localhost:3002/fir,43,0,1
1675771518999,31,FIr Creation Request,201,Created,Firs Test single user 1-1,text,true,,463,10422,1,1,http://localhost:3002/fir,31,0,1
1675771519033,29,FIr Creation Request,201,Created,Firs Test single user 1-1,text,true,,463,10422,1,1,http://localhost:3002/fir,29,0,1
1675771519064,58,FIr Creation Request,201,Created,Firs Test single user 1-1,text,true,,463,10422,1,1,http://localhost:3002/fir,58,0,0
1675771519124,60,FIr Creation Request,201,Created,Firs Test single user 1-1,text,true,,463,10422,1,1,http://localhost:3002/fir,60,0,0
1675771519198,48,FIr Creation Request,201,Created,Firs Test single user 1-1,text,true,,463,10422,1,1,http://localhost:3002/fir,48,0,1
1675771519247,60,FIr Creation Request,201,Created,Firs Test single user 1-1,text,true,,463,10422,1,1,http://localhost:3002/fir,60,0,1
1675771519309,45,FIr Creation Request,201,Created,Firs Test single user 1-1,text,true,,463,10422,1,1,http://localhost:3002/fir,45,0,0
1675771519356,92,FIr Creation Request,201,Created,Firs Test single user 1-1,text,true,,463,10422,1,1,http://localhost:3002/fir,92,0,0
1675771519451,59,FIr Creation Request,201,Created,Firs Test single user 1-1,text,true,,463,10422,1,1,http://localhost:3002/fir,59,0,1
1675771519513,29,FIr Creation Request,201,Created,Firs Test single user 1-1,text,true,,463,10422,1,1,http://localhost:3002/fir,29,0,0
1675771519543,30,FIr Creation Request,201,Created,Firs Test single user 1-1,text,true,,463,10422,1,1,http://localhost:3002/fir,30,0,0
1675771519574,31,FIr Creation Request,201,Created,Firs Test single user 1-1,text,true,,463,10422,1,1,http://localhost:3002/fir,31,0,1
1675771519617,50,FIr Creation Request,201,Created,Firs Test single user 1-1,text,true,,463,10422,1,1,http://localhost:3002/fir,50,0,0
1675771519670,43,FIr Creation Request,201,Created,Firs Test single user 1-1,text,true,,463,10422,1,1,http://localhost:3002/fir,43,0,1
1675771519714,30,FIr Creation Request,201,Created,Firs Test single user 1-1,text,true,,463,10422,1,1,http://localhost:3002/fir,30,0,0
1675771519745,46,FIr Creation Request,201,Created,Firs Test single user 1-1,text,true,,463,10422,1,1,http://localhost:3002/fir,46,0,1
1675771519793,29,FIr Creation Request,201,Created,Firs Test single user 1-1,text,true,,463,10422,1,1,http://localhost:3002/fir,29,0,0
1675771519824,91,FIr Creation Request,201,Created,Firs Test single user 1-1,text,true,,463,10422,1,1,http://localhost:3002/fir,91,0,0
1675771519918,28,FIr Creation Request,201,Created,Firs Test single user 1-1,text,true,,463,10422,1,1,http://localhost:3002/fir,28,0,0
1675771519948,60,FIr Creation Request,201,Created,Firs Test single user 1-1,text,true,,463,10422,1,1,http://localhost:3002/fir,60,0,0
1675771520010,183,FIr Creation Request,201,Created,Firs Test single user 1-1,text,true,,463,10422,1,1,http://localhost:3002/fir,183,0,0
1675771520195,29,FIr Creation Request,201,Created,Firs Test single user 1-1,text,true,,463,10422,1,1,http://localhost:3002/fir,29,0,1
1675771520226,29,FIr Creation Request,201,Created,Firs Test single user 1-1,text,true,,463,10422,1,1,http://localhost:3002/fir,29,0,0
1675771520257,29,FIr Creation Request,201,Created,Firs Test single user 1-1,text,true,,463,10422,1,1,http://localhost:3002/fir,29,0,0
1675771520288,29,FIr Creation Request,201,Created,Firs Test single user 1-1,text,true,,463,10422,1,1,http://localhost:3002/fir,29,0,0
1675771520319,60,FIr Creation Request,201,Created,Firs Test single user 1-1,text,true,,463,10422,1,1,http://localhost:3002/fir,60,0,0
1675771520381,28,FIr Creation Request,201,Created,Firs Test single user 1-1,text,true,,463,10422,1,1,http://localhost:3002/fir,28,0,0
1675771520411,31,FIr Creation Request,201,Created,Firs Test single user 1-1,text,true,,463,10422,1,1,http://localhost:3002/fir,31,0,0
1675771520445,27,FIr Creation Request,201,Created,Firs Test single user 1-1,text,true,,463,10422,1,1,http://localhost:3002/fir,27,0,1
1675771520473,60,FIr Creation Request,201,Created,Firs Test single user 1-1,text,true,,463,10422,1,1,http://localhost:3002/fir,60,0,1
1675771520536,44,FIr Creation Request,201,Created,Firs Test single user 1-1,text,true,,463,10422,1,1,http://localhost:3002/fir,44,0,1
1675771520582,30,FIr Creation Request,201,Created,Firs Test single user 1-1,text,true,,463,10422,1,1,http://localhost:3002/fir,30,0,0
1675771520614,29,FIr Creation Request,201,Created,Firs Test single user 1-1,text,true,,463,10422,1,1,http://localhost:3002/fir,29,0,0
1675771520644,30,FIr Creation Request,201,Created,Firs Test single user 1-1,text,true,,463,10422,1,1,http://localhost:3002/fir,30,0,1
1675771520675,30,FIr Creation Request,201,Created,Firs Test single user 1-1,text,true,,463,10422,1,1,http://localhost:3002/fir,30,0,1
1675771520707,43,FIr Creation Request,201,Created,Firs Test single user 1-1,text,true,,463,10422,1,1,http://localhost:3002/fir,43,0,1
1675771520752,30,FIr Creation Request,201,Created,Firs Test single user 1-1,text,true,,463,10422,1,1,http://localhost:3002/fir,30,0,1
1675771520784,28,FIr Creation Request,201,Created,Firs Test single user 1-1,text,true,,463,10422,1,1,http://localhost:3002/fir,28,0,1
1675771520814,29,FIr Creation Request,201,Created,Firs Test single user 1-1,text,true,,463,10422,1,1,http://localhost:3002/fir,29,0,0
1675771520847,43,FIr Creation Request,201,Created,Firs Test single user 1-1,text,true,,463,10422,1,1,http://localhost:3002/fir,43,0,0
1675771520893,28,FIr Creation Request,201,Created,Firs Test single user 1-1,text,true,,463,10422,1,1,http://localhost:3002/fir,28,0,0
1675771520923,29,FIr Creation Request,201,Created,Firs Test single user 1-1,text,true,,463,10422,1,1,http://localhost:3002/fir,29,0,0
1675771520953,45,FIr Creation Request,201,Created,Firs Test single user 1-1,text,true,,463,10422,1,1,http://localhost:3002/fir,45,0,1
1675771521000,59,FIr Creation Request,201,Created,Firs Test single user 1-1,text,true,,463,10422,1,1,http://localhost:3002/fir,59,0,1
1675771521060,46,FIr Creation Request,201,Created,Firs Test single user 1-1,text,true,,463,10422,1,1,http://localhost:3002/fir,46,0,1
1675771521109,29,FIr Creation Request,201,Created,Firs Test single user 1-1,text,true,,463,10422,1,1,http://localhost:3002/fir,29,0,0
1675771521146,22,FIr Creation Request,201,Created,Firs Test single user 1-1,text,true,,463,10422,1,1,http://localhost:3002/fir,22,0,0
1675771521170,29,FIr Creation Request,201,Created,Firs Test single user 1-1,text,true,,463,10422,1,1,http://localhost:3002/fir,29,0,0
1675771521201,44,FIr Creation Request,201,Created,Firs Test single user 1-1,text,true,,463,10422,1,1,http://localhost:3002/fir,44,0,0
1675771521247,30,FIr Creation Request,201,Created,Firs Test single user 1-1,text,true,,463,10422,1,1,http://localhost:3002/fir,30,0,0
1675771521279,44,FIr Creation Request,201,Created,Firs Test single user 1-1,text,true,,463,10422,1,1,http://localhost:3002/fir,44,0,1
1675771521325,29,FIr Creation Request,201,Created,Firs Test single user 1-1,text,true,,463,10422,1,1,http://localhost:3002/fir,29,0,0
1675771521356,61,FIr Creation Request,201,Created,Firs Test single user 1-1,text,true,,463,10422,1,1,http://localhost:3002/fir,61,0,0
1675771521420,134,FIr Creation Request,201,Created,Firs Test single user 1-1,text,true,,463,10422,1,1,http://localhost:3002/fir,134,0,1
1675771521556,30,FIr Creation Request,201,Created,Firs Test single user 1-1,text,true,,463,10422,1,1,http://localhost:3002/fir,30,0,0
1675771521589,28,FIr Creation Request,201,Created,Firs Test single user 1-1,text,true,,463,10422,1,1,http://localhost:3002/fir,28,0,0
1675771521618,91,FIr Creation Request,201,Created,Firs Test single user 1-1,text,true,,463,10422,1,1,http://localhost:3002/fir,91,0,1
1675771521711,29,FIr Creation Request,201,Created,Firs Test single user 1-1,text,true,,463,10422,1,1,http://localhost:3002/fir,29,0,1
1675771521757,30,FIr Creation Request,201,Created,Firs Test single user 1-1,text,true,,463,10422,1,1,http://localhost:3002/fir,30,0,1
1675771521791,57,FIr Creation Request,201,Created,Firs Test single user 1-1,text,true,,463,10422,1,1,http://localhost:3002/fir,57,0,0
1675771521851,43,FIr Creation Request,201,Created,Firs Test single user 1-1,text,true,,463,10422,1,1,http://localhost:3002/fir,43,0,0
1675771521896,59,FIr Creation Request,201,Created,Firs Test single user 1-1,text,true,,463,10422,1,1,http://localhost:3002/fir,59,0,0
1675771521957,60,FIr Creation Request,201,Created,Firs Test single user 1-1,text,true,,463,10422,1,1,http://localhost:3002/fir,60,0,0
1675771522019,30,FIr Creation Request,201,Created,Firs Test single user 1-1,text,true,,463,10422,1,1,http://localhost:3002/fir,30,0,0
1675771522053,43,FIr Creation Request,201,Created,Firs Test single user 1-1,text,true,,463,10422,1,1,http://localhost:3002/fir,43,0,0
1675771522098,60,FIr Creation Request,201,Created,Firs Test single user 1-1,text,true,,463,10422,1,1,http://localhost:3002/fir,60,0,0
1675771522172,64,FIr Creation Request,201,Created,Firs Test single user 1-1,text,true,,463,10422,1,1,http://localhost:3002/fir,64,0,0
1675771522238,45,FIr Creation Request,201,Created,Firs Test single user 1-1,text,true,,463,10422,1,1,http://localhost:3002/fir,45,0,0
1675771522284,30,FIr Creation Request,201,Created,Firs Test single user 1-1,text,true,,463,10422,1,1,http://localhost:3002/fir,30,0,1
1675771522316,29,FIr Creation Request,201,Created,Firs Test single user 1-1,text,true,,463,10422,1,1,http://localhost:3002/fir,29,0,0
1675771522348,75,FIr Creation Request,201,Created,Firs Test single user 1-1,text,true,,463,10422,1,1,http://localhost:3002/fir,75,0,0
1675771522425,92,FIr Creation Request,201,Created,Firs Test single user 1-1,text,true,,463,10422,1,1,http://localhost:3002/fir,92,0,0
1675771522520,28,FIr Creation Request,201,Created,Firs Test single user 1-1,text,true,,463,10422,1,1,http://localhost:3002/fir,28,0,1
1675771522550,45,FIr Creation Request,201,Created,Firs Test single user 1-1,text,true,,463,10422,1,1,http://localhost:3002/fir,45,0,0
1675771522596,46,FIr Creation Request,201,Created,Firs Test single user 1-1,text,true,,463,10422,1,1,http://localhost:3002/fir,46,0,0
1675771522647,40,FIr Creation Request,201,Created,Firs Test single user 1-1,text,true,,463,10422,1,1,http://localhost:3002/fir,40,0,0
1675771522689,30,FIr Creation Request,201,Created,Firs Test single user 1-1,text,true,,463,10422,1,1,http://localhost:3002/fir,30,0,0
1675771522722,58,FIr Creation Request,201,Created,Firs Test single user 1-1,text,true,,463,10422,1,1,http://localhost:3002/fir,58,0,0
1675771522781,46,FIr Creation Request,201,Created,Firs Test single user 1-1,text,true,,463,10422,1,1,http://localhost:3002/fir,46,0,1
1675771522830,59,FIr Creation Request,201,Created,Firs Test single user 1-1,text,true,,463,10422,1,1,http://localhost:3002/fir,59,0,0
1675771522891,30,FIr Creation Request,201,Created,Firs Test single user 1-1,text,true,,463,10422,1,1,http://localhost:3002/fir,30,0,0
1675771522923,60,FIr Creation Request,201,Created,Firs Test single user 1-1,text,true,,463,10422,1,1,http://localhost:3002/fir,60,0,1
1675771522984,30,FIr Creation Request,201,Created,Firs Test single user 1-1,text,true,,463,10422,1,1,http://localhost:3002/fir,30,0,0
1675771523017,76,FIr Creation Request,201,Created,Firs Test single user 1-1,text,true,,463,10422,1,1,http://localhost:3002/fir,76,0,0
1675771523095,28,FIr Creation Request,201,Created,Firs Test single user 1-1,text,true,,463,10422,1,1,http://localhost:3002/fir,28,0,1
1675771523124,77,FIr Creation Request,201,Created,Firs Test single user 1-1,text,true,,463,10422,1,1,http://localhost:3002/fir,77,0,0
1675771523203,32,FIr Creation Request,201,Created,Firs Test single user 1-1,text,true,,463,10422,1,1,http://localhost:3002/fir,32,0,0
1675771523238,43,FIr Creation Request,201,Created,Firs Test single user 1-1,text,true,,463,10422,1,1,http://localhost:3002/fir,43,0,1
1675771523289,24,FIr Creation Request,201,Created,Firs Test single user 1-1,text,true,,463,10422,1,1,http://localhost:3002/fir,24,0,0
1675771523314,76,FIr Creation Request,201,Created,Firs Test single user 1-1,text,true,,463,10422,1,1,http://localhost:3002/fir,76,0,1
1675771523392,29,FIr Creation Request,201,Created,Firs Test single user 1-1,text,true,,463,10422,1,1,http://localhost:3002/fir,29,0,0
1675771523422,30,FIr Creation Request,201,Created,Firs Test single user 1-1,text,true,,463,10422,1,1,http://localhost:3002/fir,30,0,0
1675771523454,201,FIr Creation Request,201,Created,Firs Test single user 1-1,text,true,,463,10422,1,1,http://localhost:3002/fir,201,0,0
1675771523660,72,FIr Creation Request,201,Created,Firs Test single user 1-1,text,true,,463,10422,1,1,http://localhost:3002/fir,72,0,0
1675771523734,46,FIr Creation Request,201,Created,Firs Test single user 1-1,text,true,,463,10422,1,1,http://localhost:3002/fir,46,0,0
1675771523782,29,FIr Creation Request,201,Created,Firs Test single user 1-1,text,true,,463,10422,1,1,http://localhost:3002/fir,29,0,0
1675771523813,61,FIr Creation Request,201,Created,Firs Test single user 1-1,text,true,,463,10422,1,1,http://localhost:3002/fir,61,0,0
1675771523879,26,FIr Creation Request,201,Created,Firs Test single user 1-1,text,true,,463,10422,1,1,http://localhost:3002/fir,26,0,0
1675771523906,31,FIr Creation Request,201,Created,Firs Test single user 1-1,text,true,,463,10422,1,1,http://localhost:3002/fir,31,0,0
1675771523939,61,FIr Creation Request,201,Created,Firs Test single user 1-1,text,true,,463,10422,1,1,http://localhost:3002/fir,61,0,0
1675771524002,44,FIr Creation Request,201,Created,Firs Test single user 1-1,text,true,,463,10422,1,1,http://localhost:3002/fir,44,0,0
1675771524048,30,FIr Creation Request,201,Created,Firs Test single user 1-1,text,true,,463,10422,1,1,http://localhost:3002/fir,30,0,0
1675771524082,150,FIr Creation Request,201,Created,Firs Test single user 1-1,text,true,,463,10422,1,1,http://localhost:3002/fir,150,0,0
1675771524234,61,FIr Creation Request,201,Created,Firs Test single user 1-1,text,true,,463,10422,1,1,http://localhost:3002/fir,61,0,0
1675771524298,43,FIr Creation Request,201,Created,Firs Test single user 1-1,text,true,,463,10422,1,1,http://localhost:3002/fir,43,0,0
1675771524342,30,FIr Creation Request,201,Created,Firs Test single user 1-1,text,true,,463,10422,1,1,http://localhost:3002/fir,30,0,1
1675771524373,31,FIr Creation Request,201,Created,Firs Test single user 1-1,text,true,,463,10422,1,1,http://localhost:3002/fir,31,0,1
1675771524406,29,FIr Creation Request,201,Created,Firs Test single user 1-1,text,true,,463,10422,1,1,http://localhost:3002/fir,29,0,0
1675771524438,122,FIr Creation Request,201,Created,Firs Test single user 1-1,text,true,,463,10422,1,1,http://localhost:3002/fir,122,0,0
1675771524565,26,FIr Creation Request,201,Created,Firs Test single user 1-1,text,true,,463,10422,1,1,http://localhost:3002/fir,26,0,1
1675771524594,59,FIr Creation Request,201,Created,Firs Test single user 1-1,text,true,,463,10422,1,1,http://localhost:3002/fir,59,0,0
1675771524655,44,FIr Creation Request,201,Created,Firs Test single user 1-1,text,true,,463,10422,1,1,http://localhost:3002/fir,44,0,1
1675771524700,30,FIr Creation Request,201,Created,Firs Test single user 1-1,text,true,,463,10422,1,1,http://localhost:3002/fir,30,0,1
1675771524732,45,FIr Creation Request,201,Created,Firs Test single user 1-1,text,true,,463,10422,1,1,http://localhost:3002/fir,45,0,0
1675771524780,44,FIr Creation Request,201,Created,Firs Test single user 1-1,text,true,,463,10422,1,1,http://localhost:3002/fir,44,0,0
1675771524837,33,FIr Creation Request,201,Created,Firs Test single user 1-1,text,true,,463,10422,1,1,http://localhost:3002/fir,33,0,0
1675771524872,46,FIr Creation Request,201,Created,Firs Test single user 1-1,text,true,,463,10422,1,1,http://localhost:3002/fir,46,0,0
1675771524921,28,FIr Creation Request,201,Created,Firs Test single user 1-1,text,true,,463,10422,1,1,http://localhost:3002/fir,28,0,0
1675771524951,44,FIr Creation Request,201,Created,Firs Test single user 1-1,text,true,,463,10422,1,1,http://localhost:3002/fir,44,0,0
1675771524996,60,FIr Creation Request,201,Created,Firs Test single user 1-1,text,true,,463,10422,1,1,http://localhost:3002/fir,60,0,0
1675771525058,46,FIr Creation Request,201,Created,Firs Test single user 1-1,text,true,,463,10422,1,1,http://localhost:3002/fir,46,0,1
1675771525108,27,FIr Creation Request,201,Created,Firs Test single user 1-1,text,true,,463,10422,1,1,http://localhost:3002/fir,27,0,1
1675771525136,30,FIr Creation Request,201,Created,Firs Test single user 1-1,text,true,,463,10422,1,1,http://localhost:3002/fir,30,0,0
1675771525167,77,FIr Creation Request,201,Created,Firs Test single user 1-1,text,true,,463,10422,1,1,http://localhost:3002/fir,77,0,0
1675771525246,30,FIr Creation Request,201,Created,Firs Test single user 1-1,text,true,,463,10422,1,1,http://localhost:3002/fir,30,0,0
1675771525278,61,FIr Creation Request,201,Created,Firs Test single user 1-1,text,true,,463,10422,1,1,http://localhost:3002/fir,61,0,1
1675771525352,33,FIr Creation Request,201,Created,Firs Test single user 1-1,text,true,,463,10422,1,1,http://localhost:3002/fir,33,0,0
1675771525386,30,FIr Creation Request,201,Created,Firs Test single user 1-1,text,true,,463,10422,1,1,http://localhost:3002/fir,30,0,1
1675771525418,121,FIr Creation Request,201,Created,Firs Test single user 1-1,text,true,,463,10422,1,1,http://localhost:3002/fir,121,0,0
1675771525541,30,FIr Creation Request,201,Created,Firs Test single user 1-1,text,true,,463,10422,1,1,http://localhost:3002/fir,30,0,1
1675771525573,30,FIr Creation Request,201,Created,Firs Test single user 1-1,text,true,,463,10422,1,1,http://localhost:3002/fir,30,0,0
1675771525604,29,FIr Creation Request,201,Created,Firs Test single user 1-1,text,true,,463,10422,1,1,http://localhost:3002/fir,29,0,1
1675771525634,46,FIr Creation Request,201,Created,Firs Test single user 1-1,text,true,,463,10422,1,1,http://localhost:3002/fir,46,0,0
1675771525684,42,FIr Creation Request,201,Created,Firs Test single user 1-1,text,true,,463,10422,1,1,http://localhost:3002/fir,42,0,0
1675771525727,30,FIr Creation Request,201,Created,Firs Test single user 1-1,text,true,,463,10422,1,1,http://localhost:3002/fir,30,0,0
1675771525758,29,FIr Creation Request,201,Created,Firs Test single user 1-1,text,true,,463,10422,1,1,http://localhost:3002/fir,29,0,1
1675771525789,30,FIr Creation Request,201,Created,Firs Test single user 1-1,text,true,,463,10422,1,1,http://localhost:3002/fir,30,0,0
1675771525821,44,FIr Creation Request,201,Created,Firs Test single user 1-1,text,true,,463,10422,1,1,http://localhost:3002/fir,44,0,1
1675771525866,61,FIr Creation Request,201,Created,Firs Test single user 1-1,text,true,,463,10422,1,1,http://localhost:3002/fir,61,0,0
1675771525929,44,FIr Creation Request,201,Created,Firs Test single user 1-1,text,true,,463,10422,1,1,http://localhost:3002/fir,44,0,0
1675771525975,29,FIr Creation Request,201,Created,Firs Test single user 1-1,text,true,,463,10422,1,1,http://localhost:3002/fir,29,0,0
1675771526007,58,FIr Creation Request,201,Created,Firs Test single user 1-1,text,true,,463,10422,1,1,http://localhost:3002/fir,58,0,1
1675771526067,30,FIr Creation Request,201,Created,Firs Test single user 1-1,text,true,,463,10422,1,1,http://localhost:3002/fir,30,0,0
1675771526101,41,FIr Creation Request,201,Created,Firs Test single user 1-1,text,true,,463,10422,1,1,http://localhost:3002/fir,40,0,0
1675771526144,59,FIr Creation Request,201,Created,Firs Test single user 1-1,text,true,,463,10422,1,1,http://localhost:3002/fir,59,0,0
1675771526205,29,FIr Creation Request,201,Created,Firs Test single user 1-1,text,true,,463,10422,1,1,http://localhost:3002/fir,29,0,0
1675771526237,44,FIr Creation Request,201,Created,Firs Test single user 1-1,text,true,,463,10422,1,1,http://localhost:3002/fir,44,0,1
1675771526285,43,FIr Creation Request,201,Created,Firs Test single user 1-1,text,true,,463,10422,1,1,http://localhost:3002/fir,43,0,0
1675771526329,31,FIr Creation Request,201,Created,Firs Test single user 1-1,text,true,,463,10422,1,1,http://localhost:3002/fir,31,0,1
1675771526372,35,FIr Creation Request,201,Created,Firs Test single user 1-1,text,true,,463,10422,1,1,http://localhost:3002/fir,35,0,1
1675771526408,29,FIr Creation Request,201,Created,Firs Test single user 1-1,text,true,,463,10422,1,1,http://localhost:3002/fir,29,0,1
1675771526439,29,FIr Creation Request,201,Created,Firs Test single user 1-1,text,true,,463,10422,1,1,http://localhost:3002/fir,29,0,0
1675771526469,30,FIr Creation Request,201,Created,Firs Test single user 1-1,text,true,,463,10422,1,1,http://localhost:3002/fir,30,0,0
1675771526502,45,FIr Creation Request,201,Created,Firs Test single user 1-1,text,true,,463,10422,1,1,http://localhost:3002/fir,45,0,1
1675771526550,57,FIr Creation Request,201,Created,Firs Test single user 1-1,text,true,,463,10422,1,1,http://localhost:3002/fir,57,0,1
1675771526608,30,FIr Creation Request,201,Created,Firs Test single user 1-1,text,true,,463,10422,1,1,http://localhost:3002/fir,30,0,1
1675771526640,61,FIr Creation Request,201,Created,Firs Test single user 1-1,text,true,,463,10422,1,1,http://localhost:3002/fir,61,0,0
1675771526703,45,FIr Creation Request,201,Created,Firs Test single user 1-1,text,true,,463,10422,1,1,http://localhost:3002/fir,45,0,0
1675771526750,45,FIr Creation Request,201,Created,Firs Test single user 1-1,text,true,,463,10422,1,1,http://localhost:3002/fir,45,0,0
1675771526796,77,FIr Creation Request,201,Created,Firs Test single user 1-1,text,true,,463,10422,1,1,http://localhost:3002/fir,77,0,1
1675771526886,33,FIr Creation Request,201,Created,Firs Test single user 1-1,text,true,,463,10422,1,1,http://localhost:3002/fir,33,0,0
1675771526921,61,FIr Creation Request,201,Created,Firs Test single user 1-1,text,true,,463,10422,1,1,http://localhost:3002/fir,61,0,0
1675771526986,58,FIr Creation Request,201,Created,Firs Test single user 1-1,text,true,,463,10422,1,1,http://localhost:3002/fir,58,0,1
1675771527047,27,FIr Creation Request,201,Created,Firs Test single user 1-1,text,true,,463,10422,1,1,http://localhost:3002/fir,27,0,0
1675771527076,60,FIr Creation Request,201,Created,Firs Test single user 1-1,text,true,,463,10422,1,1,http://localhost:3002/fir,60,0,0
1675771527138,29,FIr Creation Request,201,Created,Firs Test single user 1-1,text,true,,463,10422,1,1,http://localhost:3002/fir,29,0,0
1675771527169,61,FIr Creation Request,201,Created,Firs Test single user 1-1,text,true,,463,10422,1,1,http://localhost:3002/fir,61,0,0
1675771527235,41,FIr Creation Request,201,Created,Firs Test single user 1-1,text,true,,463,10422,1,1,http://localhost:3002/fir,41,0,1
1675771527284,23,FIr Creation Request,201,Created,Firs Test single user 1-1,text,true,,463,10422,1,1,http://localhost:3002/fir,23,0,0
1675771527310,27,FIr Creation Request,201,Created,Firs Test single user 1-1,text,true,,463,10422,1,1,http://localhost:3002/fir,27,0,0
1675771527339,29,FIr Creation Request,201,Created,Firs Test single user 1-1,text,true,,463,10422,1,1,http://localhost:3002/fir,29,0,0
1675771527371,28,FIr Creation Request,201,Created,Firs Test single user 1-1,text,true,,463,10422,1,1,http://localhost:3002/fir,28,0,1
1675771527400,76,FIr Creation Request,201,Created,Firs Test single user 1-1,text,true,,463,10422,1,1,http://localhost:3002/fir,76,0,0
1675771527478,29,FIr Creation Request,201,Created,Firs Test single user 1-1,text,true,,463,10422,1,1,http://localhost:3002/fir,29,0,0
1675771527508,29,FIr Creation Request,201,Created,Firs Test single user 1-1,text,true,,463,10422,1,1,http://localhost:3002/fir,29,0,0
1675771527539,60,FIr Creation Request,201,Created,Firs Test single user 1-1,text,true,,463,10422,1,1,http://localhost:3002/fir,60,0,0
1675771527601,30,FIr Creation Request,201,Created,Firs Test single user 1-1,text,true,,463,10422,1,1,http://localhost:3002/fir,30,0,0
1675771527634,43,FIr Creation Request,201,Created,Firs Test single user 1-1,text,true,,463,10422,1,1,http://localhost:3002/fir,43,0,1
1675771527678,47,FIr Creation Request,201,Created,Firs Test single user 1-1,text,true,,463,10422,1,1,http://localhost:3002/fir,47,0,1
1675771527728,27,FIr Creation Request,201,Created,Firs Test single user 1-1,text,true,,463,10422,1,1,http://localhost:3002/fir,27,0,0
1675771527757,29,FIr Creation Request,201,Created,Firs Test single user 1-1,text,true,,463,10422,1,1,http://localhost:3002/fir,29,0,0
1675771527795,53,FIr Creation Request,201,Created,Firs Test single user 1-1,text,true,,463,10422,1,1,http://localhost:3002/fir,53,0,0
1675771527849,30,FIr Creation Request,201,Created,Firs Test single user 1-1,text,true,,463,10422,1,1,http://localhost:3002/fir,30,0,1
1675771527881,60,FIr Creation Request,201,Created,Firs Test single user 1-1,text,true,,463,10422,1,1,http://localhost:3002/fir,60,0,0
1675771527943,46,FIr Creation Request,201,Created,Firs Test single user 1-1,text,true,,463,10422,1,1,http://localhost:3002/fir,46,0,0
1675771527990,31,FIr Creation Request,201,Created,Firs Test single user 1-1,text,true,,463,10422,1,1,http://localhost:3002/fir,31,0,1
1675771528023,28,FIr Creation Request,201,Created,Firs Test single user 1-1,text,true,,463,10422,1,1,http://localhost:3002/fir,28,0,1
1675771528053,79,FIr Creation Request,201,Created,Firs Test single user 1-1,text,true,,463,10422,1,1,http://localhost:3002/fir,79,0,0
1675771528137,40,FIr Creation Request,201,Created,Firs Test single user 1-1,text,true,,463,10422,1,1,http://localhost:3002/fir,40,0,0
1675771528177,122,FIr Creation Request,201,Created,Firs Test single user 1-1,text,true,,463,10422,1,1,http://localhost:3002/fir,122,0,0
1675771528310,20,FIr Creation Request,201,Created,Firs Test single user 1-1,text,true,,463,10422,1,1,http://localhost:3002/fir,20,0,0
1675771528333,59,FIr Creation Request,201,Created,Firs Test single user 1-1,text,true,,463,10422,1,1,http://localhost:3002/fir,59,0,0
1675771528394,60,FIr Creation Request,201,Created,Firs Test single user 1-1,text,true,,463,10422,1,1,http://localhost:3002/fir,60,0,0
1675771528456,44,FIr Creation Request,201,Created,Firs Test single user 1-1,text,true,,463,10422,1,1,http://localhost:3002/fir,44,0,0
1675771528502,29,FIr Creation Request,201,Created,Firs Test single user 1-1,text,true,,463,10422,1,1,http://localhost:3002/fir,29,0,0
1675771528532,61,FIr Creation Request,201,Created,Firs Test single user 1-1,text,true,,463,10422,1,1,http://localhost:3002/fir,61,0,1
1675771528595,46,FIr Creation Request,201,Created,Firs Test single user 1-1,text,true,,463,10422,1,1,http://localhost:3002/fir,46,0,0
1675771528642,45,FIr Creation Request,201,Created,Firs Test single user 1-1,text,true,,463,10422,1,1,http://localhost:3002/fir,45,0,0
1675771528688,30,FIr Creation Request,201,Created,Firs Test single user 1-1,text,true,,463,10422,1,1,http://localhost:3002/fir,30,0,1
1675771528719,30,FIr Creation Request,201,Created,Firs Test single user 1-1,text,true,,463,10422,1,1,http://localhost:3002/fir,30,0,0
1675771528752,28,FIr Creation Request,201,Created,Firs Test single user 1-1,text,true,,463,10422,1,1,http://localhost:3002/fir,28,0,0
1675771528782,60,FIr Creation Request,201,Created,Firs Test single user 1-1,text,true,,463,10422,1,1,http://localhost:3002/fir,60,0,1
1675771528843,30,FIr Creation Request,201,Created,Firs Test single user 1-1,text,true,,463,10422,1,1,http://localhost:3002/fir,30,0,0
1675771528876,58,FIr Creation Request,201,Created,Firs Test single user 1-1,text,true,,463,10422,1,1,http://localhost:3002/fir,58,0,0
1675771528935,29,FIr Creation Request,201,Created,Firs Test single user 1-1,text,true,,463,10422,1,1,http://localhost:3002/fir,29,0,0
1675771528966,59,FIr Creation Request,201,Created,Firs Test single user 1-1,text,true,,463,10422,1,1,http://localhost:3002/fir,59,0,0
1675771529026,61,FIr Creation Request,201,Created,Firs Test single user 1-1,text,true,,463,10422,1,1,http://localhost:3002/fir,61,0,0
1675771529088,61,FIr Creation Request,201,Created,Firs Test single user 1-1,text,true,,463,10422,1,1,http://localhost:3002/fir,61,0,0
1675771529152,59,FIr Creation Request,201,Created,Firs Test single user 1-1,text,true,,463,10422,1,1,http://localhost:3002/fir,59,0,0
1675771529214,42,FIr Creation Request,201,Created,Firs Test single user 1-1,text,true,,463,10422,1,1,http://localhost:3002/fir,42,0,1
1675771529257,30,FIr Creation Request,201,Created,Firs Test single user 1-1,text,true,,463,10422,1,1,http://localhost:3002/fir,30,0,0
1675771529289,30,FIr Creation Request,201,Created,Firs Test single user 1-1,text,true,,463,10422,1,1,http://localhost:3002/fir,30,0,0
1675771529333,32,FIr Creation Request,201,Created,Firs Test single user 1-1,text,true,,463,10422,1,1,http://localhost:3002/fir,32,0,0
1675771529367,30,FIr Creation Request,201,Created,Firs Test single user 1-1,text,true,,463,10422,1,1,http://localhost:3002/fir,30,0,0
1675771529400,44,FIr Creation Request,201,Created,Firs Test single user 1-1,text,true,,463,10422,1,1,http://localhost:3002/fir,44,0,0
1675771529445,30,FIr Creation Request,201,Created,Firs Test single user 1-1,text,true,,463,10422,1,1,http://localhost:3002/fir,30,0,0
1675771529476,45,FIr Creation Request,201,Created,Firs Test single user 1-1,text,true,,463,10422,1,1,http://localhost:3002/fir,45,0,0
1675771529522,77,FIr Creation Request,201,Created,Firs Test single user 1-1,text,true,,463,10422,1,1,http://localhost:3002/fir,77,0,1
1675771529602,28,FIr Creation Request,201,Created,Firs Test single user 1-1,text,true,,463,10422,1,1,http://localhost:3002/fir,28,0,1
1675771529631,62,FIr Creation Request,201,Created,Firs Test single user 1-1,text,true,,463,10422,1,1,http://localhost:3002/fir,62,0,0
1675771529696,42,FIr Creation Request,201,Created,Firs Test single user 1-1,text,true,,463,10422,1,1,http://localhost:3002/fir,42,0,1
1675771529739,45,FIr Creation Request,201,Created,Firs Test single user 1-1,text,true,,463,10422,1,1,http://localhost:3002/fir,45,0,0
1675771529785,47,FIr Creation Request,201,Created,Firs Test single user 1-1,text,true,,463,10422,1,1,http://localhost:3002/fir,47,0,1
1675771529847,31,FIr Creation Request,201,Created,Firs Test single user 1-1,text,true,,463,10422,1,1,http://localhost:3002/fir,31,0,0
1675771529879,30,FIr Creation Request,201,Created,Firs Test single user 1-1,text,true,,463,10422,1,1,http://localhost:3002/fir,30,0,0
1675771529910,31,FIr Creation Request,201,Created,Firs Test single user 1-1,text,true,,463,10422,1,1,http://localhost:3002/fir,31,0,0
1675771529952,33,FIr Creation Request,201,Created,Firs Test single user 1-1,text,true,,463,10422,1,1,http://localhost:3002/fir,33,0,0
1675771529987,44,FIr Creation Request,201,Created,Firs Test single user 1-1,text,true,,463,10422,1,1,http://localhost:3002/fir,44,0,1
1675771530033,28,FIr Creation Request,201,Created,Firs Test single user 1-1,text,true,,463,10422,1,1,http://localhost:3002/fir,28,0,1
1675771530063,45,FIr Creation Request,201,Created,Firs Test single user 1-1,text,true,,463,10422,1,1,http://localhost:3002/fir,45,0,0
1675771530110,29,FIr Creation Request,201,Created,Firs Test single user 1-1,text,true,,463,10422,1,1,http://localhost:3002/fir,29,0,0
1675771530140,45,FIr Creation Request,201,Created,Firs Test single user 1-1,text,true,,463,10422,1,1,http://localhost:3002/fir,45,0,1
1675771530187,76,FIr Creation Request,201,Created,Firs Test single user 1-1,text,true,,463,10422,1,1,http://localhost:3002/fir,76,0,1
1675771530264,30,FIr Creation Request,201,Created,Firs Test single user 1-1,text,true,,463,10422,1,1,http://localhost:3002/fir,30,0,0
1675771530297,28,FIr Creation Request,201,Created,Firs Test single user 1-1,text,true,,463,10422,1,1,http://localhost:3002/fir,28,0,0
1675771530327,60,FIr Creation Request,201,Created,Firs Test single user 1-1,text,true,,463,10422,1,1,http://localhost:3002/fir,60,0,0
1675771530390,43,FIr Creation Request,201,Created,Firs Test single user 1-1,text,true,,463,10422,1,1,http://localhost:3002/fir,43,0,1
1675771530434,30,FIr Creation Request,201,Created,Firs Test single user 1-1,text,true,,463,10422,1,1,http://localhost:3002/fir,30,0,1
1675771530526,48,FIr Creation Request,201,Created,Firs Test single user 1-1,text,true,,463,10422,1,1,http://localhost:3002/fir,48,0,1
1675771530576,29,FIr Creation Request,201,Created,Firs Test single user 1-1,text,true,,463,10422,1,1,http://localhost:3002/fir,29,0,0
1675771530606,62,FIr Creation Request,201,Created,Firs Test single user 1-1,text,true,,463,10422,1,1,http://localhost:3002/fir,62,0,0
1675771530671,27,FIr Creation Request,201,Created,Firs Test single user 1-1,text,true,,463,10422,1,1,http://localhost:3002/fir,27,0,0
1675771530701,28,FIr Creation Request,201,Created,Firs Test single user 1-1,text,true,,463,10422,1,1,http://localhost:3002/fir,28,0,0
1675771530730,61,FIr Creation Request,201,Created,Firs Test single user 1-1,text,true,,463,10422,1,1,http://localhost:3002/fir,61,0,0
1675771530794,28,FIr Creation Request,201,Created,Firs Test single user 1-1,text,true,,463,10422,1,1,http://localhost:3002/fir,28,0,1
1675771530823,30,FIr Creation Request,201,Created,Firs Test single user 1-1,text,true,,463,10422,1,1,http://localhost:3002/fir,30,0,1
1675771530867,33,FIr Creation Request,201,Created,Firs Test single user 1-1,text,true,,463,10422,1,1,http://localhost:3002/fir,33,0,0
1675771530903,74,FIr Creation Request,201,Created,Firs Test single user 1-1,text,true,,463,10422,1,1,http://localhost:3002/fir,74,0,0
1675771530978,31,FIr Creation Request,201,Created,Firs Test single user 1-1,text,true,,463,10422,1,1,http://localhost:3002/fir,31,0,1
1675771531010,31,FIr Creation Request,201,Created,Firs Test single user 1-1,text,true,,463,10422,1,1,http://localhost:3002/fir,31,0,0
1675771531044,27,FIr Creation Request,201,Created,Firs Test single user 1-1,text,true,,463,10422,1,1,http://localhost:3002/fir,27,0,0
1675771531073,30,FIr Creation Request,201,Created,Firs Test single user 1-1,text,true,,463,10422,1,1,http://localhost:3002/fir,30,0,0
1675771531105,44,FIr Creation Request,201,Created,Firs Test single user 1-1,text,true,,463,10422,1,1,http://localhost:3002/fir,44,0,0
1675771531153,41,FIr Creation Request,201,Created,Firs Test single user 1-1,text,true,,463,10422,1,1,http://localhost:3002/fir,41,0,1
1675771531195,31,FIr Creation Request,201,Created,Firs Test single user 1-1,text,true,,463,10422,1,1,http://localhost:3002/fir,31,0,0
1675771531230,27,FIr Creation Request,201,Created,Firs Test single user 1-1,text,true,,463,10422,1,1,http://localhost:3002/fir,27,0,1
1675771531258,60,FIr Creation Request,201,Created,Firs Test single user 1-1,text,true,,463,10422,1,1,http://localhost:3002/fir,60,0,1
1675771531321,28,FIr Creation Request,201,Created,Firs Test single user 1-1,text,true,,463,10422,1,1,http://localhost:3002/fir,28,0,0
1675771531351,29,FIr Creation Request,201,Created,Firs Test single user 1-1,text,true,,463,10422,1,1,http://localhost:3002/fir,29,0,0
1675771531382,45,FIr Creation Request,201,Created,Firs Test single user 1-1,text,true,,463,10422,1,1,http://localhost:3002/fir,45,0,0
1675771531429,29,FIr Creation Request,201,Created,Firs Test single user 1-1,text,true,,463,10422,1,1,http://localhost:3002/fir,29,0,0
1675771531459,77,FIr Creation Request,201,Created,Firs Test single user 1-1,text,true,,463,10422,1,1,http://localhost:3002/fir,77,0,1
1675771531538,60,FIr Creation Request,201,Created,Firs Test single user 1-1,text,true,,463,10422,1,1,http://localhost:3002/fir,60,0,0
1675771531600,29,FIr Creation Request,201,Created,Firs Test single user 1-1,text,true,,463,10422,1,1,http://localhost:3002/fir,29,0,0
1675771531632,44,FIr Creation Request,201,Created,Firs Test single user 1-1,text,true,,463,10422,1,1,http://localhost:3002/fir,44,0,1
1675771531678,44,FIr Creation Request,201,Created,Firs Test single user 1-1,text,true,,463,10422,1,1,http://localhost:3002/fir,44,0,0
1675771531724,30,FIr Creation Request,201,Created,Firs Test single user 1-1,text,true,,463,10422,1,1,http://localhost:3002/fir,30,0,0
1675771531758,59,FIr Creation Request,201,Created,Firs Test single user 1-1,text,true,,463,10422,1,1,http://localhost:3002/fir,59,0,0
1675771531821,43,FIr Creation Request,201,Created,Firs Test single user 1-1,text,true,,463,10422,1,1,http://localhost:3002/fir,43,0,1
1675771531865,30,FIr Creation Request,201,Created,Firs Test single user 1-1,text,true,,463,10422,1,1,http://localhost:3002/fir,30,0,1
1675771531896,45,FIr Creation Request,201,Created,Firs Test single user 1-1,text,true,,463,10422,1,1,http://localhost:3002/fir,45,0,0
1675771531943,59,FIr Creation Request,201,Created,Firs Test single user 1-1,text,true,,463,10422,1,1,http://localhost:3002/fir,59,0,0
1675771532004,45,FIr Creation Request,201,Created,Firs Test single user 1-1,text,true,,463,10422,1,1,http://localhost:3002/fir,45,0,0
1675771532050,30,FIr Creation Request,201,Created,Firs Test single user 1-1,text,true,,463,10422,1,1,http://localhost:3002/fir,30,0,0
1675771532082,30,FIr Creation Request,201,Created,Firs Test single user 1-1,text,true,,463,10422,1,1,http://localhost:3002/fir,30,0,0
1675771532115,58,FIr Creation Request,201,Created,Firs Test single user 1-1,text,true,,463,10422,1,1,http://localhost:3002/fir,58,0,0
1675771532175,30,FIr Creation Request,201,Created,Firs Test single user 1-1,text,true,,463,10422,1,1,http://localhost:3002/fir,30,0,0
1675771532207,44,FIr Creation Request,201,Created,Firs Test single user 1-1,text,true,,463,10422,1,1,http://localhost:3002/fir,44,0,0
1675771532253,107,FIr Creation Request,201,Created,Firs Test single user 1-1,text,true,,463,10422,1,1,http://localhost:3002/fir,107,0,0
1675771532362,29,FIr Creation Request,201,Created,Firs Test single user 1-1,text,true,,463,10422,1,1,http://localhost:3002/fir,29,0,0
1675771532401,52,FIr Creation Request,201,Created,Firs Test single user 1-1,text,true,,463,10422,1,1,http://localhost:3002/fir,52,0,1
1675771532455,75,FIr Creation Request,201,Created,Firs Test single user 1-1,text,true,,463,10422,1,1,http://localhost:3002/fir,75,0,1
1675771532532,45,FIr Creation Request,201,Created,Firs Test single user 1-1,text,true,,463,10422,1,1,http://localhost:3002/fir,45,0,1
1675771532578,30,FIr Creation Request,201,Created,Firs Test single user 1-1,text,true,,463,10422,1,1,http://localhost:3002/fir,30,0,1
1675771532611,28,FIr Creation Request,201,Created,Firs Test single user 1-1,text,true,,463,10422,1,1,http://localhost:3002/fir,28,0,0
1675771532642,28,FIr Creation Request,201,Created,Firs Test single user 1-1,text,true,,463,10422,1,1,http://localhost:3002/fir,28,0,0
1675771532672,59,FIr Creation Request,201,Created,Firs Test single user 1-1,text,true,,463,10422,1,1,http://localhost:3002/fir,59,0,0
1675771532734,28,FIr Creation Request,201,Created,Firs Test single user 1-1,text,true,,463,10422,1,1,http://localhost:3002/fir,28,0,0
1675771532763,60,FIr Creation Request,201,Created,Firs Test single user 1-1,text,true,,463,10422,1,1,http://localhost:3002/fir,60,0,0
1675771532825,60,FIr Creation Request,201,Created,Firs Test single user 1-1,text,true,,463,10422,1,1,http://localhost:3002/fir,60,0,0
1675771532887,44,FIr Creation Request,201,Created,Firs Test single user 1-1,text,true,,463,10422,1,1,http://localhost:3002/fir,44,0,1
1675771532932,30,FIr Creation Request,201,Created,Firs Test single user 1-1,text,true,,463,10422,1,1,http://localhost:3002/fir,30,0,0
1675771532964,59,FIr Creation Request,201,Created,Firs Test single user 1-1,text,true,,463,10422,1,1,http://localhost:3002/fir,59,0,0
1675771533025,76,FIr Creation Request,201,Created,Firs Test single user 1-1,text,true,,463,10422,1,1,http://localhost:3002/fir,76,0,0
1675771533104,28,FIr Creation Request,201,Created,Firs Test single user 1-1,text,true,,463,10422,1,1,http://localhost:3002/fir,28,0,0
1675771533134,29,FIr Creation Request,201,Created,Firs Test single user 1-1,text,true,,463,10422,1,1,http://localhost:3002/fir,29,0,0
1675771533166,60,FIr Creation Request,201,Created,Firs Test single user 1-1,text,true,,463,10422,1,1,http://localhost:3002/fir,60,0,1
1675771533227,45,FIr Creation Request,201,Created,Firs Test single user 1-1,text,true,,463,10422,1,1,http://localhost:3002/fir,45,0,0
1675771533273,31,FIr Creation Request,201,Created,Firs Test single user 1-1,text,true,,463,10422,1,1,http://localhost:3002/fir,31,0,1
1675771533307,42,FIr Creation Request,201,Created,Firs Test single user 1-1,text,true,,463,10422,1,1,http://localhost:3002/fir,42,0,1
1675771533351,29,FIr Creation Request,201,Created,Firs Test single user 1-1,text,true,,463,10422,1,1,http://localhost:3002/fir,29,0,0
1675771533382,31,FIr Creation Request,201,Created,Firs Test single user 1-1,text,true,,463,10422,1,1,http://localhost:3002/fir,31,0,0
1675771533426,34,FIr Creation Request,201,Created,Firs Test single user 1-1,text,true,,463,10422,1,1,http://localhost:3002/fir,34,0,1
1675771533463,59,FIr Creation Request,201,Created,Firs Test single user 1-1,text,true,,463,10422,1,1,http://localhost:3002/fir,58,0,0
1675771533533,35,FIr Creation Request,201,Created,Firs Test single user 1-1,text,true,,463,10422,1,1,http://localhost:3002/fir,35,0,0
1675771533572,27,FIr Creation Request,201,Created,Firs Test single user 1-1,text,true,,463,10422,1,1,http://localhost:3002/fir,27,0,1
1675771533601,108,FIr Creation Request,201,Created,Firs Test single user 1-1,text,true,,463,10422,1,1,http://localhost:3002/fir,108,0,0
1675771533713,25,FIr Creation Request,201,Created,Firs Test single user 1-1,text,true,,463,10422,1,1,http://localhost:3002/fir,25,0,1
1675771533740,106,FIr Creation Request,201,Created,Firs Test single user 1-1,text,true,,463,10422,1,1,http://localhost:3002/fir,106,0,1
1675771533848,29,FIr Creation Request,201,Created,Firs Test single user 1-1,text,true,,463,10422,1,1,http://localhost:3002/fir,29,0,1
1675771533878,30,FIr Creation Request,201,Created,Firs Test single user 1-1,text,true,,463,10422,1,1,http://localhost:3002/fir,30,0,1
1675771533910,92,FIr Creation Request,201,Created,Firs Test single user 1-1,text,true,,463,10422,1,1,http://localhost:3002/fir,92,0,0
1675771534007,25,FIr Creation Request,201,Created,Firs Test single user 1-1,text,true,,463,10422,1,1,http://localhost:3002/fir,25,0,0
1675771534041,38,FIr Creation Request,201,Created,Firs Test single user 1-1,text,true,,463,10422,1,1,http://localhost:3002/fir,37,0,1
1675771534080,46,FIr Creation Request,201,Created,Firs Test single user 1-1,text,true,,463,10422,1,1,http://localhost:3002/fir,46,0,0
1675771534129,43,FIr Creation Request,201,Created,Firs Test single user 1-1,text,true,,463,10422,1,1,http://localhost:3002/fir,43,0,0
1675771534174,61,FIr Creation Request,201,Created,Firs Test single user 1-1,text,true,,463,10422,1,1,http://localhost:3002/fir,61,0,0
1675771534239,60,FIr Creation Request,201,Created,Firs Test single user 1-1,text,true,,463,10422,1,1,http://localhost:3002/fir,60,0,0
1675771534300,60,FIr Creation Request,201,Created,Firs Test single user 1-1,text,true,,463,10422,1,1,http://localhost:3002/fir,60,0,0
1675771534362,44,FIr Creation Request,201,Created,Firs Test single user 1-1,text,true,,463,10422,1,1,http://localhost:3002/fir,44,0,0
1675771534408,77,FIr Creation Request,201,Created,Firs Test single user 1-1,text,true,,463,10422,1,1,http://localhost:3002/fir,77,0,1
1675771534487,29,FIr Creation Request,201,Created,Firs Test single user 1-1,text,true,,463,10422,1,1,http://localhost:3002/fir,29,0,1
1675771534518,30,FIr Creation Request,201,Created,Firs Test single user 1-1,text,true,,463,10422,1,1,http://localhost:3002/fir,30,0,1
1675771534560,65,FIr Creation Request,201,Created,Firs Test single user 1-1,text,true,,463,10422,1,1,http://localhost:3002/fir,65,0,1
1675771534628,29,FIr Creation Request,201,Created,Firs Test single user 1-1,text,true,,463,10422,1,1,http://localhost:3002/fir,29,0,0
1675771534661,27,FIr Creation Request,201,Created,Firs Test single user 1-1,text,true,,463,10422,1,1,http://localhost:3002/fir,27,0,0
1675771534689,45,FIr Creation Request,201,Created,Firs Test single user 1-1,text,true,,463,10422,1,1,http://localhost:3002/fir,45,0,1
1675771534736,30,FIr Creation Request,201,Created,Firs Test single user 1-1,text,true,,463,10422,1,1,http://localhost:3002/fir,30,0,0
1675771534770,27,FIr Creation Request,201,Created,Firs Test single user 1-1,text,true,,463,10422,1,1,http://localhost:3002/fir,27,0,0
1675771534799,60,FIr Creation Request,201,Created,Firs Test single user 1-1,text,true,,463,10422,1,1,http://localhost:3002/fir,60,0,0
1675771534861,29,FIr Creation Request,201,Created,Firs Test single user 1-1,text,true,,463,10422,1,1,http://localhost:3002/fir,29,0,0
1675771534891,45,FIr Creation Request,201,Created,Firs Test single user 1-1,text,true,,463,10422,1,1,http://localhost:3002/fir,45,0,1
1675771534939,43,FIr Creation Request,201,Created,Firs Test single user 1-1,text,true,,463,10422,1,1,http://localhost:3002/fir,43,0,1
1675771534985,105,FIr Creation Request,201,Created,Firs Test single user 1-1,text,true,,463,10422,1,1,http://localhost:3002/fir,105,0,0
1675771535092,278,FIr Creation Request,201,Created,Firs Test single user 1-1,text,true,,463,10422,1,1,http://localhost:3002/fir,278,0,0
1675771535371,47,FIr Creation Request,201,Created,Firs Test single user 1-1,text,true,,463,10422,1,1,http://localhost:3002/fir,47,0,1
1675771535420,29,FIr Creation Request,201,Created,Firs Test single user 1-1,text,true,,463,10422,1,1,http://localhost:3002/fir,29,0,0
1675771535451,44,FIr Creation Request,201,Created,Firs Test single user 1-1,text,true,,463,10422,1,1,http://localhost:3002/fir,44,0,0
1675771535497,75,FIr Creation Request,201,Created,Firs Test single user 1-1,text,true,,463,10422,1,1,http://localhost:3002/fir,75,0,0
1675771535582,21,FIr Creation Request,201,Created,Firs Test single user 1-1,text,true,,463,10422,1,1,http://localhost:3002/fir,21,0,0
1675771535604,30,FIr Creation Request,201,Created,Firs Test single user 1-1,text,true,,463,10422,1,1,http://localhost:3002/fir,30,0,0
1675771535638,26,FIr Creation Request,201,Created,Firs Test single user 1-1,text,true,,463,10422,1,1,http://localhost:3002/fir,26,0,0
1675771535667,75,FIr Creation Request,201,Created,Firs Test single user 1-1,text,true,,463,10422,1,1,http://localhost:3002/fir,75,0,0
1675771535744,59,FIr Creation Request,201,Created,Firs Test single user 1-1,text,true,,463,10422,1,1,http://localhost:3002/fir,59,0,1
1675771535805,61,FIr Creation Request,201,Created,Firs Test single user 1-1,text,true,,463,10422,1,1,http://localhost:3002/fir,61,0,0
1675771535871,41,FIr Creation Request,201,Created,Firs Test single user 1-1,text,true,,463,10422,1,1,http://localhost:3002/fir,41,0,1
1675771535914,44,FIr Creation Request,201,Created,Firs Test single user 1-1,text,true,,463,10422,1,1,http://localhost:3002/fir,44,0,0
1675771535960,45,FIr Creation Request,201,Created,Firs Test single user 1-1,text,true,,463,10422,1,1,http://localhost:3002/fir,45,0,0
1675771536007,28,FIr Creation Request,201,Created,Firs Test single user 1-1,text,true,,463,10422,1,1,http://localhost:3002/fir,28,0,0
1675771536036,30,FIr Creation Request,201,Created,Firs Test single user 1-1,text,true,,463,10422,1,1,http://localhost:3002/fir,30,0,1
1675771536068,29,FIr Creation Request,201,Created,Firs Test single user 1-1,text,true,,463,10422,1,1,http://localhost:3002/fir,29,0,0
1675771536099,29,FIr Creation Request,201,Created,Firs Test single user 1-1,text,true,,463,10422,1,1,http://localhost:3002/fir,29,0,0
1675771536130,60,FIr Creation Request,201,Created,Firs Test single user 1-1,text,true,,463,10422,1,1,http://localhost:3002/fir,60,0,0
1675771536191,32,FIr Creation Request,201,Created,Firs Test single user 1-1,text,true,,463,10422,1,1,http://localhost:3002/fir,32,0,1
1675771536226,58,FIr Creation Request,201,Created,Firs Test single user 1-1,text,true,,463,10422,1,1,http://localhost:3002/fir,58,0,0
1675771536286,30,FIr Creation Request,201,Created,Firs Test single user 1-1,text,true,,463,10422,1,1,http://localhost:3002/fir,30,0,0
1675771536320,26,FIr Creation Request,201,Created,Firs Test single user 1-1,text,true,,463,10422,1,1,http://localhost:3002/fir,26,0,0
1675771536348,61,FIr Creation Request,201,Created,Firs Test single user 1-1,text,true,,463,10422,1,1,http://localhost:3002/fir,61,0,0
1675771536411,60,FIr Creation Request,201,Created,Firs Test single user 1-1,text,true,,463,10422,1,1,http://localhost:3002/fir,60,0,1
1675771536475,26,FIr Creation Request,201,Created,Firs Test single user 1-1,text,true,,463,10422,1,1,http://localhost:3002/fir,26,0,0
1675771536503,59,FIr Creation Request,201,Created,Firs Test single user 1-1,text,true,,463,10422,1,1,http://localhost:3002/fir,59,0,0
1675771536565,27,FIr Creation Request,201,Created,Firs Test single user 1-1,text,true,,463,10422,1,1,http://localhost:3002/fir,27,0,0
1675771536601,23,FIr Creation Request,201,Created,Firs Test single user 1-1,text,true,,463,10422,1,1,http://localhost:3002/fir,23,0,1
1675771536626,46,FIr Creation Request,201,Created,Firs Test single user 1-1,text,true,,463,10422,1,1,http://localhost:3002/fir,46,0,1
1675771536675,27,FIr Creation Request,201,Created,Firs Test single user 1-1,text,true,,463,10422,1,1,http://localhost:3002/fir,27,0,0
1675771536704,30,FIr Creation Request,201,Created,Firs Test single user 1-1,text,true,,463,10422,1,1,http://localhost:3002/fir,30,0,0
1675771536736,43,FIr Creation Request,201,Created,Firs Test single user 1-1,text,true,,463,10422,1,1,http://localhost:3002/fir,43,0,0
1675771536780,31,FIr Creation Request,201,Created,Firs Test single user 1-1,text,true,,463,10422,1,1,http://localhost:3002/fir,31,0,0
1675771536814,58,FIr Creation Request,201,Created,Firs Test single user 1-1,text,true,,463,10422,1,1,http://localhost:3002/fir,58,0,1
1675771536874,46,FIr Creation Request,201,Created,Firs Test single user 1-1,text,true,,463,10422,1,1,http://localhost:3002/fir,46,0,1
1675771536925,71,FIr Creation Request,201,Created,Firs Test single user 1-1,text,true,,463,10422,1,1,http://localhost:3002/fir,71,0,0
1675771537004,23,FIr Creation Request,201,Created,Firs Test single user 1-1,text,true,,463,10422,1,1,http://localhost:3002/fir,23,0,0
1675771537029,29,FIr Creation Request,201,Created,Firs Test single user 1-1,text,true,,463,10422,1,1,http://localhost:3002/fir,29,0,1
1675771537060,75,FIr Creation Request,201,Created,Firs Test single user 1-1,text,true,,463,10422,1,1,http://localhost:3002/fir,75,0,0
1675771537138,43,FIr Creation Request,201,Created,Firs Test single user 1-1,text,true,,463,10422,1,1,http://localhost:3002/fir,43,0,0
1675771537183,61,FIr Creation Request,201,Created,Firs Test single user 1-1,text,true,,463,10422,1,1,http://localhost:3002/fir,61,0,1
1675771537248,28,FIr Creation Request,201,Created,Firs Test single user 1-1,text,true,,463,10422,1,1,http://localhost:3002/fir,28,0,0
1675771537278,61,FIr Creation Request,201,Created,Firs Test single user 1-1,text,true,,463,10422,1,1,http://localhost:3002/fir,61,0,0
1675771537343,57,FIr Creation Request,201,Created,Firs Test single user 1-1,text,true,,463,10422,1,1,http://localhost:3002/fir,57,0,1
1675771537401,46,FIr Creation Request,201,Created,Firs Test single user 1-1,text,true,,463,10422,1,1,http://localhost:3002/fir,46,0,1
1675771537448,30,FIr Creation Request,201,Created,Firs Test single user 1-1,text,true,,463,10422,1,1,http://localhost:3002/fir,30,0,0
1675771537482,42,FIr Creation Request,201,Created,Firs Test single user 1-1,text,true,,463,10422,1,1,http://localhost:3002/fir,42,0,1
1675771537526,30,FIr Creation Request,201,Created,Firs Test single user 1-1,text,true,,463,10422,1,1,http://localhost:3002/fir,30,0,0
1675771537560,27,FIr Creation Request,201,Created,Firs Test single user 1-1,text,true,,463,10422,1,1,http://localhost:3002/fir,27,0,0
1675771537589,45,FIr Creation Request,201,Created,Firs Test single user 1-1,text,true,,463,10422,1,1,http://localhost:3002/fir,45,0,0
1675771537635,29,FIr Creation Request,201,Created,Firs Test single user 1-1,text,true,,463,10422,1,1,http://localhost:3002/fir,29,0,0
1675771537666,29,FIr Creation Request,201,Created,Firs Test single user 1-1,text,true,,463,10422,1,1,http://localhost:3002/fir,29,0,0
1675771537698,28,FIr Creation Request,201,Created,Firs Test single user 1-1,text,true,,463,10422,1,1,http://localhost:3002/fir,28,0,1
1675771537727,122,FIr Creation Request,201,Created,Firs Test single user 1-1,text,true,,463,10422,1,1,http://localhost:3002/fir,122,0,0
1675771537851,31,FIr Creation Request,201,Created,Firs Test single user 1-1,text,true,,463,10422,1,1,http://localhost:3002/fir,31,0,0
1675771537886,27,FIr Creation Request,201,Created,Firs Test single user 1-1,text,true,,463,10422,1,1,http://localhost:3002/fir,27,0,1
1675771537916,107,FIr Creation Request,201,Created,Firs Test single user 1-1,text,true,,463,10422,1,1,http://localhost:3002/fir,107,0,0
1675771538036,64,FIr Creation Request,201,Created,Firs Test single user 1-1,text,true,,463,10422,1,1,http://localhost:3002/fir,64,0,0
1675771538102,30,FIr Creation Request,201,Created,Firs Test single user 1-1,text,true,,463,10422,1,1,http://localhost:3002/fir,30,0,1
1675771538145,95,FIr Creation Request,201,Created,Firs Test single user 1-1,text,true,,463,10422,1,1,http://localhost:3002/fir,95,0,0
1675771538241,29,FIr Creation Request,201,Created,Firs Test single user 1-1,text,true,,463,10422,1,1,http://localhost:3002/fir,29,0,0
1675771538272,30,FIr Creation Request,201,Created,Firs Test single user 1-1,text,true,,463,10422,1,1,http://localhost:3002/fir,30,0,0
1675771538306,58,FIr Creation Request,201,Created,Firs Test single user 1-1,text,true,,463,10422,1,1,http://localhost:3002/fir,58,0,0
1675771538367,59,FIr Creation Request,201,Created,Firs Test single user 1-1,text,true,,463,10422,1,1,http://localhost:3002/fir,59,0,0
1675771538429,60,FIr Creation Request,201,Created,Firs Test single user 1-1,text,true,,463,10422,1,1,http://localhost:3002/fir,60,0,0
1675771538492,27,FIr Creation Request,201,Created,Firs Test single user 1-1,text,true,,463,10422,1,1,http://localhost:3002/fir,27,0,1
1675771538521,29,FIr Creation Request,201,Created,Firs Test single user 1-1,text,true,,463,10422,1,1,http://localhost:3002/fir,29,0,1
1675771538552,29,FIr Creation Request,201,Created,Firs Test single user 1-1,text,true,,463,10422,1,1,http://localhost:3002/fir,29,0,0
1675771538583,76,FIr Creation Request,201,Created,Firs Test single user 1-1,text,true,,463,10422,1,1,http://localhost:3002/fir,76,0,0
1675771538660,30,FIr Creation Request,201,Created,Firs Test single user 1-1,text,true,,463,10422,1,1,http://localhost:3002/fir,30,0,0
1675771538691,30,FIr Creation Request,201,Created,Firs Test single user 1-1,text,true,,463,10422,1,1,http://localhost:3002/fir,30,0,1
1675771538724,90,FIr Creation Request,201,Created,Firs Test single user 1-1,text,true,,463,10422,1,1,http://localhost:3002/fir,90,0,0
1675771538815,30,FIr Creation Request,201,Created,Firs Test single user 1-1,text,true,,463,10422,1,1,http://localhost:3002/fir,30,0,1
1675771538848,45,FIr Creation Request,201,Created,Firs Test single user 1-1,text,true,,463,10422,1,1,http://localhost:3002/fir,45,0,0
1675771538896,26,FIr Creation Request,201,Created,Firs Test single user 1-1,text,true,,463,10422,1,1,http://localhost:3002/fir,26,0,0
1675771538925,44,FIr Creation Request,201,Created,Firs Test single user 1-1,text,true,,463,10422,1,1,http://localhost:3002/fir,44,0,0
1675771538972,58,FIr Creation Request,201,Created,Firs Test single user 1-1,text,true,,463,10422,1,1,http://localhost:3002/fir,58,0,0
1675771539032,76,FIr Creation Request,201,Created,Firs Test single user 1-1,text,true,,463,10422,1,1,http://localhost:3002/fir,76,0,1
1675771539113,162,FIr Creation Request,201,Created,Firs Test single user 1-1,text,true,,463,10422,1,1,http://localhost:3002/fir,162,0,0
1675771539278,61,FIr Creation Request,201,Created,Firs Test single user 1-1,text,true,,463,10422,1,1,http://localhost:3002/fir,61,0,1
1675771539343,58,FIr Creation Request,201,Created,Firs Test single user 1-1,text,true,,463,10422,1,1,http://localhost:3002/fir,58,0,1
1675771539403,29,FIr Creation Request,201,Created,Firs Test single user 1-1,text,true,,463,10422,1,1,http://localhost:3002/fir,29,0,1
1675771539434,44,FIr Creation Request,201,Created,Firs Test single user 1-1,text,true,,463,10422,1,1,http://localhost:3002/fir,44,0,0
1675771539480,61,FIr Creation Request,201,Created,Firs Test single user 1-1,text,true,,463,10422,1,1,http://localhost:3002/fir,61,0,0
1675771539542,45,FIr Creation Request,201,Created,Firs Test single user 1-1,text,true,,463,10422,1,1,http://localhost:3002/fir,45,0,1
1675771539589,28,FIr Creation Request,201,Created,Firs Test single user 1-1,text,true,,463,10422,1,1,http://localhost:3002/fir,28,0,0
1675771539619,60,FIr Creation Request,201,Created,Firs Test single user 1-1,text,true,,463,10422,1,1,http://localhost:3002/fir,60,0,0
1675771539681,28,FIr Creation Request,201,Created,Firs Test single user 1-1,text,true,,463,10422,1,1,http://localhost:3002/fir,28,0,0
1675771539711,47,FIr Creation Request,201,Created,Firs Test single user 1-1,text,true,,463,10422,1,1,http://localhost:3002/fir,47,0,1
1675771539759,46,FIr Creation Request,201,Created,Firs Test single user 1-1,text,true,,463,10422,1,1,http://localhost:3002/fir,46,0,0
1675771539808,28,FIr Creation Request,201,Created,Firs Test single user 1-1,text,true,,463,10422,1,1,http://localhost:3002/fir,28,0,0
1675771539839,43,FIr Creation Request,201,Created,Firs Test single user 1-1,text,true,,463,10422,1,1,http://localhost:3002/fir,43,0,0
1675771539883,30,FIr Creation Request,201,Created,Firs Test single user 1-1,text,true,,463,10422,1,1,http://localhost:3002/fir,30,0,0
1675771539916,28,FIr Creation Request,201,Created,Firs Test single user 1-1,text,true,,463,10422,1,1,http://localhost:3002/fir,28,0,0
1675771539945,45,FIr Creation Request,201,Created,Firs Test single user 1-1,text,true,,463,10422,1,1,http://localhost:3002/fir,45,0,0
1675771539992,47,FIr Creation Request,201,Created,Firs Test single user 1-1,text,true,,463,10422,1,1,http://localhost:3002/fir,47,0,0
1675771540043,56,FIr Creation Request,201,Created,Firs Test single user 1-1,text,true,,463,10422,1,1,http://localhost:3002/fir,56,0,0
1675771540101,30,FIr Creation Request,201,Created,Firs Test single user 1-1,text,true,,463,10422,1,1,http://localhost:3002/fir,30,0,0
1675771540134,27,FIr Creation Request,201,Created,Firs Test single user 1-1,text,true,,463,10422,1,1,http://localhost:3002/fir,27,0,0
1675771540163,60,FIr Creation Request,201,Created,Firs Test single user 1-1,text,true,,463,10422,1,1,http://localhost:3002/fir,60,0,1
1675771540225,60,FIr Creation Request,201,Created,Firs Test single user 1-1,text,true,,463,10422,1,1,http://localhost:3002/fir,60,0,0
1675771540287,61,FIr Creation Request,201,Created,Firs Test single user 1-1,text,true,,463,10422,1,1,http://localhost:3002/fir,61,0,1
1675771540352,41,FIr Creation Request,201,Created,Firs Test single user 1-1,text,true,,463,10422,1,1,http://localhost:3002/fir,41,0,1
1675771540395,30,FIr Creation Request,201,Created,Firs Test single user 1-1,text,true,,463,10422,1,1,http://localhost:3002/fir,30,0,0
1675771540428,75,FIr Creation Request,201,Created,Firs Test single user 1-1,text,true,,463,10422,1,1,http://localhost:3002/fir,75,0,0
1675771540508,180,FIr Creation Request,201,Created,Firs Test single user 1-1,text,true,,463,10422,1,1,http://localhost:3002/fir,180,0,1
1675771540698,53,FIr Creation Request,201,Created,Firs Test single user 1-1,text,true,,463,10422,1,1,http://localhost:3002/fir,53,0,1
1675771540753,61,FIr Creation Request,201,Created,Firs Test single user 1-1,text,true,,463,10422,1,1,http://localhost:3002/fir,61,0,1
1675771540816,28,FIr Creation Request,201,Created,Firs Test single user 1-1,text,true,,463,10422,1,1,http://localhost:3002/fir,28,0,0
1675771540846,29,FIr Creation Request,201,Created,Firs Test single user 1-1,text,true,,463,10422,1,1,http://localhost:3002/fir,29,0,0
1675771540878,44,FIr Creation Request,201,Created,Firs Test single user 1-1,text,true,,463,10422,1,1,http://localhost:3002/fir,44,0,0
1675771540925,43,FIr Creation Request,201,Created,Firs Test single user 1-1,text,true,,463,10422,1,1,http://localhost:3002/fir,43,0,1
1675771540971,43,FIr Creation Request,201,Created,Firs Test single user 1-1,text,true,,463,10422,1,1,http://localhost:3002/fir,43,0,0
1675771541016,45,FIr Creation Request,201,Created,Firs Test single user 1-1,text,true,,463,10422,1,1,http://localhost:3002/fir,45,0,0
1675771541063,75,FIr Creation Request,201,Created,Firs Test single user 1-1,text,true,,463,10422,1,1,http://localhost:3002/fir,75,0,0
1675771541141,28,FIr Creation Request,201,Created,Firs Test single user 1-1,text,true,,463,10422,1,1,http://localhost:3002/fir,28,0,0
1675771541171,30,FIr Creation Request,201,Created,Firs Test single user 1-1,text,true,,463,10422,1,1,http://localhost:3002/fir,30,0,0
1675771541218,29,FIr Creation Request,201,Created,Firs Test single user 1-1,text,true,,463,10422,1,1,http://localhost:3002/fir,29,0,0
1675771541249,44,FIr Creation Request,201,Created,Firs Test single user 1-1,text,true,,463,10422,1,1,http://localhost:3002/fir,44,0,0
1675771541295,60,FIr Creation Request,201,Created,Firs Test single user 1-1,text,true,,463,10422,1,1,http://localhost:3002/fir,60,0,1
1675771541357,44,FIr Creation Request,201,Created,Firs Test single user 1-1,text,true,,463,10422,1,1,http://localhost:3002/fir,44,0,0
1675771541403,29,FIr Creation Request,201,Created,Firs Test single user 1-1,text,true,,463,10422,1,1,http://localhost:3002/fir,29,0,0
1675771541434,45,FIr Creation Request,201,Created,Firs Test single user 1-1,text,true,,463,10422,1,1,http://localhost:3002/fir,45,0,0
1675771541482,45,FIr Creation Request,201,Created,Firs Test single user 1-1,text,true,,463,10422,1,1,http://localhost:3002/fir,45,0,0
1675771541530,28,FIr Creation Request,201,Created,Firs Test single user 1-1,text,true,,463,10422,1,1,http://localhost:3002/fir,28,0,0
1675771541559,61,FIr Creation Request,201,Created,Firs Test single user 1-1,text,true,,463,10422,1,1,http://localhost:3002/fir,61,0,0
1675771541621,60,FIr Creation Request,201,Created,Firs Test single user 1-1,text,true,,463,10422,1,1,http://localhost:3002/fir,60,0,0
1675771541684,27,FIr Creation Request,201,Created,Firs Test single user 1-1,text,true,,463,10422,1,1,http://localhost:3002/fir,27,0,0
1675771541721,21,FIr Creation Request,201,Created,Firs Test single user 1-1,text,true,,463,10422,1,1,http://localhost:3002/fir,21,0,0
1675771541744,30,FIr Creation Request,201,Created,Firs Test single user 1-1,text,true,,463,10422,1,1,http://localhost:3002/fir,30,0,0
1675771541776,44,FIr Creation Request,201,Created,Firs Test single user 1-1,text,true,,463,10422,1,1,http://localhost:3002/fir,44,0,1
1675771541822,169,FIr Creation Request,201,Created,Firs Test single user 1-1,text,true,,463,10422,1,1,http://localhost:3002/fir,168,0,0
1675771541994,57,FIr Creation Request,201,Created,Firs Test single user 1-1,text,true,,463,10422,1,1,http://localhost:3002/fir,57,0,1
1675771542052,45,FIr Creation Request,201,Created,Firs Test single user 1-1,text,true,,463,10422,1,1,http://localhost:3002/fir,45,0,0
1675771542098,61,FIr Creation Request,201,Created,Firs Test single user 1-1,text,true,,463,10422,1,1,http://localhost:3002/fir,61,0,0
1675771542161,28,FIr Creation Request,201,Created,Firs Test single user 1-1,text,true,,463,10422,1,1,http://localhost:3002/fir,28,0,0
1675771542191,60,FIr Creation Request,201,Created,Firs Test single user 1-1,text,true,,463,10422,1,1,http://localhost:3002/fir,60,0,0
1675771542252,30,FIr Creation Request,201,Created,Firs Test single user 1-1,text,true,,463,10422,1,1,http://localhost:3002/fir,30,0,0
1675771542284,30,FIr Creation Request,201,Created,Firs Test single user 1-1,text,true,,463,10422,1,1,http://localhost:3002/fir,30,0,1
1675771542315,77,FIr Creation Request,201,Created,Firs Test single user 1-1,text,true,,463,10422,1,1,http://localhost:3002/fir,77,0,0
1675771542394,28,FIr Creation Request,201,Created,Firs Test single user 1-1,text,true,,463,10422,1,1,http://localhost:3002/fir,28,0,1
1675771542424,29,FIr Creation Request,201,Created,Firs Test single user 1-1,text,true,,463,10422,1,1,http://localhost:3002/fir,29,0,0
1675771542455,92,FIr Creation Request,201,Created,Firs Test single user 1-1,text,true,,463,10422,1,1,http://localhost:3002/fir,92,0,0
1675771542550,28,FIr Creation Request,201,Created,Firs Test single user 1-1,text,true,,463,10422,1,1,http://localhost:3002/fir,28,0,0
1675771542580,29,FIr Creation Request,201,Created,Firs Test single user 1-1,text,true,,463,10422,1,1,http://localhost:3002/fir,29,0,0
1675771542611,29,FIr Creation Request,201,Created,Firs Test single user 1-1,text,true,,463,10422,1,1,http://localhost:3002/fir,29,0,1
1675771542642,121,FIr Creation Request,201,Created,Firs Test single user 1-1,text,true,,463,10422,1,1,http://localhost:3002/fir,121,0,0
1675771542765,45,FIr Creation Request,201,Created,Firs Test single user 1-1,text,true,,463,10422,1,1,http://localhost:3002/fir,45,0,0
1675771542812,29,FIr Creation Request,201,Created,Firs Test single user 1-1,text,true,,463,10422,1,1,http://localhost:3002/fir,29,0,1
1675771542844,28,FIr Creation Request,201,Created,Firs Test single user 1-1,text,true,,463,10422,1,1,http://localhost:3002/fir,28,0,0
1675771542874,46,FIr Creation Request,201,Created,Firs Test single user 1-1,text,true,,463,10422,1,1,http://localhost:3002/fir,46,0,0
1675771542922,91,FIr Creation Request,201,Created,Firs Test single user 1-1,text,true,,463,10422,1,1,http://localhost:3002/fir,91,0,0
1675771543015,44,FIr Creation Request,201,Created,Firs Test single user 1-1,text,true,,463,10422,1,1,http://localhost:3002/fir,44,0,0
1675771543061,76,FIr Creation Request,201,Created,Firs Test single user 1-1,text,true,,463,10422,1,1,http://localhost:3002/fir,76,0,0
1675771543149,127,FIr Creation Request,201,Created,Firs Test single user 1-1,text,true,,463,10422,1,1,http://localhost:3002/fir,127,0,0
1675771543278,30,FIr Creation Request,201,Created,Firs Test single user 1-1,text,true,,463,10422,1,1,http://localhost:3002/fir,30,0,0
1675771543310,44,FIr Creation Request,201,Created,Firs Test single user 1-1,text,true,,463,10422,1,1,http://localhost:3002/fir,44,0,1
1675771543356,62,FIr Creation Request,201,Created,Firs Test single user 1-1,text,true,,463,10422,1,1,http://localhost:3002/fir,62,0,0
1675771543422,25,FIr Creation Request,201,Created,Firs Test single user 1-1,text,true,,463,10422,1,1,http://localhost:3002/fir,25,0,0
1675771543450,28,FIr Creation Request,201,Created,Firs Test single user 1-1,text,true,,463,10422,1,1,http://localhost:3002/fir,28,0,0
1675771543480,46,FIr Creation Request,201,Created,Firs Test single user 1-1,text,true,,463,10422,1,1,http://localhost:3002/fir,46,0,0
1675771543528,59,FIr Creation Request,201,Created,Firs Test single user 1-1,text,true,,463,10422,1,1,http://localhost:3002/fir,59,0,0
1675771543589,60,FIr Creation Request,201,Created,Firs Test single user 1-1,text,true,,463,10422,1,1,http://localhost:3002/fir,60,0,0
1675771543658,21,FIr Creation Request,201,Created,Firs Test single user 1-1,text,true,,463,10422,1,1,http://localhost:3002/fir,21,0,0
1675771543681,30,FIr Creation Request,201,Created,Firs Test single user 1-1,text,true,,463,10422,1,1,http://localhost:3002/fir,30,0,0
1675771543712,45,FIr Creation Request,201,Created,Firs Test single user 1-1,text,true,,463,10422,1,1,http://localhost:3002/fir,45,0,0
1675771543765,24,FIr Creation Request,201,Created,Firs Test single user 1-1,text,true,,463,10422,1,1,http://localhost:3002/fir,24,0,0
1675771543791,45,FIr Creation Request,201,Created,Firs Test single user 1-1,text,true,,463,10422,1,1,http://localhost:3002/fir,45,0,0
1675771543839,27,FIr Creation Request,201,Created,Firs Test single user 1-1,text,true,,463,10422,1,1,http://localhost:3002/fir,27,0,0
1675771543868,29,FIr Creation Request,201,Created,Firs Test single user 1-1,text,true,,463,10422,1,1,http://localhost:3002/fir,29,0,0
1675771543899,60,FIr Creation Request,201,Created,Firs Test single user 1-1,text,true,,463,10422,1,1,http://localhost:3002/fir,60,0,0
1675771543961,29,FIr Creation Request,201,Created,Firs Test single user 1-1,text,true,,463,10422,1,1,http://localhost:3002/fir,29,0,1
1675771543993,45,FIr Creation Request,201,Created,Firs Test single user 1-1,text,true,,463,10422,1,1,http://localhost:3002/fir,45,0,0
1675771544040,60,FIr Creation Request,201,Created,Firs Test single user 1-1,text,true,,463,10422,1,1,http://localhost:3002/fir,60,0,0
1675771544104,26,FIr Creation Request,201,Created,Firs Test single user 1-1,text,true,,463,10422,1,1,http://localhost:3002/fir,26,0,0
1675771544132,45,FIr Creation Request,201,Created,Firs Test single user 1-1,text,true,,463,10422,1,1,http://localhost:3002/fir,45,0,0
1675771544178,31,FIr Creation Request,201,Created,Firs Test single user 1-1,text,true,,463,10422,1,1,http://localhost:3002/fir,31,0,0
1675771544213,41,FIr Creation Request,201,Created,Firs Test single user 1-1,text,true,,463,10422,1,1,http://localhost:3002/fir,41,0,0
1675771544257,28,FIr Creation Request,201,Created,Firs Test single user 1-1,text,true,,463,10422,1,1,http://localhost:3002/fir,28,0,0
1675771544286,77,FIr Creation Request,201,Created,Firs Test single user 1-1,text,true,,463,10422,1,1,http://localhost:3002/fir,77,0,0
1675771544366,27,FIr Creation Request,201,Created,Firs Test single user 1-1,text,true,,463,10422,1,1,http://localhost:3002/fir,27,0,1
1675771544394,61,FIr Creation Request,201,Created,Firs Test single user 1-1,text,true,,463,10422,1,1,http://localhost:3002/fir,61,0,1
1675771544458,43,FIr Creation Request,201,Created,Firs Test single user 1-1,text,true,,463,10422,1,1,http://localhost:3002/fir,43,0,0
1675771544503,45,FIr Creation Request,201,Created,Firs Test single user 1-1,text,true,,463,10422,1,1,http://localhost:3002/fir,45,0,1
1675771544549,45,FIr Creation Request,201,Created,Firs Test single user 1-1,text,true,,463,10422,1,1,http://localhost:3002/fir,45,0,0
1675771544595,92,FIr Creation Request,201,Created,Firs Test single user 1-1,text,true,,463,10422,1,1,http://localhost:3002/fir,92,0,0
1675771544689,30,FIr Creation Request,201,Created,Firs Test single user 1-1,text,true,,463,10422,1,1,http://localhost:3002/fir,30,0,0
1675771544721,60,FIr Creation Request,201,Created,Firs Test single user 1-1,text,true,,463,10422,1,1,http://localhost:3002/fir,60,0,0
1675771544793,80,FIr Creation Request,201,Created,Firs Test single user 1-1,text,true,,463,10422,1,1,http://localhost:3002/fir,80,0,0
1675771544875,29,FIr Creation Request,201,Created,Firs Test single user 1-1,text,true,,463,10422,1,1,http://localhost:3002/fir,29,0,0
1675771544905,46,FIr Creation Request,201,Created,Firs Test single user 1-1,text,true,,463,10422,1,1,http://localhost:3002/fir,46,0,1
1675771544952,61,FIr Creation Request,201,Created,Firs Test single user 1-1,text,true,,463,10422,1,1,http://localhost:3002/fir,61,0,1
1675771545015,44,FIr Creation Request,201,Created,Firs Test single user 1-1,text,true,,463,10422,1,1,http://localhost:3002/fir,44,0,0
1675771545061,31,FIr Creation Request,201,Created,Firs Test single user 1-1,text,true,,463,10422,1,1,http://localhost:3002/fir,31,0,0
1675771545094,28,FIr Creation Request,201,Created,Firs Test single user 1-1,text,true,,463,10422,1,1,http://localhost:3002/fir,28,0,1
1675771545124,122,FIr Creation Request,201,Created,Firs Test single user 1-1,text,true,,463,10422,1,1,http://localhost:3002/fir,122,0,0
1675771545247,30,FIr Creation Request,201,Created,Firs Test single user 1-1,text,true,,463,10422,1,1,http://localhost:3002/fir,30,0,0
1675771545279,29,FIr Creation Request,201,Created,Firs Test single user 1-1,text,true,,463,10422,1,1,http://localhost:3002/fir,29,0,1
1675771545309,76,FIr Creation Request,201,Created,Firs Test single user 1-1,text,true,,463,10422,1,1,http://localhost:3002/fir,76,0,0
1675771545387,29,FIr Creation Request,201,Created,Firs Test single user 1-1,text,true,,463,10422,1,1,http://localhost:3002/fir,29,0,1
1675771545417,46,FIr Creation Request,201,Created,Firs Test single user 1-1,text,true,,463,10422,1,1,http://localhost:3002/fir,46,0,0
1675771545467,42,FIr Creation Request,201,Created,Firs Test single user 1-1,text,true,,463,10422,1,1,http://localhost:3002/fir,42,0,0
1675771545510,61,FIr Creation Request,201,Created,Firs Test single user 1-1,text,true,,463,10422,1,1,http://localhost:3002/fir,61,0,0
1675771545572,60,FIr Creation Request,201,Created,Firs Test single user 1-1,text,true,,463,10422,1,1,http://localhost:3002/fir,60,0,1
1675771545634,29,FIr Creation Request,201,Created,Firs Test single user 1-1,text,true,,463,10422,1,1,http://localhost:3002/fir,29,0,0
1675771545664,30,FIr Creation Request,201,Created,Firs Test single user 1-1,text,true,,463,10422,1,1,http://localhost:3002/fir,30,0,1
1675771545708,32,FIr Creation Request,201,Created,Firs Test single user 1-1,text,true,,463,10422,1,1,http://localhost:3002/fir,32,0,0
1675771545742,61,FIr Creation Request,201,Created,Firs Test single user 1-1,text,true,,463,10422,1,1,http://localhost:3002/fir,61,0,1
1675771545819,46,FIr Creation Request,201,Created,Firs Test single user 1-1,text,true,,463,10422,1,1,http://localhost:3002/fir,46,0,0
1675771545868,42,FIr Creation Request,201,Created,Firs Test single user 1-1,text,true,,463,10422,1,1,http://localhost:3002/fir,42,0,1
1675771545911,91,FIr Creation Request,201,Created,Firs Test single user 1-1,text,true,,463,10422,1,1,http://localhost:3002/fir,91,0,1
1675771546003,29,FIr Creation Request,201,Created,Firs Test single user 1-1,text,true,,463,10422,1,1,http://localhost:3002/fir,29,0,0
1675771546034,92,FIr Creation Request,201,Created,Firs Test single user 1-1,text,true,,463,10422,1,1,http://localhost:3002/fir,92,0,0
1675771546130,25,FIr Creation Request,201,Created,Firs Test single user 1-1,text,true,,463,10422,1,1,http://localhost:3002/fir,25,0,0
1675771546157,61,FIr Creation Request,201,Created,Firs Test single user 1-1,text,true,,463,10422,1,1,http://localhost:3002/fir,61,0,0
1675771546220,59,FIr Creation Request,201,Created,Firs Test single user 1-1,text,true,,463,10422,1,1,http://localhost:3002/fir,59,0,0
1675771546281,30,FIr Creation Request,201,Created,Firs Test single user 1-1,text,true,,463,10422,1,1,http://localhost:3002/fir,30,0,0
1675771546325,95,FIr Creation Request,201,Created,Firs Test single user 1-1,text,true,,463,10422,1,1,http://localhost:3002/fir,95,0,0
1675771546423,43,FIr Creation Request,201,Created,Firs Test single user 1-1,text,true,,463,10422,1,1,http://localhost:3002/fir,43,0,1
1675771546468,44,FIr Creation Request,201,Created,Firs Test single user 1-1,text,true,,463,10422,1,1,http://localhost:3002/fir,44,0,0
1675771546514,30,FIr Creation Request,201,Created,Firs Test single user 1-1,text,true,,463,10422,1,1,http://localhost:3002/fir,30,0,0
1675771546547,28,FIr Creation Request,201,Created,Firs Test single user 1-1,text,true,,463,10422,1,1,http://localhost:3002/fir,28,0,1
1675771546577,44,FIr Creation Request,201,Created,Firs Test single user 1-1,text,true,,463,10422,1,1,http://localhost:3002/fir,44,0,0
1675771546624,43,FIr Creation Request,201,Created,Firs Test single user 1-1,text,true,,463,10422,1,1,http://localhost:3002/fir,43,0,0
1675771546669,30,FIr Creation Request,201,Created,Firs Test single user 1-1,text,true,,463,10422,1,1,http://localhost:3002/fir,30,0,0
1675771546702,58,FIr Creation Request,201,Created,Firs Test single user 1-1,text,true,,463,10422,1,1,http://localhost:3002/fir,58,0,0
1675771546762,30,FIr Creation Request,201,Created,Firs Test single user 1-1,text,true,,463,10422,1,1,http://localhost:3002/fir,30,0,1
1675771546794,44,FIr Creation Request,201,Created,Firs Test single user 1-1,text,true,,463,10422,1,1,http://localhost:3002/fir,44,0,1
1675771546839,30,FIr Creation Request,201,Created,Firs Test single user 1-1,text,true,,463,10422,1,1,http://localhost:3002/fir,30,0,0
1675771546870,30,FIr Creation Request,201,Created,Firs Test single user 1-1,text,true,,463,10422,1,1,http://localhost:3002/fir,30,0,1
1675771546902,60,FIr Creation Request,201,Created,Firs Test single user 1-1,text,true,,463,10422,1,1,http://localhost:3002/fir,60,0,0
1675771546964,43,FIr Creation Request,201,Created,Firs Test single user 1-1,text,true,,463,10422,1,1,http://localhost:3002/fir,43,0,1
1675771547009,30,FIr Creation Request,201,Created,Firs Test single user 1-1,text,true,,463,10422,1,1,http://localhost:3002/fir,30,0,0
1675771547042,42,FIr Creation Request,201,Created,Firs Test single user 1-1,text,true,,463,10422,1,1,http://localhost:3002/fir,42,0,0
1675771547086,60,FIr Creation Request,201,Created,Firs Test single user 1-1,text,true,,463,10422,1,1,http://localhost:3002/fir,60,0,1
1675771547147,188,FIr Creation Request,201,Created,Firs Test single user 1-1,text,true,,463,10422,1,1,http://localhost:3002/fir,188,0,0
1675771547363,94,FIr Creation Request,201,Created,Firs Test single user 1-1,text,true,,463,10422,1,1,http://localhost:3002/fir,94,0,0
1675771547458,108,FIr Creation Request,201,Created,Firs Test single user 1-1,text,true,,463,10422,1,1,http://localhost:3002/fir,108,0,0
1675771547571,150,FIr Creation Request,201,Created,Firs Test single user 1-1,text,true,,463,10422,1,1,http://localhost:3002/fir,150,0,0
1675771547725,133,FIr Creation Request,201,Created,Firs Test single user 1-1,text,true,,463,10422,1,1,http://localhost:3002/fir,133,0,0
1675771547860,201,FIr Creation Request,201,Created,Firs Test single user 1-1,text,true,,463,10422,1,1,http://localhost:3002/fir,201,0,0
1675771548066,521,FIr Creation Request,201,Created,Firs Test single user 1-1,text,true,,463,10422,1,1,http://localhost:3002/fir,521,0,0
1675771548591,150,FIr Creation Request,201,Created,Firs Test single user 1-1,text,true,,463,10422,1,1,http://localhost:3002/fir,150,0,1
1675771548746,134,FIr Creation Request,201,Created,Firs Test single user 1-1,text,true,,463,10422,1,1,http://localhost:3002/fir,134,0,1
1675771548881,244,FIr Creation Request,201,Created,Firs Test single user 1-1,text,true,,463,10422,1,1,http://localhost:3002/fir,244,0,1
1675771549130,182,FIr Creation Request,201,Created,Firs Test single user 1-1,text,true,,463,10422,1,1,http://localhost:3002/fir,182,0,0
1675771549317,166,FIr Creation Request,201,Created,Firs Test single user 1-1,text,true,,463,10422,1,1,http://localhost:3002/fir,166,0,0
1675771549488,166,FIr Creation Request,201,Created,Firs Test single user 1-1,text,true,,463,10422,1,1,http://localhost:3002/fir,166,0,0
1675771549659,134,FIr Creation Request,201,Created,Firs Test single user 1-1,text,true,,463,10422,1,1,http://localhost:3002/fir,134,0,0
1675771549794,185,FIr Creation Request,201,Created,Firs Test single user 1-1,text,true,,463,10422,1,1,http://localhost:3002/fir,185,0,1
1675771550004,37,FIr Creation Request,201,Created,Firs Test single user 1-1,text,true,,463,10422,1,1,http://localhost:3002/fir,37,0,0
1675771550042,46,FIr Creation Request,201,Created,Firs Test single user 1-1,text,true,,463,10422,1,1,http://localhost:3002/fir,46,0,0
1675771550090,28,FIr Creation Request,201,Created,Firs Test single user 1-1,text,true,,463,10422,1,1,http://localhost:3002/fir,28,0,0
1675771550121,27,FIr Creation Request,201,Created,Firs Test single user 1-1,text,true,,463,10422,1,1,http://localhost:3002/fir,27,0,1
1675771550149,46,FIr Creation Request,201,Created,Firs Test single user 1-1,text,true,,463,10422,1,1,http://localhost:3002/fir,46,0,0
1675771550197,29,FIr Creation Request,201,Created,Firs Test single user 1-1,text,true,,463,10422,1,1,http://localhost:3002/fir,29,0,0
1675771550227,31,FIr Creation Request,201,Created,Firs Test single user 1-1,text,true,,463,10422,1,1,http://localhost:3002/fir,31,0,0
1675771550260,137,FIr Creation Request,201,Created,Firs Test single user 1-1,text,true,,463,10422,1,1,http://localhost:3002/fir,137,0,1
1675771550407,22,FIr Creation Request,201,Created,Firs Test single user 1-1,text,true,,463,10422,1,1,http://localhost:3002/fir,22,0,0
1675771550432,44,FIr Creation Request,201,Created,Firs Test single user 1-1,text,true,,463,10422,1,1,http://localhost:3002/fir,44,0,0
1675771550480,58,FIr Creation Request,201,Created,Firs Test single user 1-1,text,true,,463,10422,1,1,http://localhost:3002/fir,58,0,1
1675771550540,60,FIr Creation Request,201,Created,Firs Test single user 1-1,text,true,,463,10422,1,1,http://localhost:3002/fir,60,0,1
1675771550602,76,FIr Creation Request,201,Created,Firs Test single user 1-1,text,true,,463,10422,1,1,http://localhost:3002/fir,76,0,0
1675771550682,26,FIr Creation Request,201,Created,Firs Test single user 1-1,text,true,,463,10422,1,1,http://localhost:3002/fir,26,0,0
1675771550709,45,FIr Creation Request,201,Created,Firs Test single user 1-1,text,true,,463,10422,1,1,http://localhost:3002/fir,45,0,1
1675771550756,31,FIr Creation Request,201,Created,Firs Test single user 1-1,text,true,,463,10422,1,1,http://localhost:3002/fir,31,0,0
1675771550790,43,FIr Creation Request,201,Created,Firs Test single user 1-1,text,true,,463,10422,1,1,http://localhost:3002/fir,43,0,0
1675771550835,30,FIr Creation Request,201,Created,Firs Test single user 1-1,text,true,,463,10422,1,1,http://localhost:3002/fir,30,0,0
1675771550868,28,FIr Creation Request,201,Created,Firs Test single user 1-1,text,true,,463,10422,1,1,http://localhost:3002/fir,28,0,0
1675771550898,60,FIr Creation Request,201,Created,Firs Test single user 1-1,text,true,,463,10422,1,1,http://localhost:3002/fir,60,0,0
1675771550959,30,FIr Creation Request,201,Created,Firs Test single user 1-1,text,true,,463,10422,1,1,http://localhost:3002/fir,30,0,0
1675771550991,28,FIr Creation Request,201,Created,Firs Test single user 1-1,text,true,,463,10422,1,1,http://localhost:3002/fir,28,0,1
1675771551020,61,FIr Creation Request,201,Created,Firs Test single user 1-1,text,true,,463,10422,1,1,http://localhost:3002/fir,61,0,1
1675771551084,28,FIr Creation Request,201,Created,Firs Test single user 1-1,text,true,,463,10422,1,1,http://localhost:3002/fir,28,0,0
1675771551113,30,FIr Creation Request,201,Created,Firs Test single user 1-1,text,true,,463,10422,1,1,http://localhost:3002/fir,30,0,0
1675771551146,43,FIr Creation Request,201,Created,Firs Test single user 1-1,text,true,,463,10422,1,1,http://localhost:3002/fir,43,0,0
1675771551191,29,FIr Creation Request,201,Created,Firs Test single user 1-1,text,true,,463,10422,1,1,http://localhost:3002/fir,29,0,0
1675771551223,28,FIr Creation Request,201,Created,Firs Test single user 1-1,text,true,,463,10422,1,1,http://localhost:3002/fir,28,0,0
1675771551253,29,FIr Creation Request,201,Created,Firs Test single user 1-1,text,true,,463,10422,1,1,http://localhost:3002/fir,29,0,0
1675771551286,42,FIr Creation Request,201,Created,Firs Test single user 1-1,text,true,,463,10422,1,1,http://localhost:3002/fir,42,0,0
1675771551329,77,FIr Creation Request,201,Created,Firs Test single user 1-1,text,true,,463,10422,1,1,http://localhost:3002/fir,77,0,1
1675771551407,170,FIr Creation Request,201,Created,Firs Test single user 1-1,text,true,,463,10422,1,1,http://localhost:3002/fir,170,0,0
1675771551580,43,FIr Creation Request,201,Created,Firs Test single user 1-1,text,true,,463,10422,1,1,http://localhost:3002/fir,43,0,1
1675771551626,43,FIr Creation Request,201,Created,Firs Test single user 1-1,text,true,,463,10422,1,1,http://localhost:3002/fir,43,0,0
1675771551671,60,FIr Creation Request,201,Created,Firs Test single user 1-1,text,true,,463,10422,1,1,http://localhost:3002/fir,60,0,1
1675771551734,75,FIr Creation Request,201,Created,Firs Test single user 1-1,text,true,,463,10422,1,1,http://localhost:3002/fir,75,0,0
1675771551811,28,FIr Creation Request,201,Created,Firs Test single user 1-1,text,true,,463,10422,1,1,http://localhost:3002/fir,28,0,0
1675771551841,30,FIr Creation Request,201,Created,Firs Test single user 1-1,text,true,,463,10422,1,1,http://localhost:3002/fir,29,0,0
1675771551873,45,FIr Creation Request,201,Created,Firs Test single user 1-1,text,true,,463,10422,1,1,http://localhost:3002/fir,45,0,1
1675771551921,169,FIr Creation Request,201,Created,Firs Test single user 1-1,text,true,,463,10422,1,1,http://localhost:3002/fir,169,0,0
1675771552092,29,FIr Creation Request,201,Created,Firs Test single user 1-1,text,true,,463,10422,1,1,http://localhost:3002/fir,29,0,0
1675771552122,60,FIr Creation Request,201,Created,Firs Test single user 1-1,text,true,,463,10422,1,1,http://localhost:3002/fir,60,0,1
1675771552184,44,FIr Creation Request,201,Created,Firs Test single user 1-1,text,true,,463,10422,1,1,http://localhost:3002/fir,44,0,0
1675771552230,46,FIr Creation Request,201,Created,Firs Test single user 1-1,text,true,,463,10422,1,1,http://localhost:3002/fir,46,0,0
1675771552278,29,FIr Creation Request,201,Created,Firs Test single user 1-1,text,true,,463,10422,1,1,http://localhost:3002/fir,29,0,0
1675771552309,60,FIr Creation Request,201,Created,Firs Test single user 1-1,text,true,,463,10422,1,1,http://localhost:3002/fir,60,0,0
1675771552371,45,FIr Creation Request,201,Created,Firs Test single user 1-1,text,true,,463,10422,1,1,http://localhost:3002/fir,45,0,1
1675771552420,74,FIr Creation Request,201,Created,Firs Test single user 1-1,text,true,,463,10422,1,1,http://localhost:3002/fir,74,0,1
1675771552495,44,FIr Creation Request,201,Created,Firs Test single user 1-1,text,true,,463,10422,1,1,http://localhost:3002/fir,44,0,1
1675771552541,61,FIr Creation Request,201,Created,Firs Test single user 1-1,text,true,,463,10422,1,1,http://localhost:3002/fir,61,0,0
1675771552603,31,FIr Creation Request,201,Created,Firs Test single user 1-1,text,true,,463,10422,1,1,http://localhost:3002/fir,31,0,1
1675771552636,29,FIr Creation Request,201,Created,Firs Test single user 1-1,text,true,,463,10422,1,1,http://localhost:3002/fir,29,0,0
1675771552666,61,FIr Creation Request,201,Created,Firs Test single user 1-1,text,true,,463,10422,1,1,http://localhost:3002/fir,61,0,0
1675771552728,47,FIr Creation Request,201,Created,Firs Test single user 1-1,text,true,,463,10422,1,1,http://localhost:3002/fir,47,0,1
1675771552778,43,FIr Creation Request,201,Created,Firs Test single user 1-1,text,true,,463,10422,1,1,http://localhost:3002/fir,43,0,0
1675771552822,30,FIr Creation Request,201,Created,Firs Test single user 1-1,text,true,,463,10422,1,1,http://localhost:3002/fir,30,0,1
1675771552863,52,FIr Creation Request,201,Created,Firs Test single user 1-1,text,true,,463,10422,1,1,http://localhost:3002/fir,52,0,0
1675771552917,30,FIr Creation Request,201,Created,Firs Test single user 1-1,text,true,,463,10422,1,1,http://localhost:3002/fir,30,0,1
1675771552957,37,FIr Creation Request,201,Created,Firs Test single user 1-1,text,true,,463,10422,1,1,http://localhost:3002/fir,37,0,0
1675771552998,73,FIr Creation Request,201,Created,Firs Test single user 1-1,text,true,,463,10422,1,1,http://localhost:3002/fir,73,0,0
1675771553073,29,FIr Creation Request,201,Created,Firs Test single user 1-1,text,true,,463,10422,1,1,http://localhost:3002/fir,29,0,1
1675771553105,44,FIr Creation Request,201,Created,Firs Test single user 1-1,text,true,,463,10422,1,1,http://localhost:3002/fir,44,0,1
1675771553153,58,FIr Creation Request,201,Created,Firs Test single user 1-1,text,true,,463,10422,1,1,http://localhost:3002/fir,58,0,1
1675771553213,29,FIr Creation Request,201,Created,Firs Test single user 1-1,text,true,,463,10422,1,1,http://localhost:3002/fir,29,0,0
1675771553244,44,FIr Creation Request,201,Created,Firs Test single user 1-1,text,true,,463,10422,1,1,http://localhost:3002/fir,44,0,1
1675771553291,106,FIr Creation Request,201,Created,Firs Test single user 1-1,text,true,,463,10422,1,1,http://localhost:3002/fir,106,0,0
1675771553398,29,FIr Creation Request,201,Created,Firs Test single user 1-1,text,true,,463,10422,1,1,http://localhost:3002/fir,29,0,0
1675771553428,30,FIr Creation Request,201,Created,Firs Test single user 1-1,text,true,,463,10422,1,1,http://localhost:3002/fir,30,0,1
1675771553476,28,FIr Creation Request,201,Created,Firs Test single user 1-1,text,true,,463,10422,1,1,http://localhost:3002/fir,28,0,0
1675771553506,30,FIr Creation Request,201,Created,Firs Test single user 1-1,text,true,,463,10422,1,1,http://localhost:3002/fir,30,0,0
1675771553539,43,FIr Creation Request,201,Created,Firs Test single user 1-1,text,true,,463,10422,1,1,http://localhost:3002/fir,43,0,1
1675771553586,43,FIr Creation Request,201,Created,Firs Test single user 1-1,text,true,,463,10422,1,1,http://localhost:3002/fir,43,0,0
1675771553630,46,FIr Creation Request,201,Created,Firs Test single user 1-1,text,true,,463,10422,1,1,http://localhost:3002/fir,46,0,1
1675771553678,61,FIr Creation Request,201,Created,Firs Test single user 1-1,text,true,,463,10422,1,1,http://localhost:3002/fir,61,0,1
1675771553741,28,FIr Creation Request,201,Created,Firs Test single user 1-1,text,true,,463,10422,1,1,http://localhost:3002/fir,28,0,1
1675771553770,30,FIr Creation Request,201,Created,Firs Test single user 1-1,text,true,,463,10422,1,1,http://localhost:3002/fir,30,0,0
1675771553801,30,FIr Creation Request,201,Created,Firs Test single user 1-1,text,true,,463,10422,1,1,http://localhost:3002/fir,30,0,0
1675771553833,60,FIr Creation Request,201,Created,Firs Test single user 1-1,text,true,,463,10422,1,1,http://localhost:3002/fir,60,0,0
1675771553894,30,FIr Creation Request,201,Created,Firs Test single user 1-1,text,true,,463,10422,1,1,http://localhost:3002/fir,30,0,0
1675771553927,57,FIr Creation Request,201,Created,Firs Test single user 1-1,text,true,,463,10422,1,1,http://localhost:3002/fir,57,0,0
1675771553987,59,FIr Creation Request,201,Created,Firs Test single user 1-1,text,true,,463,10422,1,1,http://localhost:3002/fir,59,0,0
1675771554048,29,FIr Creation Request,201,Created,Firs Test single user 1-1,text,true,,463,10422,1,1,http://localhost:3002/fir,29,0,0
1675771554080,89,FIr Creation Request,201,Created,Firs Test single user 1-1,text,true,,463,10422,1,1,http://localhost:3002/fir,89,0,1
1675771554171,30,FIr Creation Request,201,Created,Firs Test single user 1-1,text,true,,463,10422,1,1,http://localhost:3002/fir,30,0,1
1675771554203,61,FIr Creation Request,201,Created,Firs Test single user 1-1,text,true,,463,10422,1,1,http://localhost:3002/fir,61,0,0
1675771554265,29,FIr Creation Request,201,Created,Firs Test single user 1-1,text,true,,463,10422,1,1,http://localhost:3002/fir,29,0,1
1675771554295,46,FIr Creation Request,201,Created,Firs Test single user 1-1,text,true,,463,10422,1,1,http://localhost:3002/fir,46,0,0
1675771554346,56,FIr Creation Request,201,Created,Firs Test single user 1-1,text,true,,463,10422,1,1,http://localhost:3002/fir,56,0,0
1675771554403,30,FIr Creation Request,201,Created,Firs Test single user 1-1,text,true,,463,10422,1,1,http://localhost:3002/fir,30,0,0
1675771554434,45,FIr Creation Request,201,Created,Firs Test single user 1-1,text,true,,463,10422,1,1,http://localhost:3002/fir,45,0,0
1675771554490,35,FIr Creation Request,201,Created,Firs Test single user 1-1,text,true,,463,10422,1,1,http://localhost:3002/fir,35,0,0
1675771554529,27,FIr Creation Request,201,Created,Firs Test single user 1-1,text,true,,463,10422,1,1,http://localhost:3002/fir,27,0,0
1675771554559,58,FIr Creation Request,201,Created,Firs Test single user 1-1,text,true,,463,10422,1,1,http://localhost:3002/fir,58,0,1
1675771554618,46,FIr Creation Request,201,Created,Firs Test single user 1-1,text,true,,463,10422,1,1,http://localhost:3002/fir,46,0,1
1675771554666,30,FIr Creation Request,201,Created,Firs Test single user 1-1,text,true,,463,10422,1,1,http://localhost:3002/fir,30,0,0
1675771554698,44,FIr Creation Request,201,Created,Firs Test single user 1-1,text,true,,463,10422,1,1,http://localhost:3002/fir,44,0,1
1675771554744,29,FIr Creation Request,201,Created,Firs Test single user 1-1,text,true,,463,10422,1,1,http://localhost:3002/fir,29,0,0
1675771554774,46,FIr Creation Request,201,Created,Firs Test single user 1-1,text,true,,463,10422,1,1,http://localhost:3002/fir,46,0,1
1675771554824,42,FIr Creation Request,201,Created,Firs Test single user 1-1,text,true,,463,10422,1,1,http://localhost:3002/fir,42,0,1
1675771554870,57,FIr Creation Request,201,Created,Firs Test single user 1-1,text,true,,463,10422,1,1,http://localhost:3002/fir,57,0,0
1675771554929,76,FIr Creation Request,201,Created,Firs Test single user 1-1,text,true,,463,10422,1,1,http://localhost:3002/fir,76,0,0
1675771555006,46,FIr Creation Request,201,Created,Firs Test single user 1-1,text,true,,463,10422,1,1,http://localhost:3002/fir,46,0,0
1675771555054,46,FIr Creation Request,201,Created,Firs Test single user 1-1,text,true,,463,10422,1,1,http://localhost:3002/fir,46,0,0
1675771555105,40,FIr Creation Request,201,Created,Firs Test single user 1-1,text,true,,463,10422,1,1,http://localhost:3002/fir,40,0,0
1675771555147,61,FIr Creation Request,201,Created,Firs Test single user 1-1,text,true,,463,10422,1,1,http://localhost:3002/fir,61,0,0
1675771555209,60,FIr Creation Request,201,Created,Firs Test single user 1-1,text,true,,463,10422,1,1,http://localhost:3002/fir,60,0,1
1675771555271,29,FIr Creation Request,201,Created,Firs Test single user 1-1,text,true,,463,10422,1,1,http://localhost:3002/fir,29,0,1
1675771555303,43,FIr Creation Request,201,Created,Firs Test single user 1-1,text,true,,463,10422,1,1,http://localhost:3002/fir,43,0,1
1675771555348,44,FIr Creation Request,201,Created,Firs Test single user 1-1,text,true,,463,10422,1,1,http://localhost:3002/fir,44,0,0
1675771555393,30,FIr Creation Request,201,Created,Firs Test single user 1-1,text,true,,463,10422,1,1,http://localhost:3002/fir,30,0,0
1675771555424,61,FIr Creation Request,201,Created,Firs Test single user 1-1,text,true,,463,10422,1,1,http://localhost:3002/fir,61,0,0
1675771555487,59,FIr Creation Request,201,Created,Firs Test single user 1-1,text,true,,463,10422,1,1,http://localhost:3002/fir,59,0,1
1675771555548,61,FIr Creation Request,201,Created,Firs Test single user 1-1,text,true,,463,10422,1,1,http://localhost:3002/fir,61,0,0
1675771555610,30,FIr Creation Request,201,Created,Firs Test single user 1-1,text,true,,463,10422,1,1,http://localhost:3002/fir,30,0,1
1675771555642,60,FIr Creation Request,201,Created,Firs Test single user 1-1,text,true,,463,10422,1,1,http://localhost:3002/fir,60,0,1
1675771555703,76,FIr Creation Request,201,Created,Firs Test single user 1-1,text,true,,463,10422,1,1,http://localhost:3002/fir,76,0,0
1675771555781,29,FIr Creation Request,201,Created,Firs Test single user 1-1,text,true,,463,10422,1,1,http://localhost:3002/fir,29,0,1
1675771555812,29,FIr Creation Request,201,Created,Firs Test single user 1-1,text,true,,463,10422,1,1,http://localhost:3002/fir,29,0,1
1675771555842,91,FIr Creation Request,201,Created,Firs Test single user 1-1,text,true,,463,10422,1,1,http://localhost:3002/fir,91,0,0
1675771555935,30,FIr Creation Request,201,Created,Firs Test single user 1-1,text,true,,463,10422,1,1,http://localhost:3002/fir,30,0,0
1675771555967,61,FIr Creation Request,201,Created,Firs Test single user 1-1,text,true,,463,10422,1,1,http://localhost:3002/fir,61,0,0
1675771556029,30,FIr Creation Request,201,Created,Firs Test single user 1-1,text,true,,463,10422,1,1,http://localhost:3002/fir,30,0,0
1675771556060,45,FIr Creation Request,201,Created,Firs Test single user 1-1,text,true,,463,10422,1,1,http://localhost:3002/fir,45,0,0
1675771556107,31,FIr Creation Request,201,Created,Firs Test single user 1-1,text,true,,463,10422,1,1,http://localhost:3002/fir,31,0,1
1675771556141,43,FIr Creation Request,201,Created,Firs Test single user 1-1,text,true,,463,10422,1,1,http://localhost:3002/fir,43,0,0
1675771556188,41,FIr Creation Request,201,Created,Firs Test single user 1-1,text,true,,463,10422,1,1,http://localhost:3002/fir,41,0,1
1675771556232,28,FIr Creation Request,201,Created,Firs Test single user 1-1,text,true,,463,10422,1,1,http://localhost:3002/fir,28,0,0
1675771556262,30,FIr Creation Request,201,Created,Firs Test single user 1-1,text,true,,463,10422,1,1,http://localhost:3002/fir,30,0,0
1675771556295,27,FIr Creation Request,201,Created,Firs Test single user 1-1,text,true,,463,10422,1,1,http://localhost:3002/fir,27,0,0
1675771556324,29,FIr Creation Request,201,Created,Firs Test single user 1-1,text,true,,463,10422,1,1,http://localhost:3002/fir,29,0,0
1675771556355,60,FIr Creation Request,201,Created,Firs Test single user 1-1,text,true,,463,10422,1,1,http://localhost:3002/fir,60,0,0
1675771556419,27,FIr Creation Request,201,Created,Firs Test single user 1-1,text,true,,463,10422,1,1,http://localhost:3002/fir,27,0,0
1675771556447,124,FIr Creation Request,201,Created,Firs Test single user 1-1,text,true,,463,10422,1,1,http://localhost:3002/fir,124,0,1
1675771556573,29,FIr Creation Request,201,Created,Firs Test single user 1-1,text,true,,463,10422,1,1,http://localhost:3002/fir,29,0,1
1675771556604,106,FIr Creation Request,201,Created,Firs Test single user 1-1,text,true,,463,10422,1,1,http://localhost:3002/fir,106,0,1
1675771556712,30,FIr Creation Request,201,Created,Firs Test single user 1-1,text,true,,463,10422,1,1,http://localhost:3002/fir,30,0,0
1675771556745,90,FIr Creation Request,201,Created,Firs Test single user 1-1,text,true,,463,10422,1,1,http://localhost:3002/fir,90,0,1
1675771556838,27,FIr Creation Request,201,Created,Firs Test single user 1-1,text,true,,463,10422,1,1,http://localhost:3002/fir,27,0,0
1675771556868,27,FIr Creation Request,201,Created,Firs Test single user 1-1,text,true,,463,10422,1,1,http://localhost:3002/fir,27,0,0
1675771556897,60,FIr Creation Request,201,Created,Firs Test single user 1-1,text,true,,463,10422,1,1,http://localhost:3002/fir,60,0,0
1675771556959,29,FIr Creation Request,201,Created,Firs Test single user 1-1,text,true,,463,10422,1,1,http://localhost:3002/fir,29,0,0
1675771556991,28,FIr Creation Request,201,Created,Firs Test single user 1-1,text,true,,463,10422,1,1,http://localhost:3002/fir,28,0,0
1675771557020,29,FIr Creation Request,201,Created,Firs Test single user 1-1,text,true,,463,10422,1,1,http://localhost:3002/fir,29,0,0
1675771557051,202,FIr Creation Request,201,Created,Firs Test single user 1-1,text,true,,463,10422,1,1,http://localhost:3002/fir,202,0,0
1675771557254,30,FIr Creation Request,201,Created,Firs Test single user 1-1,text,true,,463,10422,1,1,http://localhost:3002/fir,30,0,0
1675771557285,30,FIr Creation Request,201,Created,Firs Test single user 1-1,text,true,,463,10422,1,1,http://localhost:3002/fir,29,0,0
1675771557318,27,FIr Creation Request,201,Created,Firs Test single user 1-1,text,true,,463,10422,1,1,http://localhost:3002/fir,27,0,0
1675771557346,29,FIr Creation Request,201,Created,Firs Test single user 1-1,text,true,,463,10422,1,1,http://localhost:3002/fir,29,0,0
1675771557377,30,FIr Creation Request,201,Created,Firs Test single user 1-1,text,true,,463,10422,1,1,http://localhost:3002/fir,30,0,0
1675771557409,44,FIr Creation Request,201,Created,Firs Test single user 1-1,text,true,,463,10422,1,1,http://localhost:3002/fir,44,0,0
1675771557463,21,FIr Creation Request,201,Created,Firs Test single user 1-1,text,true,,463,10422,1,1,http://localhost:3002/fir,21,0,0
1675771557487,28,FIr Creation Request,201,Created,Firs Test single user 1-1,text,true,,463,10422,1,1,http://localhost:3002/fir,28,0,0
1675771557518,59,FIr Creation Request,201,Created,Firs Test single user 1-1,text,true,,463,10422,1,1,http://localhost:3002/fir,59,0,0
1675771557579,29,FIr Creation Request,201,Created,Firs Test single user 1-1,text,true,,463,10422,1,1,http://localhost:3002/fir,29,0,0
1675771557609,31,FIr Creation Request,201,Created,Firs Test single user 1-1,text,true,,463,10422,1,1,http://localhost:3002/fir,31,0,1
1675771557643,59,FIr Creation Request,201,Created,Firs Test single user 1-1,text,true,,463,10422,1,1,http://localhost:3002/fir,59,0,1
1675771557704,30,FIr Creation Request,201,Created,Firs Test single user 1-1,text,true,,463,10422,1,1,http://localhost:3002/fir,30,0,0
1675771557736,28,FIr Creation Request,201,Created,Firs Test single user 1-1,text,true,,463,10422,1,1,http://localhost:3002/fir,28,0,1
1675771557766,29,FIr Creation Request,201,Created,Firs Test single user 1-1,text,true,,463,10422,1,1,http://localhost:3002/fir,29,0,0
1675771557799,42,FIr Creation Request,201,Created,Firs Test single user 1-1,text,true,,463,10422,1,1,http://localhost:3002/fir,42,0,0
1675771557842,30,FIr Creation Request,201,Created,Firs Test single user 1-1,text,true,,463,10422,1,1,http://localhost:3002/fir,30,0,0
1675771557876,27,FIr Creation Request,201,Created,Firs Test single user 1-1,text,true,,463,10422,1,1,http://localhost:3002/fir,27,0,0
1675771557904,29,FIr Creation Request,201,Created,Firs Test single user 1-1,text,true,,463,10422,1,1,http://localhost:3002/fir,29,0,1
1675771557935,44,FIr Creation Request,201,Created,Firs Test single user 1-1,text,true,,463,10422,1,1,http://localhost:3002/fir,44,0,0
1675771557980,31,FIr Creation Request,201,Created,Firs Test single user 1-1,text,true,,463,10422,1,1,http://localhost:3002/fir,31,0,1
1675771558012,62,FIr Creation Request,201,Created,Firs Test single user 1-1,text,true,,463,10422,1,1,http://localhost:3002/fir,62,0,0
1675771558075,30,FIr Creation Request,201,Created,Firs Test single user 1-1,text,true,,463,10422,1,1,http://localhost:3002/fir,30,0,0
1675771558109,27,FIr Creation Request,201,Created,Firs Test single user 1-1,text,true,,463,10422,1,1,http://localhost:3002/fir,27,0,0
1675771558137,77,FIr Creation Request,201,Created,Firs Test single user 1-1,text,true,,463,10422,1,1,http://localhost:3002/fir,77,0,0
1675771558215,167,FIr Creation Request,201,Created,Firs Test single user 1-1,text,true,,463,10422,1,1,http://localhost:3002/fir,167,0,0
1675771558387,41,FIr Creation Request,201,Created,Firs Test single user 1-1,text,true,,463,10422,1,1,http://localhost:3002/fir,41,0,0
1675771558432,41,FIr Creation Request,201,Created,Firs Test single user 1-1,text,true,,463,10422,1,1,http://localhost:3002/fir,41,0,0
1675771558489,32,FIr Creation Request,201,Created,Firs Test single user 1-1,text,true,,463,10422,1,1,http://localhost:3002/fir,32,0,0
1675771558524,74,FIr Creation Request,201,Created,Firs Test single user 1-1,text,true,,463,10422,1,1,http://localhost:3002/fir,74,0,0
1675771558602,27,FIr Creation Request,201,Created,Firs Test single user 1-1,text,true,,463,10422,1,1,http://localhost:3002/fir,27,0,0
1675771558630,61,FIr Creation Request,201,Created,Firs Test single user 1-1,text,true,,463,10422,1,1,http://localhost:3002/fir,61,0,0
1675771558694,45,FIr Creation Request,201,Created,Firs Test single user 1-1,text,true,,463,10422,1,1,http://localhost:3002/fir,45,0,0
1675771558740,29,FIr Creation Request,201,Created,Firs Test single user 1-1,text,true,,463,10422,1,1,http://localhost:3002/fir,29,0,1
1675771558772,28,FIr Creation Request,201,Created,Firs Test single user 1-1,text,true,,463,10422,1,1,http://localhost:3002/fir,28,0,0
1675771558802,30,FIr Creation Request,201,Created,Firs Test single user 1-1,text,true,,463,10422,1,1,http://localhost:3002/fir,30,0,0
1675771558835,43,FIr Creation Request,201,Created,Firs Test single user 1-1,text,true,,463,10422,1,1,http://localhost:3002/fir,43,0,1
1675771558879,45,FIr Creation Request,201,Created,Firs Test single user 1-1,text,true,,463,10422,1,1,http://localhost:3002/fir,45,0,0
1675771558925,32,FIr Creation Request,201,Created,Firs Test single user 1-1,text,true,,463,10422,1,1,http://localhost:3002/fir,32,0,0
1675771558960,59,FIr Creation Request,201,Created,Firs Test single user 1-1,text,true,,463,10422,1,1,http://localhost:3002/fir,59,0,1
1675771559023,41,FIr Creation Request,201,Created,Firs Test single user 1-1,text,true,,463,10422,1,1,http://localhost:3002/fir,41,0,0
1675771559067,60,FIr Creation Request,201,Created,Firs Test single user 1-1,text,true,,463,10422,1,1,http://localhost:3002/fir,60,0,1
1675771559129,76,FIr Creation Request,201,Created,Firs Test single user 1-1,text,true,,463,10422,1,1,http://localhost:3002/fir,76,0,0
1675771559206,46,FIr Creation Request,201,Created,Firs Test single user 1-1,text,true,,463,10422,1,1,http://localhost:3002/fir,46,0,1
1675771559253,29,FIr Creation Request,201,Created,Firs Test single user 1-1,text,true,,463,10422,1,1,http://localhost:3002/fir,29,0,1
1675771559284,29,FIr Creation Request,201,Created,Firs Test single user 1-1,text,true,,463,10422,1,1,http://localhost:3002/fir,29,0,0
1675771559315,60,FIr Creation Request,201,Created,Firs Test single user 1-1,text,true,,463,10422,1,1,http://localhost:3002/fir,60,0,0
1675771559378,59,FIr Creation Request,201,Created,Firs Test single user 1-1,text,true,,463,10422,1,1,http://localhost:3002/fir,59,0,0
1675771559439,30,FIr Creation Request,201,Created,Firs Test single user 1-1,text,true,,463,10422,1,1,http://localhost:3002/fir,30,0,0
1675771559471,28,FIr Creation Request,201,Created,Firs Test single user 1-1,text,true,,463,10422,1,1,http://localhost:3002/fir,28,0,0
1675771559513,32,FIr Creation Request,201,Created,Firs Test single user 1-1,text,true,,463,10422,1,1,http://localhost:3002/fir,32,0,0
1675771559606,125,FIr Creation Request,201,Created,Firs Test single user 1-1,text,true,,463,10422,1,1,http://localhost:3002/fir,125,0,0
1675771559732,30,FIr Creation Request,201,Created,Firs Test single user 1-1,text,true,,463,10422,1,1,http://localhost:3002/fir,30,0,0
1675771559763,76,FIr Creation Request,201,Created,Firs Test single user 1-1,text,true,,463,10422,1,1,http://localhost:3002/fir,76,0,1
1675771559841,29,FIr Creation Request,201,Created,Firs Test single user 1-1,text,true,,463,10422,1,1,http://localhost:3002/fir,29,0,1
1675771559872,29,FIr Creation Request,201,Created,Firs Test single user 1-1,text,true,,463,10422,1,1,http://localhost:3002/fir,29,0,0
1675771559902,31,FIr Creation Request,201,Created,Firs Test single user 1-1,text,true,,463,10422,1,1,http://localhost:3002/fir,31,0,1
1675771559935,43,FIr Creation Request,201,Created,Firs Test single user 1-1,text,true,,463,10422,1,1,http://localhost:3002/fir,43,0,1
1675771559980,45,FIr Creation Request,201,Created,Firs Test single user 1-1,text,true,,463,10422,1,1,http://localhost:3002/fir,45,0,0
1675771560027,154,FIr Creation Request,201,Created,Firs Test single user 1-1,text,true,,463,10422,1,1,http://localhost:3002/fir,154,0,0
1675771560183,29,FIr Creation Request,201,Created,Firs Test single user 1-1,text,true,,463,10422,1,1,http://localhost:3002/fir,29,0,0
1675771560213,45,FIr Creation Request,201,Created,Firs Test single user 1-1,text,true,,463,10422,1,1,http://localhost:3002/fir,45,0,1
1675771560259,46,FIr Creation Request,201,Created,Firs Test single user 1-1,text,true,,463,10422,1,1,http://localhost:3002/fir,46,0,1
1675771560308,29,FIr Creation Request,201,Created,Firs Test single user 1-1,text,true,,463,10422,1,1,http://localhost:3002/fir,29,0,0
1675771560339,28,FIr Creation Request,201,Created,Firs Test single user 1-1,text,true,,463,10422,1,1,http://localhost:3002/fir,28,0,0
1675771560368,46,FIr Creation Request,201,Created,Firs Test single user 1-1,text,true,,463,10422,1,1,http://localhost:3002/fir,46,0,0
1675771560416,29,FIr Creation Request,201,Created,Firs Test single user 1-1,text,true,,463,10422,1,1,http://localhost:3002/fir,29,0,0
1675771560448,58,FIr Creation Request,201,Created,Firs Test single user 1-1,text,true,,463,10422,1,1,http://localhost:3002/fir,58,0,0
1675771560509,44,FIr Creation Request,201,Created,Firs Test single user 1-1,text,true,,463,10422,1,1,http://localhost:3002/fir,44,0,0
1675771560554,46,FIr Creation Request,201,Created,Firs Test single user 1-1,text,true,,463,10422,1,1,http://localhost:3002/fir,46,0,0
1675771560603,59,FIr Creation Request,201,Created,Firs Test single user 1-1,text,true,,463,10422,1,1,http://localhost:3002/fir,59,0,0
1675771560664,44,FIr Creation Request,201,Created,Firs Test single user 1-1,text,true,,463,10422,1,1,http://localhost:3002/fir,44,0,0
1675771560710,45,FIr Creation Request,201,Created,Firs Test single user 1-1,text,true,,463,10422,1,1,http://localhost:3002/fir,45,0,0
1675771560756,30,FIr Creation Request,201,Created,Firs Test single user 1-1,text,true,,463,10422,1,1,http://localhost:3002/fir,30,0,1
1675771560789,28,FIr Creation Request,201,Created,Firs Test single user 1-1,text,true,,463,10422,1,1,http://localhost:3002/fir,28,0,0
1675771560819,29,FIr Creation Request,201,Created,Firs Test single user 1-1,text,true,,463,10422,1,1,http://localhost:3002/fir,29,0,0
1675771560850,59,FIr Creation Request,201,Created,Firs Test single user 1-1,text,true,,463,10422,1,1,http://localhost:3002/fir,59,0,0
1675771560910,45,FIr Creation Request,201,Created,Firs Test single user 1-1,text,true,,463,10422,1,1,http://localhost:3002/fir,45,0,0
1675771560959,57,FIr Creation Request,201,Created,Firs Test single user 1-1,text,true,,463,10422,1,1,http://localhost:3002/fir,57,0,0
1675771561018,29,FIr Creation Request,201,Created,Firs Test single user 1-1,text,true,,463,10422,1,1,http://localhost:3002/fir,29,0,0
1675771561049,46,FIr Creation Request,201,Created,Firs Test single user 1-1,text,true,,463,10422,1,1,http://localhost:3002/fir,46,0,0
1675771561098,1248,FIr Creation Request,201,Created,Firs Test single user 1-1,text,true,,463,10422,1,1,http://localhost:3002/fir,1248,0,0
1675771562347,30,FIr Creation Request,201,Created,Firs Test single user 1-1,text,true,,463,10422,1,1,http://localhost:3002/fir,30,0,0
1675771562381,42,FIr Creation Request,201,Created,Firs Test single user 1-1,text,true,,463,10422,1,1,http://localhost:3002/fir,42,0,0
1675771562424,46,FIr Creation Request,201,Created,Firs Test single user 1-1,text,true,,463,10422,1,1,http://localhost:3002/fir,46,0,1
1675771562473,45,FIr Creation Request,201,Created,Firs Test single user 1-1,text,true,,463,10422,1,1,http://localhost:3002/fir,45,0,1
1675771562522,41,FIr Creation Request,201,Created,Firs Test single user 1-1,text,true,,463,10422,1,1,http://localhost:3002/fir,41,0,1
1675771562564,45,FIr Creation Request,201,Created,Firs Test single user 1-1,text,true,,463,10422,1,1,http://localhost:3002/fir,45,0,1
1675771562612,29,FIr Creation Request,201,Created,Firs Test single user 1-1,text,true,,463,10422,1,1,http://localhost:3002/fir,29,0,0
1675771562649,53,FIr Creation Request,201,Created,Firs Test single user 1-1,text,true,,463,10422,1,1,http://localhost:3002/fir,53,0,1
1675771562705,28,FIr Creation Request,201,Created,Firs Test single user 1-1,text,true,,463,10422,1,1,http://localhost:3002/fir,28,0,0
1675771562735,45,FIr Creation Request,201,Created,Firs Test single user 1-1,text,true,,463,10422,1,1,http://localhost:3002/fir,45,0,0
1675771562783,122,FIr Creation Request,201,Created,Firs Test single user 1-1,text,true,,463,10422,1,1,http://localhost:3002/fir,122,0,1
1675771562906,77,FIr Creation Request,201,Created,Firs Test single user 1-1,text,true,,463,10422,1,1,http://localhost:3002/fir,77,0,0
1675771562985,45,FIr Creation Request,201,Created,Firs Test single user 1-1,text,true,,463,10422,1,1,http://localhost:3002/fir,45,0,0
1675771563032,31,FIr Creation Request,201,Created,Firs Test single user 1-1,text,true,,463,10422,1,1,http://localhost:3002/fir,31,0,0
1675771563076,33,FIr Creation Request,201,Created,Firs Test single user 1-1,text,true,,463,10422,1,1,http://localhost:3002/fir,33,0,1
1675771563111,59,FIr Creation Request,201,Created,Firs Test single user 1-1,text,true,,463,10422,1,1,http://localhost:3002/fir,59,0,0
1675771563172,44,FIr Creation Request,201,Created,Firs Test single user 1-1,text,true,,463,10422,1,1,http://localhost:3002/fir,44,0,0
1675771563218,29,FIr Creation Request,201,Created,Firs Test single user 1-1,text,true,,463,10422,1,1,http://localhost:3002/fir,29,0,1
1675771563249,31,FIr Creation Request,201,Created,Firs Test single user 1-1,text,true,,463,10422,1,1,http://localhost:3002/fir,31,0,0
1675771563283,58,FIr Creation Request,201,Created,Firs Test single user 1-1,text,true,,463,10422,1,1,http://localhost:3002/fir,58,0,1
1675771563342,45,FIr Creation Request,201,Created,Firs Test single user 1-1,text,true,,463,10422,1,1,http://localhost:3002/fir,45,0,0
1675771563390,43,FIr Creation Request,201,Created,Firs Test single user 1-1,text,true,,463,10422,1,1,http://localhost:3002/fir,43,0,0
1675771563434,29,FIr Creation Request,201,Created,Firs Test single user 1-1,text,true,,463,10422,1,1,http://localhost:3002/fir,29,0,0
1675771563465,46,FIr Creation Request,201,Created,Firs Test single user 1-1,text,true,,463,10422,1,1,http://localhost:3002/fir,46,0,0
1675771563514,74,FIr Creation Request,201,Created,Firs Test single user 1-1,text,true,,463,10422,1,1,http://localhost:3002/fir,74,0,0
1675771563590,30,FIr Creation Request,201,Created,Firs Test single user 1-1,text,true,,463,10422,1,1,http://localhost:3002/fir,30,0,0
1675771563621,61,FIr Creation Request,201,Created,Firs Test single user 1-1,text,true,,463,10422,1,1,http://localhost:3002/fir,61,0,1
1675771563684,29,FIr Creation Request,201,Created,Firs Test single user 1-1,text,true,,463,10422,1,1,http://localhost:3002/fir,29,0,0
1675771563715,30,FIr Creation Request,201,Created,Firs Test single user 1-1,text,true,,463,10422,1,1,http://localhost:3002/fir,30,0,0
1675771563746,29,FIr Creation Request,201,Created,Firs Test single user 1-1,text,true,,463,10422,1,1,http://localhost:3002/fir,29,0,1
1675771563776,30,FIr Creation Request,201,Created,Firs Test single user 1-1,text,true,,463,10422,1,1,http://localhost:3002/fir,30,0,0
1675771563808,29,FIr Creation Request,201,Created,Firs Test single user 1-1,text,true,,463,10422,1,1,http://localhost:3002/fir,29,0,0
1675771563838,29,FIr Creation Request,201,Created,Firs Test single user 1-1,text,true,,463,10422,1,1,http://localhost:3002/fir,29,0,1
1675771563869,46,FIr Creation Request,201,Created,Firs Test single user 1-1,text,true,,463,10422,1,1,http://localhost:3002/fir,46,0,0
1675771563918,26,FIr Creation Request,201,Created,Firs Test single user 1-1,text,true,,463,10422,1,1,http://localhost:3002/fir,26,0,0
1675771563946,45,FIr Creation Request,201,Created,Firs Test single user 1-1,text,true,,463,10422,1,1,http://localhost:3002/fir,45,0,0
1675771563993,44,FIr Creation Request,201,Created,Firs Test single user 1-1,text,true,,463,10422,1,1,http://localhost:3002/fir,44,0,1
1675771564039,29,FIr Creation Request,201,Created,Firs Test single user 1-1,text,true,,463,10422,1,1,http://localhost:3002/fir,29,0,0
1675771564071,44,FIr Creation Request,201,Created,Firs Test single user 1-1,text,true,,463,10422,1,1,http://localhost:3002/fir,44,0,0
1675771564117,75,FIr Creation Request,201,Created,Firs Test single user 1-1,text,true,,463,10422,1,1,http://localhost:3002/fir,75,0,0
1675771564194,31,FIr Creation Request,201,Created,Firs Test single user 1-1,text,true,,463,10422,1,1,http://localhost:3002/fir,31,0,0
1675771564228,28,FIr Creation Request,201,Created,Firs Test single user 1-1,text,true,,463,10422,1,1,http://localhost:3002/fir,28,0,0
1675771564257,30,FIr Creation Request,201,Created,Firs Test single user 1-1,text,true,,463,10422,1,1,http://localhost:3002/fir,30,0,1
1675771564288,29,FIr Creation Request,201,Created,Firs Test single user 1-1,text,true,,463,10422,1,1,http://localhost:3002/fir,29,0,1
1675771564321,43,FIr Creation Request,201,Created,Firs Test single user 1-1,text,true,,463,10422,1,1,http://localhost:3002/fir,43,0,0
1675771564366,46,FIr Creation Request,201,Created,Firs Test single user 1-1,text,true,,463,10422,1,1,http://localhost:3002/fir,46,0,0
1675771564416,41,FIr Creation Request,201,Created,Firs Test single user 1-1,text,true,,463,10422,1,1,http://localhost:3002/fir,41,0,0
1675771564459,31,FIr Creation Request,201,Created,Firs Test single user 1-1,text,true,,463,10422,1,1,http://localhost:3002/fir,31,0,0
1675771564493,59,FIr Creation Request,201,Created,Firs Test single user 1-1,text,true,,463,10422,1,1,http://localhost:3002/fir,59,0,0
1675771564557,56,FIr Creation Request,201,Created,Firs Test single user 1-1,text,true,,463,10422,1,1,http://localhost:3002/fir,56,0,1
1675771564614,29,FIr Creation Request,201,Created,Firs Test single user 1-1,text,true,,463,10422,1,1,http://localhost:3002/fir,29,0,0
1675771564645,31,FIr Creation Request,201,Created,Firs Test single user 1-1,text,true,,463,10422,1,1,http://localhost:3002/fir,31,0,0
1675771564679,42,FIr Creation Request,201,Created,Firs Test single user 1-1,text,true,,463,10422,1,1,http://localhost:3002/fir,42,0,0
1675771564722,29,FIr Creation Request,201,Created,Firs Test single user 1-1,text,true,,463,10422,1,1,http://localhost:3002/fir,29,0,1
1675771564753,61,FIr Creation Request,201,Created,Firs Test single user 1-1,text,true,,463,10422,1,1,http://localhost:3002/fir,61,0,0
1675771564819,26,FIr Creation Request,201,Created,Firs Test single user 1-1,text,true,,463,10422,1,1,http://localhost:3002/fir,26,0,0
1675771564847,44,FIr Creation Request,201,Created,Firs Test single user 1-1,text,true,,463,10422,1,1,http://localhost:3002/fir,44,0,0
1675771564892,30,FIr Creation Request,201,Created,Firs Test single user 1-1,text,true,,463,10422,1,1,http://localhost:3002/fir,30,0,0
1675771564923,60,FIr Creation Request,201,Created,Firs Test single user 1-1,text,true,,463,10422,1,1,http://localhost:3002/fir,60,0,1
1675771564984,122,FIr Creation Request,201,Created,Firs Test single user 1-1,text,true,,463,10422,1,1,http://localhost:3002/fir,122,0,1
1675771565115,23,FIr Creation Request,201,Created,Firs Test single user 1-1,text,true,,463,10422,1,1,http://localhost:3002/fir,23,0,1
1675771565139,61,FIr Creation Request,201,Created,Firs Test single user 1-1,text,true,,463,10422,1,1,http://localhost:3002/fir,61,0,0
1675771565213,31,FIr Creation Request,201,Created,Firs Test single user 1-1,text,true,,463,10422,1,1,http://localhost:3002/fir,31,0,0
1675771565246,30,FIr Creation Request,201,Created,Firs Test single user 1-1,text,true,,463,10422,1,1,http://localhost:3002/fir,30,0,0
1675771565277,76,FIr Creation Request,201,Created,Firs Test single user 1-1,text,true,,463,10422,1,1,http://localhost:3002/fir,76,0,0
1675771565354,31,FIr Creation Request,201,Created,Firs Test single user 1-1,text,true,,463,10422,1,1,http://localhost:3002/fir,31,0,1
1675771565386,29,FIr Creation Request,201,Created,Firs Test single user 1-1,text,true,,463,10422,1,1,http://localhost:3002/fir,29,0,1
1675771565417,30,FIr Creation Request,201,Created,Firs Test single user 1-1,text,true,,463,10422,1,1,http://localhost:3002/fir,30,0,0
1675771565450,74,FIr Creation Request,201,Created,Firs Test single user 1-1,text,true,,463,10422,1,1,http://localhost:3002/fir,74,0,1
1675771565526,29,FIr Creation Request,201,Created,Firs Test single user 1-1,text,true,,463,10422,1,1,http://localhost:3002/fir,29,0,0
1675771565556,30,FIr Creation Request,201,Created,Firs Test single user 1-1,text,true,,463,10422,1,1,http://localhost:3002/fir,30,0,0
1675771565589,43,FIr Creation Request,201,Created,Firs Test single user 1-1,text,true,,463,10422,1,1,http://localhost:3002/fir,43,0,0
1675771565634,28,FIr Creation Request,201,Created,Firs Test single user 1-1,text,true,,463,10422,1,1,http://localhost:3002/fir,28,0,1
1675771565664,30,FIr Creation Request,201,Created,Firs Test single user 1-1,text,true,,463,10422,1,1,http://localhost:3002/fir,30,0,0
1675771565696,60,FIr Creation Request,201,Created,Firs Test single user 1-1,text,true,,463,10422,1,1,http://localhost:3002/fir,60,0,1
1675771565758,44,FIr Creation Request,201,Created,Firs Test single user 1-1,text,true,,463,10422,1,1,http://localhost:3002/fir,44,0,1
1675771565804,31,FIr Creation Request,201,Created,Firs Test single user 1-1,text,true,,463,10422,1,1,http://localhost:3002/fir,31,0,0
1675771565838,59,FIr Creation Request,201,Created,Firs Test single user 1-1,text,true,,463,10422,1,1,http://localhost:3002/fir,59,0,0
1675771565898,60,FIr Creation Request,201,Created,Firs Test single user 1-1,text,true,,463,10422,1,1,http://localhost:3002/fir,60,0,1
1675771565962,43,FIr Creation Request,201,Created,Firs Test single user 1-1,text,true,,463,10422,1,1,http://localhost:3002/fir,43,0,1
1675771566008,60,FIr Creation Request,201,Created,Firs Test single user 1-1,text,true,,463,10422,1,1,http://localhost:3002/fir,60,0,0
1675771566071,27,FIr Creation Request,201,Created,Firs Test single user 1-1,text,true,,463,10422,1,1,http://localhost:3002/fir,27,0,1
1675771566099,77,FIr Creation Request,201,Created,Firs Test single user 1-1,text,true,,463,10422,1,1,http://localhost:3002/fir,77,0,1
1675771566177,29,FIr Creation Request,201,Created,Firs Test single user 1-1,text,true,,463,10422,1,1,http://localhost:3002/fir,29,0,0
1675771566208,45,FIr Creation Request,201,Created,Firs Test single user 1-1,text,true,,463,10422,1,1,http://localhost:3002/fir,45,0,0
1675771566254,30,FIr Creation Request,201,Created,Firs Test single user 1-1,text,true,,463,10422,1,1,http://localhost:3002/fir,30,0,0
1675771566287,42,FIr Creation Request,201,Created,Firs Test single user 1-1,text,true,,463,10422,1,1,http://localhost:3002/fir,42,0,1
1675771566331,30,FIr Creation Request,201,Created,Firs Test single user 1-1,text,true,,463,10422,1,1,http://localhost:3002/fir,30,0,1
1675771566362,92,FIr Creation Request,201,Created,Firs Test single user 1-1,text,true,,463,10422,1,1,http://localhost:3002/fir,92,0,1
1675771566459,41,FIr Creation Request,201,Created,Firs Test single user 1-1,text,true,,463,10422,1,1,http://localhost:3002/fir,41,0,0
1675771566503,27,FIr Creation Request,201,Created,Firs Test single user 1-1,text,true,,463,10422,1,1,http://localhost:3002/fir,27,0,0
1675771566533,89,FIr Creation Request,201,Created,Firs Test single user 1-1,text,true,,463,10422,1,1,http://localhost:3002/fir,89,0,0
1675771566624,46,FIr Creation Request,201,Created,Firs Test single user 1-1,text,true,,463,10422,1,1,http://localhost:3002/fir,46,0,0
1675771566672,59,FIr Creation Request,201,Created,Firs Test single user 1-1,text,true,,463,10422,1,1,http://localhost:3002/fir,59,0,1
1675771566742,52,FIr Creation Request,201,Created,Firs Test single user 1-1,text,true,,463,10422,1,1,http://localhost:3002/fir,52,0,0
1675771566796,44,FIr Creation Request,201,Created,Firs Test single user 1-1,text,true,,463,10422,1,1,http://localhost:3002/fir,44,0,1
1675771566842,30,FIr Creation Request,201,Created,Firs Test single user 1-1,text,true,,463,10422,1,1,http://localhost:3002/fir,30,0,0
1675771566875,57,FIr Creation Request,201,Created,Firs Test single user 1-1,text,true,,463,10422,1,1,http://localhost:3002/fir,57,0,1
1675771566935,29,FIr Creation Request,201,Created,Firs Test single user 1-1,text,true,,463,10422,1,1,http://localhost:3002/fir,29,0,0
1675771566966,44,FIr Creation Request,201,Created,Firs Test single user 1-1,text,true,,463,10422,1,1,http://localhost:3002/fir,44,0,1
1675771567012,78,FIr Creation Request,201,Created,Firs Test single user 1-1,text,true,,463,10422,1,1,http://localhost:3002/fir,78,0,0
1675771567093,27,FIr Creation Request,201,Created,Firs Test single user 1-1,text,true,,463,10422,1,1,http://localhost:3002/fir,27,0,0
1675771567124,42,FIr Creation Request,201,Created,Firs Test single user 1-1,text,true,,463,10422,1,1,http://localhost:3002/fir,42,0,1
1675771567167,29,FIr Creation Request,201,Created,Firs Test single user 1-1,text,true,,463,10422,1,1,http://localhost:3002/fir,29,0,0
1675771567198,60,FIr Creation Request,201,Created,Firs Test single user 1-1,text,true,,463,10422,1,1,http://localhost:3002/fir,60,0,1
1675771567259,30,FIr Creation Request,201,Created,Firs Test single user 1-1,text,true,,463,10422,1,1,http://localhost:3002/fir,30,0,1
1675771567291,30,FIr Creation Request,201,Created,Firs Test single user 1-1,text,true,,463,10422,1,1,http://localhost:3002/fir,30,0,0
1675771567324,89,FIr Creation Request,201,Created,Firs Test single user 1-1,text,true,,463,10422,1,1,http://localhost:3002/fir,89,0,0
1675771567415,29,FIr Creation Request,201,Created,Firs Test single user 1-1,text,true,,463,10422,1,1,http://localhost:3002/fir,29,0,0
1675771567445,61,FIr Creation Request,201,Created,Firs Test single user 1-1,text,true,,463,10422,1,1,http://localhost:3002/fir,61,0,0
1675771567508,44,FIr Creation Request,201,Created,Firs Test single user 1-1,text,true,,463,10422,1,1,http://localhost:3002/fir,44,0,1
1675771567555,59,FIr Creation Request,201,Created,Firs Test single user 1-1,text,true,,463,10422,1,1,http://localhost:3002/fir,59,0,0
1675771567616,60,FIr Creation Request,201,Created,Firs Test single user 1-1,text,true,,463,10422,1,1,http://localhost:3002/fir,60,0,0
1675771567678,30,FIr Creation Request,201,Created,Firs Test single user 1-1,text,true,,463,10422,1,1,http://localhost:3002/fir,30,0,0
1675771567710,151,FIr Creation Request,201,Created,Firs Test single user 1-1,text,true,,463,10422,1,1,http://localhost:3002/fir,151,0,0
1675771567864,105,FIr Creation Request,201,Created,Firs Test single user 1-1,text,true,,463,10422,1,1,http://localhost:3002/fir,105,0,1
1675771567973,27,FIr Creation Request,201,Created,Firs Test single user 1-1,text,true,,463,10422,1,1,http://localhost:3002/fir,27,0,0
1675771568003,59,FIr Creation Request,201,Created,Firs Test single user 1-1,text,true,,463,10422,1,1,http://localhost:3002/fir,59,0,0
1675771568064,61,FIr Creation Request,201,Created,Firs Test single user 1-1,text,true,,463,10422,1,1,http://localhost:3002/fir,61,0,0
1675771568126,62,FIr Creation Request,201,Created,Firs Test single user 1-1,text,true,,463,10422,1,1,http://localhost:3002/fir,62,0,1
1675771568189,76,FIr Creation Request,201,Created,Firs Test single user 1-1,text,true,,463,10422,1,1,http://localhost:3002/fir,76,0,0
1675771568275,37,FIr Creation Request,201,Created,Firs Test single user 1-1,text,true,,463,10422,1,1,http://localhost:3002/fir,37,0,0
1675771568313,45,FIr Creation Request,201,Created,Firs Test single user 1-1,text,true,,463,10422,1,1,http://localhost:3002/fir,45,0,0
1675771568360,61,FIr Creation Request,201,Created,Firs Test single user 1-1,text,true,,463,10422,1,1,http://localhost:3002/fir,61,0,1
1675771568422,31,FIr Creation Request,201,Created,Firs Test single user 1-1,text,true,,463,10422,1,1,http://localhost:3002/fir,31,0,0
1675771568456,103,FIr Creation Request,201,Created,Firs Test single user 1-1,text,true,,463,10422,1,1,http://localhost:3002/fir,103,0,0
1675771568561,61,FIr Creation Request,201,Created,Firs Test single user 1-1,text,true,,463,10422,1,1,http://localhost:3002/fir,61,0,0
1675771568627,56,FIr Creation Request,201,Created,Firs Test single user 1-1,text,true,,463,10422,1,1,http://localhost:3002/fir,56,0,1
1675771568692,22,FIr Creation Request,201,Created,Firs Test single user 1-1,text,true,,463,10422,1,1,http://localhost:3002/fir,22,0,0
1675771568715,62,FIr Creation Request,201,Created,Firs Test single user 1-1,text,true,,463,10422,1,1,http://localhost:3002/fir,62,0,1
1675771568790,63,FIr Creation Request,201,Created,Firs Test single user 1-1,text,true,,463,10422,1,1,http://localhost:3002/fir,63,0,1
1675771568855,29,FIr Creation Request,201,Created,Firs Test single user 1-1,text,true,,463,10422,1,1,http://localhost:3002/fir,29,0,1
1675771568887,74,FIr Creation Request,201,Created,Firs Test single user 1-1,text,true,,463,10422,1,1,http://localhost:3002/fir,74,0,0
1675771568962,61,FIr Creation Request,201,Created,Firs Test single user 1-1,text,true,,463,10422,1,1,http://localhost:3002/fir,61,0,0
1675771569025,75,FIr Creation Request,201,Created,Firs Test single user 1-1,text,true,,463,10422,1,1,http://localhost:3002/fir,75,0,1
1675771569101,138,FIr Creation Request,201,Created,Firs Test single user 1-1,text,true,,463,10422,1,1,http://localhost:3002/fir,138,0,0
1675771569242,28,FIr Creation Request,201,Created,Firs Test single user 1-1,text,true,,463,10422,1,1,http://localhost:3002/fir,28,0,0
1675771569273,74,FIr Creation Request,201,Created,Firs Test single user 1-1,text,true,,463,10422,1,1,http://localhost:3002/fir,74,0,0
1675771569348,30,FIr Creation Request,201,Created,Firs Test single user 1-1,text,true,,463,10422,1,1,http://localhost:3002/fir,30,0,0
1675771569379,30,FIr Creation Request,201,Created,Firs Test single user 1-1,text,true,,463,10422,1,1,http://localhost:3002/fir,30,0,0
1675771569411,46,FIr Creation Request,201,Created,Firs Test single user 1-1,text,true,,463,10422,1,1,http://localhost:3002/fir,46,0,0
1675771569461,73,FIr Creation Request,201,Created,Firs Test single user 1-1,text,true,,463,10422,1,1,http://localhost:3002/fir,73,0,0
1675771569536,76,FIr Creation Request,201,Created,Firs Test single user 1-1,text,true,,463,10422,1,1,http://localhost:3002/fir,76,0,0
1675771569617,25,FIr Creation Request,201,Created,Firs Test single user 1-1,text,true,,463,10422,1,1,http://localhost:3002/fir,25,0,1
1675771569644,29,FIr Creation Request,201,Created,Firs Test single user 1-1,text,true,,463,10422,1,1,http://localhost:3002/fir,29,0,0
1675771569676,44,FIr Creation Request,201,Created,Firs Test single user 1-1,text,true,,463,10422,1,1,http://localhost:3002/fir,44,0,0
1675771569721,60,FIr Creation Request,201,Created,Firs Test single user 1-1,text,true,,463,10422,1,1,http://localhost:3002/fir,60,0,0
1675771569784,28,FIr Creation Request,201,Created,Firs Test single user 1-1,text,true,,463,10422,1,1,http://localhost:3002/fir,28,0,0
1675771569814,29,FIr Creation Request,201,Created,Firs Test single user 1-1,text,true,,463,10422,1,1,http://localhost:3002/fir,29,0,0
1675771569845,61,FIr Creation Request,201,Created,Firs Test single user 1-1,text,true,,463,10422,1,1,http://localhost:3002/fir,61,0,0
1675771569908,29,FIr Creation Request,201,Created,Firs Test single user 1-1,text,true,,463,10422,1,1,http://localhost:3002/fir,29,0,0
1675771569938,30,FIr Creation Request,201,Created,Firs Test single user 1-1,text,true,,463,10422,1,1,http://localhost:3002/fir,30,0,1
1675771569971,59,FIr Creation Request,201,Created,Firs Test single user 1-1,text,true,,463,10422,1,1,http://localhost:3002/fir,59,0,0
1675771570034,57,FIr Creation Request,201,Created,Firs Test single user 1-1,text,true,,463,10422,1,1,http://localhost:3002/fir,57,0,0
1675771570092,62,FIr Creation Request,201,Created,Firs Test single user 1-1,text,true,,463,10422,1,1,http://localhost:3002/fir,62,0,0
1675771570157,60,FIr Creation Request,201,Created,Firs Test single user 1-1,text,true,,463,10422,1,1,http://localhost:3002/fir,60,0,1
1675771570231,31,FIr Creation Request,201,Created,Firs Test single user 1-1,text,true,,463,10422,1,1,http://localhost:3002/fir,31,0,0
1675771570264,45,FIr Creation Request,201,Created,Firs Test single user 1-1,text,true,,463,10422,1,1,http://localhost:3002/fir,45,0,0
1675771570320,51,FIr Creation Request,201,Created,Firs Test single user 1-1,text,true,,463,10422,1,1,http://localhost:3002/fir,51,0,1
1675771570373,30,FIr Creation Request,201,Created,Firs Test single user 1-1,text,true,,463,10422,1,1,http://localhost:3002/fir,30,0,0
1675771570404,30,FIr Creation Request,201,Created,Firs Test single user 1-1,text,true,,463,10422,1,1,http://localhost:3002/fir,30,0,1
1675771570436,60,FIr Creation Request,201,Created,Firs Test single user 1-1,text,true,,463,10422,1,1,http://localhost:3002/fir,60,0,0
1675771570498,59,FIr Creation Request,201,Created,Firs Test single user 1-1,text,true,,463,10422,1,1,http://localhost:3002/fir,59,0,1
1675771570559,29,FIr Creation Request,201,Created,Firs Test single user 1-1,text,true,,463,10422,1,1,http://localhost:3002/fir,29,0,0
1675771570590,45,FIr Creation Request,201,Created,Firs Test single user 1-1,text,true,,463,10422,1,1,http://localhost:3002/fir,45,0,0
1675771570639,57,FIr Creation Request,201,Created,Firs Test single user 1-1,text,true,,463,10422,1,1,http://localhost:3002/fir,57,0,0
1675771570698,30,FIr Creation Request,201,Created,Firs Test single user 1-1,text,true,,463,10422,1,1,http://localhost:3002/fir,30,0,0
1675771570743,30,FIr Creation Request,201,Created,Firs Test single user 1-1,text,true,,463,10422,1,1,http://localhost:3002/fir,30,0,0
1675771570776,43,FIr Creation Request,201,Created,Firs Test single user 1-1,text,true,,463,10422,1,1,http://localhost:3002/fir,43,0,1
1675771570829,53,FIr Creation Request,201,Created,Firs Test single user 1-1,text,true,,463,10422,1,1,http://localhost:3002/fir,53,0,0
1675771570883,61,FIr Creation Request,201,Created,Firs Test single user 1-1,text,true,,463,10422,1,1,http://localhost:3002/fir,61,0,1
1675771570946,45,FIr Creation Request,201,Created,Firs Test single user 1-1,text,true,,463,10422,1,1,http://localhost:3002/fir,45,0,0
1675771570993,46,FIr Creation Request,201,Created,Firs Test single user 1-1,text,true,,463,10422,1,1,http://localhost:3002/fir,46,0,1
1675771571041,45,FIr Creation Request,201,Created,Firs Test single user 1-1,text,true,,463,10422,1,1,http://localhost:3002/fir,45,0,1
1675771571087,44,FIr Creation Request,201,Created,Firs Test single user 1-1,text,true,,463,10422,1,1,http://localhost:3002/fir,44,0,1
1675771571133,29,FIr Creation Request,201,Created,Firs Test single user 1-1,text,true,,463,10422,1,1,http://localhost:3002/fir,29,0,0
1675771571164,60,FIr Creation Request,201,Created,Firs Test single user 1-1,text,true,,463,10422,1,1,http://localhost:3002/fir,60,0,0
1675771571226,45,FIr Creation Request,201,Created,Firs Test single user 1-1,text,true,,463,10422,1,1,http://localhost:3002/fir,45,0,1
1675771571274,28,FIr Creation Request,201,Created,Firs Test single user 1-1,text,true,,463,10422,1,1,http://localhost:3002/fir,28,0,1
1675771571305,59,FIr Creation Request,201,Created,Firs Test single user 1-1,text,true,,463,10422,1,1,http://localhost:3002/fir,59,0,0
1675771571366,44,FIr Creation Request,201,Created,Firs Test single user 1-1,text,true,,463,10422,1,1,http://localhost:3002/fir,44,0,0
1675771571412,30,FIr Creation Request,201,Created,Firs Test single user 1-1,text,true,,463,10422,1,1,http://localhost:3002/fir,30,0,0
1675771571443,62,FIr Creation Request,201,Created,Firs Test single user 1-1,text,true,,463,10422,1,1,http://localhost:3002/fir,62,0,0
1675771571507,29,FIr Creation Request,201,Created,Firs Test single user 1-1,text,true,,463,10422,1,1,http://localhost:3002/fir,29,0,0
1675771571537,62,FIr Creation Request,201,Created,Firs Test single user 1-1,text,true,,463,10422,1,1,http://localhost:3002/fir,62,0,1
1675771571603,56,FIr Creation Request,201,Created,Firs Test single user 1-1,text,true,,463,10422,1,1,http://localhost:3002/fir,56,0,1
1675771571661,29,FIr Creation Request,201,Created,Firs Test single user 1-1,text,true,,463,10422,1,1,http://localhost:3002/fir,29,0,0
1675771571692,45,FIr Creation Request,201,Created,Firs Test single user 1-1,text,true,,463,10422,1,1,http://localhost:3002/fir,45,0,0
1675771571738,47,FIr Creation Request,201,Created,Firs Test single user 1-1,text,true,,463,10422,1,1,http://localhost:3002/fir,47,0,0
1675771571788,119,FIr Creation Request,201,Created,Firs Test single user 1-1,text,true,,463,10422,1,1,http://localhost:3002/fir,119,0,0
1675771571909,30,FIr Creation Request,201,Created,Firs Test single user 1-1,text,true,,463,10422,1,1,http://localhost:3002/fir,30,0,1
1675771571942,58,FIr Creation Request,201,Created,Firs Test single user 1-1,text,true,,463,10422,1,1,http://localhost:3002/fir,58,0,1
1675771572001,217,FIr Creation Request,201,Created,Firs Test single user 1-1,text,true,,463,10422,1,1,http://localhost:3002/fir,217,0,0
1675771572220,122,FIr Creation Request,201,Created,Firs Test single user 1-1,text,true,,463,10422,1,1,http://localhost:3002/fir,122,0,1
1675771572345,58,FIr Creation Request,201,Created,Firs Test single user 1-1,text,true,,463,10422,1,1,http://localhost:3002/fir,58,0,0
1675771572406,28,FIr Creation Request,201,Created,Firs Test single user 1-1,text,true,,463,10422,1,1,http://localhost:3002/fir,28,0,0
1675771572437,43,FIr Creation Request,201,Created,Firs Test single user 1-1,text,true,,463,10422,1,1,http://localhost:3002/fir,43,0,0
1675771572482,45,FIr Creation Request,201,Created,Firs Test single user 1-1,text,true,,463,10422,1,1,http://localhost:3002/fir,45,0,1
1675771572529,92,FIr Creation Request,201,Created,Firs Test single user 1-1,text,true,,463,10422,1,1,http://localhost:3002/fir,92,0,0
1675771572627,25,FIr Creation Request,201,Created,Firs Test single user 1-1,text,true,,463,10422,1,1,http://localhost:3002/fir,25,0,0
1675771572653,30,FIr Creation Request,201,Created,Firs Test single user 1-1,text,true,,463,10422,1,1,http://localhost:3002/fir,30,0,1
1675771572686,60,FIr Creation Request,201,Created,Firs Test single user 1-1,text,true,,463,10422,1,1,http://localhost:3002/fir,60,0,1
1675771572748,28,FIr Creation Request,201,Created,Firs Test single user 1-1,text,true,,463,10422,1,1,http://localhost:3002/fir,28,0,1
1675771572789,34,FIr Creation Request,201,Created,Firs Test single user 1-1,text,true,,463,10422,1,1,http://localhost:3002/fir,34,0,0
1675771572824,46,FIr Creation Request,201,Created,Firs Test single user 1-1,text,true,,463,10422,1,1,http://localhost:3002/fir,46,0,0
1675771572885,30,FIr Creation Request,201,Created,Firs Test single user 1-1,text,true,,463,10422,1,1,http://localhost:3002/fir,30,0,1
1675771572917,45,FIr Creation Request,201,Created,Firs Test single user 1-1,text,true,,463,10422,1,1,http://localhost:3002/fir,45,0,0
1675771572964,44,FIr Creation Request,201,Created,Firs Test single user 1-1,text,true,,463,10422,1,1,http://localhost:3002/fir,44,0,1
1675771573010,30,FIr Creation Request,201,Created,Firs Test single user 1-1,text,true,,463,10422,1,1,http://localhost:3002/fir,30,0,0
1675771573043,60,FIr Creation Request,201,Created,Firs Test single user 1-1,text,true,,463,10422,1,1,http://localhost:3002/fir,60,0,0
1675771573107,41,FIr Creation Request,201,Created,Firs Test single user 1-1,text,true,,463,10422,1,1,http://localhost:3002/fir,41,0,1
1675771573150,45,FIr Creation Request,201,Created,Firs Test single user 1-1,text,true,,463,10422,1,1,http://localhost:3002/fir,45,0,0
1675771573196,30,FIr Creation Request,201,Created,Firs Test single user 1-1,text,true,,463,10422,1,1,http://localhost:3002/fir,30,0,0
1675771573228,60,FIr Creation Request,201,Created,Firs Test single user 1-1,text,true,,463,10422,1,1,http://localhost:3002/fir,60,0,0
1675771573297,54,FIr Creation Request,201,Created,Firs Test single user 1-1,text,true,,463,10422,1,1,http://localhost:3002/fir,54,0,1
1675771573354,28,FIr Creation Request,201,Created,Firs Test single user 1-1,text,true,,463,10422,1,1,http://localhost:3002/fir,28,0,0
1675771573393,36,FIr Creation Request,201,Created,Firs Test single user 1-1,text,true,,463,10422,1,1,http://localhost:3002/fir,36,0,0
1675771573430,30,FIr Creation Request,201,Created,Firs Test single user 1-1,text,true,,463,10422,1,1,http://localhost:3002/fir,30,0,1
1675771573461,61,FIr Creation Request,201,Created,Firs Test single user 1-1,text,true,,463,10422,1,1,http://localhost:3002/fir,61,0,1
1675771573523,30,FIr Creation Request,201,Created,Firs Test single user 1-1,text,true,,463,10422,1,1,http://localhost:3002/fir,30,0,1
1675771573554,29,FIr Creation Request,201,Created,Firs Test single user 1-1,text,true,,463,10422,1,1,http://localhost:3002/fir,29,0,0
1675771573584,30,FIr Creation Request,201,Created,Firs Test single user 1-1,text,true,,463,10422,1,1,http://localhost:3002/fir,30,0,1
1675771573617,105,FIr Creation Request,201,Created,Firs Test single user 1-1,text,true,,463,10422,1,1,http://localhost:3002/fir,105,0,1
1675771573723,29,FIr Creation Request,201,Created,Firs Test single user 1-1,text,true,,463,10422,1,1,http://localhost:3002/fir,29,0,1
1675771573753,46,FIr Creation Request,201,Created,Firs Test single user 1-1,text,true,,463,10422,1,1,http://localhost:3002/fir,46,0,1
1675771573811,50,FIr Creation Request,201,Created,Firs Test single user 1-1,text,true,,463,10422,1,1,http://localhost:3002/fir,50,0,0
1675771573866,25,FIr Creation Request,201,Created,Firs Test single user 1-1,text,true,,463,10422,1,1,http://localhost:3002/fir,25,0,1
1675771573900,53,FIr Creation Request,201,Created,Firs Test single user 1-1,text,true,,463,10422,1,1,http://localhost:3002/fir,53,0,1
1675771573954,60,FIr Creation Request,201,Created,Firs Test single user 1-1,text,true,,463,10422,1,1,http://localhost:3002/fir,60,0,1
1675771574015,45,FIr Creation Request,201,Created,Firs Test single user 1-1,text,true,,463,10422,1,1,http://localhost:3002/fir,45,0,0
1675771574062,29,FIr Creation Request,201,Created,Firs Test single user 1-1,text,true,,463,10422,1,1,http://localhost:3002/fir,29,0,0
1675771574094,166,FIr Creation Request,201,Created,Firs Test single user 1-1,text,true,,463,10422,1,1,http://localhost:3002/fir,166,0,1
1675771574261,45,FIr Creation Request,201,Created,Firs Test single user 1-1,text,true,,463,10422,1,1,http://localhost:3002/fir,45,0,0
1675771574315,23,FIr Creation Request,201,Created,Firs Test single user 1-1,text,true,,463,10422,1,1,http://localhost:3002/fir,23,0,0
1675771574340,29,FIr Creation Request,201,Created,Firs Test single user 1-1,text,true,,463,10422,1,1,http://localhost:3002/fir,29,0,0
1675771574372,59,FIr Creation Request,201,Created,Firs Test single user 1-1,text,true,,463,10422,1,1,http://localhost:3002/fir,59,0,0
1675771574433,29,FIr Creation Request,201,Created,Firs Test single user 1-1,text,true,,463,10422,1,1,http://localhost:3002/fir,29,0,0
1675771574464,28,FIr Creation Request,201,Created,Firs Test single user 1-1,text,true,,463,10422,1,1,http://localhost:3002/fir,28,0,0
1675771574493,30,FIr Creation Request,201,Created,Firs Test single user 1-1,text,true,,463,10422,1,1,http://localhost:3002/fir,30,0,0
1675771574524,76,FIr Creation Request,201,Created,Firs Test single user 1-1,text,true,,463,10422,1,1,http://localhost:3002/fir,76,0,1
1675771574602,45,FIr Creation Request,201,Created,Firs Test single user 1-1,text,true,,463,10422,1,1,http://localhost:3002/fir,45,0,1
1675771574649,45,FIr Creation Request,201,Created,Firs Test single user 1-1,text,true,,463,10422,1,1,http://localhost:3002/fir,45,0,0
1675771574696,29,FIr Creation Request,201,Created,Firs Test single user 1-1,text,true,,463,10422,1,1,http://localhost:3002/fir,29,0,0
1675771574726,30,FIr Creation Request,201,Created,Firs Test single user 1-1,text,true,,463,10422,1,1,http://localhost:3002/fir,30,0,0
1675771574759,58,FIr Creation Request,201,Created,Firs Test single user 1-1,text,true,,463,10422,1,1,http://localhost:3002/fir,58,0,0
1675771574830,35,FIr Creation Request,201,Created,Firs Test single user 1-1,text,true,,463,10422,1,1,http://localhost:3002/fir,35,0,0
1675771574866,30,FIr Creation Request,201,Created,Firs Test single user 1-1,text,true,,463,10422,1,1,http://localhost:3002/fir,30,0,0
1675771574899,58,FIr Creation Request,201,Created,Firs Test single user 1-1,text,true,,463,10422,1,1,http://localhost:3002/fir,58,0,1
1675771574959,29,FIr Creation Request,201,Created,Firs Test single user 1-1,text,true,,463,10422,1,1,http://localhost:3002/fir,29,0,0
1675771574991,44,FIr Creation Request,201,Created,Firs Test single user 1-1,text,true,,463,10422,1,1,http://localhost:3002/fir,44,0,1
1675771575037,61,FIr Creation Request,201,Created,Firs Test single user 1-1,text,true,,463,10422,1,1,http://localhost:3002/fir,61,0,1
1675771575100,28,FIr Creation Request,201,Created,Firs Test single user 1-1,text,true,,463,10422,1,1,http://localhost:3002/fir,28,0,0
1675771575129,46,FIr Creation Request,201,Created,Firs Test single user 1-1,text,true,,463,10422,1,1,http://localhost:3002/fir,46,0,1
1675771575177,45,FIr Creation Request,201,Created,Firs Test single user 1-1,text,true,,463,10422,1,1,http://localhost:3002/fir,45,0,0
1675771575224,28,FIr Creation Request,201,Created,Firs Test single user 1-1,text,true,,463,10422,1,1,http://localhost:3002/fir,28,0,0
1675771575254,45,FIr Creation Request,201,Created,Firs Test single user 1-1,text,true,,463,10422,1,1,http://localhost:3002/fir,45,0,0
1675771575300,30,FIr Creation Request,201,Created,Firs Test single user 1-1,text,true,,463,10422,1,1,http://localhost:3002/fir,30,0,1
1675771575339,56,FIr Creation Request,201,Created,Firs Test single user 1-1,text,true,,463,10422,1,1,http://localhost:3002/fir,56,0,1
1675771575397,44,FIr Creation Request,201,Created,Firs Test single user 1-1,text,true,,463,10422,1,1,http://localhost:3002/fir,44,0,1
1675771575442,45,FIr Creation Request,201,Created,Firs Test single user 1-1,text,true,,463,10422,1,1,http://localhost:3002/fir,45,0,0
1675771575489,75,FIr Creation Request,201,Created,Firs Test single user 1-1,text,true,,463,10422,1,1,http://localhost:3002/fir,75,0,0
1675771575567,59,FIr Creation Request,201,Created,Firs Test single user 1-1,text,true,,463,10422,1,1,http://localhost:3002/fir,59,0,0
1675771575627,30,FIr Creation Request,201,Created,Firs Test single user 1-1,text,true,,463,10422,1,1,http://localhost:3002/fir,30,0,1
1675771575661,27,FIr Creation Request,201,Created,Firs Test single user 1-1,text,true,,463,10422,1,1,http://localhost:3002/fir,27,0,0
1675771575689,60,FIr Creation Request,201,Created,Firs Test single user 1-1,text,true,,463,10422,1,1,http://localhost:3002/fir,60,0,0
1675771575750,45,FIr Creation Request,201,Created,Firs Test single user 1-1,text,true,,463,10422,1,1,http://localhost:3002/fir,45,0,1
1675771575798,44,FIr Creation Request,201,Created,Firs Test single user 1-1,text,true,,463,10422,1,1,http://localhost:3002/fir,44,0,0
1675771575855,65,FIr Creation Request,201,Created,Firs Test single user 1-1,text,true,,463,10422,1,1,http://localhost:3002/fir,65,0,0
1675771575921,184,FIr Creation Request,201,Created,Firs Test single user 1-1,text,true,,463,10422,1,1,http://localhost:3002/fir,184,0,0
1675771576107,29,FIr Creation Request,201,Created,Firs Test single user 1-1,text,true,,463,10422,1,1,http://localhost:3002/fir,29,0,0
1675771576139,74,FIr Creation Request,201,Created,Firs Test single user 1-1,text,true,,463,10422,1,1,http://localhost:3002/fir,74,0,1
1675771576215,29,FIr Creation Request,201,Created,Firs Test single user 1-1,text,true,,463,10422,1,1,http://localhost:3002/fir,29,0,0
1675771576246,30,FIr Creation Request,201,Created,Firs Test single user 1-1,text,true,,463,10422,1,1,http://localhost:3002/fir,30,0,1
1675771576278,59,FIr Creation Request,201,Created,Firs Test single user 1-1,text,true,,463,10422,1,1,http://localhost:3002/fir,59,0,0
1675771576339,44,FIr Creation Request,201,Created,Firs Test single user 1-1,text,true,,463,10422,1,1,http://localhost:3002/fir,44,0,1
1675771576385,31,FIr Creation Request,201,Created,Firs Test single user 1-1,text,true,,463,10422,1,1,http://localhost:3002/fir,31,0,1
1675771576420,42,FIr Creation Request,201,Created,Firs Test single user 1-1,text,true,,463,10422,1,1,http://localhost:3002/fir,42,0,1
1675771576464,29,FIr Creation Request,201,Created,Firs Test single user 1-1,text,true,,463,10422,1,1,http://localhost:3002/fir,29,0,0
1675771576497,27,FIr Creation Request,201,Created,Firs Test single user 1-1,text,true,,463,10422,1,1,http://localhost:3002/fir,27,0,1
1675771576526,44,FIr Creation Request,201,Created,Firs Test single user 1-1,text,true,,463,10422,1,1,http://localhost:3002/fir,44,0,0
1675771576572,30,FIr Creation Request,201,Created,Firs Test single user 1-1,text,true,,463,10422,1,1,http://localhost:3002/fir,30,0,1
1675771576604,28,FIr Creation Request,201,Created,Firs Test single user 1-1,text,true,,463,10422,1,1,http://localhost:3002/fir,28,0,0
1675771576634,30,FIr Creation Request,201,Created,Firs Test single user 1-1,text,true,,463,10422,1,1,http://localhost:3002/fir,30,0,0
1675771576668,41,FIr Creation Request,201,Created,Firs Test single user 1-1,text,true,,463,10422,1,1,http://localhost:3002/fir,41,0,0
1675771576711,45,FIr Creation Request,201,Created,Firs Test single user 1-1,text,true,,463,10422,1,1,http://localhost:3002/fir,45,0,0
1675771576758,29,FIr Creation Request,201,Created,Firs Test single user 1-1,text,true,,463,10422,1,1,http://localhost:3002/fir,29,0,0
1675771576790,74,FIr Creation Request,201,Created,Firs Test single user 1-1,text,true,,463,10422,1,1,http://localhost:3002/fir,74,0,1
1675771576877,65,FIr Creation Request,201,Created,Firs Test single user 1-1,text,true,,463,10422,1,1,http://localhost:3002/fir,65,0,1
1675771576944,29,FIr Creation Request,201,Created,Firs Test single user 1-1,text,true,,463,10422,1,1,http://localhost:3002/fir,29,0,0
1675771576974,29,FIr Creation Request,201,Created,Firs Test single user 1-1,text,true,,463,10422,1,1,http://localhost:3002/fir,29,0,1
1675771577005,60,FIr Creation Request,201,Created,Firs Test single user 1-1,text,true,,463,10422,1,1,http://localhost:3002/fir,60,0,0
1675771577067,30,FIr Creation Request,201,Created,Firs Test single user 1-1,text,true,,463,10422,1,1,http://localhost:3002/fir,30,0,1
1675771577100,42,FIr Creation Request,201,Created,Firs Test single user 1-1,text,true,,463,10422,1,1,http://localhost:3002/fir,42,0,1
1675771577144,30,FIr Creation Request,201,Created,Firs Test single user 1-1,text,true,,463,10422,1,1,http://localhost:3002/fir,30,0,0
1675771577177,27,FIr Creation Request,201,Created,Firs Test single user 1-1,text,true,,463,10422,1,1,http://localhost:3002/fir,27,0,0
1675771577206,45,FIr Creation Request,201,Created,Firs Test single user 1-1,text,true,,463,10422,1,1,http://localhost:3002/fir,45,0,0
1675771577254,44,FIr Creation Request,201,Created,Firs Test single user 1-1,text,true,,463,10422,1,1,http://localhost:3002/fir,44,0,1
1675771577301,27,FIr Creation Request,201,Created,Firs Test single user 1-1,text,true,,463,10422,1,1,http://localhost:3002/fir,27,0,1
1675771577330,60,FIr Creation Request,201,Created,Firs Test single user 1-1,text,true,,463,10422,1,1,http://localhost:3002/fir,60,0,0
1675771577392,44,FIr Creation Request,201,Created,Firs Test single user 1-1,text,true,,463,10422,1,1,http://localhost:3002/fir,44,0,0
1675771577437,46,FIr Creation Request,201,Created,Firs Test single user 1-1,text,true,,463,10422,1,1,http://localhost:3002/fir,46,0,1
1675771577484,30,FIr Creation Request,201,Created,Firs Test single user 1-1,text,true,,463,10422,1,1,http://localhost:3002/fir,30,0,0
1675771577517,106,FIr Creation Request,201,Created,Firs Test single user 1-1,text,true,,463,10422,1,1,http://localhost:3002/fir,106,0,0
1675771577624,30,FIr Creation Request,201,Created,Firs Test single user 1-1,text,true,,463,10422,1,1,http://localhost:3002/fir,30,0,1
1675771577656,30,FIr Creation Request,201,Created,Firs Test single user 1-1,text,true,,463,10422,1,1,http://localhost:3002/fir,30,0,0
1675771577690,104,FIr Creation Request,201,Created,Firs Test single user 1-1,text,true,,463,10422,1,1,http://localhost:3002/fir,104,0,0
1675771577796,28,FIr Creation Request,201,Created,Firs Test single user 1-1,text,true,,463,10422,1,1,http://localhost:3002/fir,28,0,1
1675771577826,31,FIr Creation Request,201,Created,Firs Test single user 1-1,text,true,,463,10422,1,1,http://localhost:3002/fir,31,0,0
1675771577861,89,FIr Creation Request,201,Created,Firs Test single user 1-1,text,true,,463,10422,1,1,http://localhost:3002/fir,89,0,1
1675771577953,27,FIr Creation Request,201,Created,Firs Test single user 1-1,text,true,,463,10422,1,1,http://localhost:3002/fir,27,0,0
1675771577990,52,FIr Creation Request,201,Created,Firs Test single user 1-1,text,true,,463,10422,1,1,http://localhost:3002/fir,52,0,0
1675771578043,62,FIr Creation Request,201,Created,Firs Test single user 1-1,text,true,,463,10422,1,1,http://localhost:3002/fir,62,0,0
1675771578109,41,FIr Creation Request,201,Created,Firs Test single user 1-1,text,true,,463,10422,1,1,http://localhost:3002/fir,41,0,1
1675771578152,30,FIr Creation Request,201,Created,Firs Test single user 1-1,text,true,,463,10422,1,1,http://localhost:3002/fir,30,0,1
1675771578185,28,FIr Creation Request,201,Created,Firs Test single user 1-1,text,true,,463,10422,1,1,http://localhost:3002/fir,28,0,0
1675771578214,61,FIr Creation Request,201,Created,Firs Test single user 1-1,text,true,,463,10422,1,1,http://localhost:3002/fir,61,0,0
1675771578276,30,FIr Creation Request,201,Created,Firs Test single user 1-1,text,true,,463,10422,1,1,http://localhost:3002/fir,30,0,0
1675771578310,27,FIr Creation Request,201,Created,Firs Test single user 1-1,text,true,,463,10422,1,1,http://localhost:3002/fir,27,0,1
1675771578338,60,FIr Creation Request,201,Created,Firs Test single user 1-1,text,true,,463,10422,1,1,http://localhost:3002/fir,60,0,1
1675771578407,23,FIr Creation Request,201,Created,Firs Test single user 1-1,text,true,,463,10422,1,1,http://localhost:3002/fir,23,0,0
1675771578431,30,FIr Creation Request,201,Created,Firs Test single user 1-1,text,true,,463,10422,1,1,http://localhost:3002/fir,30,0,0
1675771578464,28,FIr Creation Request,201,Created,Firs Test single user 1-1,text,true,,463,10422,1,1,http://localhost:3002/fir,28,0,1
1675771578504,65,FIr Creation Request,201,Created,Firs Test single user 1-1,text,true,,463,10422,1,1,http://localhost:3002/fir,65,0,0
1675771578572,58,FIr Creation Request,201,Created,Firs Test single user 1-1,text,true,,463,10422,1,1,http://localhost:3002/fir,58,0,1
1675771578631,308,FIr Creation Request,201,Created,Firs Test single user 1-1,text,true,,463,10422,1,1,http://localhost:3002/fir,308,0,0
1675771578942,106,FIr Creation Request,201,Created,Firs Test single user 1-1,text,true,,463,10422,1,1,http://localhost:3002/fir,106,0,0
1675771579052,89,FIr Creation Request,201,Created,Firs Test single user 1-1,text,true,,463,10422,1,1,http://localhost:3002/fir,89,0,1
1675771579145,58,FIr Creation Request,201,Created,Firs Test single user 1-1,text,true,,463,10422,1,1,http://localhost:3002/fir,58,0,0
1675771579204,45,FIr Creation Request,201,Created,Firs Test single user 1-1,text,true,,463,10422,1,1,http://localhost:3002/fir,45,0,0
1675771579251,28,FIr Creation Request,201,Created,Firs Test single user 1-1,text,true,,463,10422,1,1,http://localhost:3002/fir,28,0,1
1675771579281,47,FIr Creation Request,201,Created,Firs Test single user 1-1,text,true,,463,10422,1,1,http://localhost:3002/fir,47,0,0
1675771579332,71,FIr Creation Request,201,Created,Firs Test single user 1-1,text,true,,463,10422,1,1,http://localhost:3002/fir,71,0,1
1675771579405,30,FIr Creation Request,201,Created,Firs Test single user 1-1,text,true,,463,10422,1,1,http://localhost:3002/fir,30,0,0
1675771579436,31,FIr Creation Request,201,Created,Firs Test single user 1-1,text,true,,463,10422,1,1,http://localhost:3002/fir,31,0,1
1675771579470,27,FIr Creation Request,201,Created,Firs Test single user 1-1,text,true,,463,10422,1,1,http://localhost:3002/fir,27,0,0
1675771579498,47,FIr Creation Request,201,Created,Firs Test single user 1-1,text,true,,463,10422,1,1,http://localhost:3002/fir,47,0,0
1675771579546,29,FIr Creation Request,201,Created,Firs Test single user 1-1,text,true,,463,10422,1,1,http://localhost:3002/fir,29,0,0
1675771579578,44,FIr Creation Request,201,Created,Firs Test single user 1-1,text,true,,463,10422,1,1,http://localhost:3002/fir,44,0,1
1675771579626,58,FIr Creation Request,201,Created,Firs Test single user 1-1,text,true,,463,10422,1,1,http://localhost:3002/fir,58,0,1
1675771579686,29,FIr Creation Request,201,Created,Firs Test single user 1-1,text,true,,463,10422,1,1,http://localhost:3002/fir,29,0,1
1675771579718,43,FIr Creation Request,201,Created,Firs Test single user 1-1,text,true,,463,10422,1,1,http://localhost:3002/fir,43,0,0
1675771579765,27,FIr Creation Request,201,Created,Firs Test single user 1-1,text,true,,463,10422,1,1,http://localhost:3002/fir,27,0,0
1675771579795,90,FIr Creation Request,201,Created,Firs Test single user 1-1,text,true,,463,10422,1,1,http://localhost:3002/fir,90,0,0
1675771579887,29,FIr Creation Request,201,Created,Firs Test single user 1-1,text,true,,463,10422,1,1,http://localhost:3002/fir,29,0,0
1675771579919,43,FIr Creation Request,201,Created,Firs Test single user 1-1,text,true,,463,10422,1,1,http://localhost:3002/fir,43,0,0
1675771579964,28,FIr Creation Request,201,Created,Firs Test single user 1-1,text,true,,463,10422,1,1,http://localhost:3002/fir,28,0,0
1675771579995,44,FIr Creation Request,201,Created,Firs Test single user 1-1,text,true,,463,10422,1,1,http://localhost:3002/fir,44,0,1
1675771580040,92,FIr Creation Request,201,Created,Firs Test single user 1-1,text,true,,463,10422,1,1,http://localhost:3002/fir,92,0,1
1675771580134,28,FIr Creation Request,201,Created,Firs Test single user 1-1,text,true,,463,10422,1,1,http://localhost:3002/fir,28,0,0
1675771580164,29,FIr Creation Request,201,Created,Firs Test single user 1-1,text,true,,463,10422,1,1,http://localhost:3002/fir,29,0,0
1675771580195,31,FIr Creation Request,201,Created,Firs Test single user 1-1,text,true,,463,10422,1,1,http://localhost:3002/fir,31,0,0
1675771580229,58,FIr Creation Request,201,Created,Firs Test single user 1-1,text,true,,463,10422,1,1,http://localhost:3002/fir,58,0,1
1675771580288,30,FIr Creation Request,201,Created,Firs Test single user 1-1,text,true,,463,10422,1,1,http://localhost:3002/fir,30,0,1
1675771580320,29,FIr Creation Request,201,Created,Firs Test single user 1-1,text,true,,463,10422,1,1,http://localhost:3002/fir,29,0,1
1675771580352,59,FIr Creation Request,201,Created,Firs Test single user 1-1,text,true,,463,10422,1,1,http://localhost:3002/fir,59,0,1
1675771580413,30,FIr Creation Request,201,Created,Firs Test single user 1-1,text,true,,463,10422,1,1,http://localhost:3002/fir,30,0,0
1675771580457,33,FIr Creation Request,201,Created,Firs Test single user 1-1,text,true,,463,10422,1,1,http://localhost:3002/fir,33,0,0
1675771580493,43,FIr Creation Request,201,Created,Firs Test single user 1-1,text,true,,463,10422,1,1,http://localhost:3002/fir,43,0,1
1675771580550,63,FIr Creation Request,201,Created,Firs Test single user 1-1,text,true,,463,10422,1,1,http://localhost:3002/fir,63,0,0
1675771580615,46,FIr Creation Request,201,Created,Firs Test single user 1-1,text,true,,463,10422,1,1,http://localhost:3002/fir,46,0,0
1675771580662,60,FIr Creation Request,201,Created,Firs Test single user 1-1,text,true,,463,10422,1,1,http://localhost:3002/fir,60,0,0
1675771580725,75,FIr Creation Request,201,Created,Firs Test single user 1-1,text,true,,463,10422,1,1,http://localhost:3002/fir,75,0,0
1675771580803,28,FIr Creation Request,201,Created,Firs Test single user 1-1,text,true,,463,10422,1,1,http://localhost:3002/fir,28,0,1
1675771580834,28,FIr Creation Request,201,Created,Firs Test single user 1-1,text,true,,463,10422,1,1,http://localhost:3002/fir,28,0,0
1675771580863,46,FIr Creation Request,201,Created,Firs Test single user 1-1,text,true,,463,10422,1,1,http://localhost:3002/fir,46,0,0
1675771580912,60,FIr Creation Request,201,Created,Firs Test single user 1-1,text,true,,463,10422,1,1,http://localhost:3002/fir,60,0,0
1675771580973,30,FIr Creation Request,201,Created,Firs Test single user 1-1,text,true,,463,10422,1,1,http://localhost:3002/fir,30,0,1
1675771581004,31,FIr Creation Request,201,Created,Firs Test single user 1-1,text,true,,463,10422,1,1,http://localhost:3002/fir,31,0,1
1675771581039,58,FIr Creation Request,201,Created,Firs Test single user 1-1,text,true,,463,10422,1,1,http://localhost:3002/fir,58,0,0
1675771581099,29,FIr Creation Request,201,Created,Firs Test single user 1-1,text,true,,463,10422,1,1,http://localhost:3002/fir,29,0,0
1675771581131,44,FIr Creation Request,201,Created,Firs Test single user 1-1,text,true,,463,10422,1,1,http://localhost:3002/fir,44,0,0
1675771581178,43,FIr Creation Request,201,Created,Firs Test single user 1-1,text,true,,463,10422,1,1,http://localhost:3002/fir,43,0,1
1675771581224,59,FIr Creation Request,201,Created,Firs Test single user 1-1,text,true,,463,10422,1,1,http://localhost:3002/fir,59,0,0
1675771581285,45,FIr Creation Request,201,Created,Firs Test single user 1-1,text,true,,463,10422,1,1,http://localhost:3002/fir,45,0,0
1675771581332,122,FIr Creation Request,201,Created,Firs Test single user 1-1,text,true,,463,10422,1,1,http://localhost:3002/fir,122,0,1
1675771581456,29,FIr Creation Request,201,Created,Firs Test single user 1-1,text,true,,463,10422,1,1,http://localhost:3002/fir,29,0,0
1675771581486,46,FIr Creation Request,201,Created,Firs Test single user 1-1,text,true,,463,10422,1,1,http://localhost:3002/fir,46,0,1
1675771581534,29,FIr Creation Request,201,Created,Firs Test single user 1-1,text,true,,463,10422,1,1,http://localhost:3002/fir,29,0,1
1675771581576,49,FIr Creation Request,201,Created,Firs Test single user 1-1,text,true,,463,10422,1,1,http://localhost:3002/fir,49,0,0
1675771581628,58,FIr Creation Request,201,Created,Firs Test single user 1-1,text,true,,463,10422,1,1,http://localhost:3002/fir,58,0,1
1675771581690,105,FIr Creation Request,201,Created,Firs Test single user 1-1,text,true,,463,10422,1,1,http://localhost:3002/fir,105,0,0
1675771581799,26,FIr Creation Request,201,Created,Firs Test single user 1-1,text,true,,463,10422,1,1,http://localhost:3002/fir,26,0,1
1675771581827,74,FIr Creation Request,201,Created,Firs Test single user 1-1,text,true,,463,10422,1,1,http://localhost:3002/fir,74,0,0
1675771581903,29,FIr Creation Request,201,Created,Firs Test single user 1-1,text,true,,463,10422,1,1,http://localhost:3002/fir,29,0,0
1675771581933,46,FIr Creation Request,201,Created,Firs Test single user 1-1,text,true,,463,10422,1,1,http://localhost:3002/fir,46,0,0
1675771581991,50,FIr Creation Request,201,Created,Firs Test single user 1-1,text,true,,463,10422,1,1,http://localhost:3002/fir,50,0,0
1675771582043,45,FIr Creation Request,201,Created,Firs Test single user 1-1,text,true,,463,10422,1,1,http://localhost:3002/fir,45,0,1
1675771582090,28,FIr Creation Request,201,Created,Firs Test single user 1-1,text,true,,463,10422,1,1,http://localhost:3002/fir,28,0,0
1675771582120,61,FIr Creation Request,201,Created,Firs Test single user 1-1,text,true,,463,10422,1,1,http://localhost:3002/fir,61,0,0
1675771582183,45,FIr Creation Request,201,Created,Firs Test single user 1-1,text,true,,463,10422,1,1,http://localhost:3002/fir,45,0,0
1675771582229,30,FIr Creation Request,201,Created,Firs Test single user 1-1,text,true,,463,10422,1,1,http://localhost:3002/fir,30,0,1
1675771582260,61,FIr Creation Request,201,Created,Firs Test single user 1-1,text,true,,463,10422,1,1,http://localhost:3002/fir,61,0,1
1675771582323,29,FIr Creation Request,201,Created,Firs Test single user 1-1,text,true,,463,10422,1,1,http://localhost:3002/fir,29,0,1
1675771582355,43,FIr Creation Request,201,Created,Firs Test single user 1-1,text,true,,463,10422,1,1,http://localhost:3002/fir,43,0,1
1675771582400,45,FIr Creation Request,201,Created,Firs Test single user 1-1,text,true,,463,10422,1,1,http://localhost:3002/fir,45,0,0
1675771582449,41,FIr Creation Request,201,Created,Firs Test single user 1-1,text,true,,463,10422,1,1,http://localhost:3002/fir,41,0,1
1675771582499,38,FIr Creation Request,201,Created,Firs Test single user 1-1,text,true,,463,10422,1,1,http://localhost:3002/fir,38,0,0
1675771582538,44,FIr Creation Request,201,Created,Firs Test single user 1-1,text,true,,463,10422,1,1,http://localhost:3002/fir,44,0,1
1675771582591,38,FIr Creation Request,201,Created,Firs Test single user 1-1,text,true,,463,10422,1,1,http://localhost:3002/fir,38,0,1
1675771582631,28,FIr Creation Request,201,Created,Firs Test single user 1-1,text,true,,463,10422,1,1,http://localhost:3002/fir,28,0,0
1675771582662,28,FIr Creation Request,201,Created,Firs Test single user 1-1,text,true,,463,10422,1,1,http://localhost:3002/fir,28,0,0
1675771582692,108,FIr Creation Request,201,Created,Firs Test single user 1-1,text,true,,463,10422,1,1,http://localhost:3002/fir,108,0,0
1675771582804,26,FIr Creation Request,201,Created,Firs Test single user 1-1,text,true,,463,10422,1,1,http://localhost:3002/fir,26,0,0
1675771582832,30,FIr Creation Request,201,Created,Firs Test single user 1-1,text,true,,463,10422,1,1,http://localhost:3002/fir,30,0,0
1675771582863,61,FIr Creation Request,201,Created,Firs Test single user 1-1,text,true,,463,10422,1,1,http://localhost:3002/fir,61,0,0
1675771582926,44,FIr Creation Request,201,Created,Firs Test single user 1-1,text,true,,463,10422,1,1,http://localhost:3002/fir,44,0,0
1675771582972,30,FIr Creation Request,201,Created,Firs Test single user 1-1,text,true,,463,10422,1,1,http://localhost:3002/fir,30,0,0
1675771583014,96,FIr Creation Request,201,Created,Firs Test single user 1-1,text,true,,463,10422,1,1,http://localhost:3002/fir,96,0,0
1675771583111,30,FIr Creation Request,201,Created,Firs Test single user 1-1,text,true,,463,10422,1,1,http://localhost:3002/fir,30,0,0
1675771583145,42,FIr Creation Request,201,Created,Firs Test single user 1-1,text,true,,463,10422,1,1,http://localhost:3002/fir,42,0,1
1675771583189,60,FIr Creation Request,201,Created,Firs Test single user 1-1,text,true,,463,10422,1,1,http://localhost:3002/fir,60,0,1
1675771583251,45,FIr Creation Request,201,Created,Firs Test single user 1-1,text,true,,463,10422,1,1,http://localhost:3002/fir,45,0,0
1675771583298,60,FIr Creation Request,201,Created,Firs Test single user 1-1,text,true,,463,10422,1,1,http://localhost:3002/fir,60,0,1
1675771583360,60,FIr Creation Request,201,Created,Firs Test single user 1-1,text,true,,463,10422,1,1,http://localhost:3002/fir,60,0,0
1675771583421,45,FIr Creation Request,201,Created,Firs Test single user 1-1,text,true,,463,10422,1,1,http://localhost:3002/fir,45,0,0
1675771583468,30,FIr Creation Request,201,Created,Firs Test single user 1-1,text,true,,463,10422,1,1,http://localhost:3002/fir,30,0,0
1675771583500,28,FIr Creation Request,201,Created,Firs Test single user 1-1,text,true,,463,10422,1,1,http://localhost:3002/fir,28,0,0
1675771583529,30,FIr Creation Request,201,Created,Firs Test single user 1-1,text,true,,463,10422,1,1,http://localhost:3002/fir,30,0,1
1675771583561,60,FIr Creation Request,201,Created,Firs Test single user 1-1,text,true,,463,10422,1,1,http://localhost:3002/fir,60,0,0
1675771583623,46,FIr Creation Request,201,Created,Firs Test single user 1-1,text,true,,463,10422,1,1,http://localhost:3002/fir,46,0,1
1675771583671,29,FIr Creation Request,201,Created,Firs Test single user 1-1,text,true,,463,10422,1,1,http://localhost:3002/fir,29,0,1
1675771583704,57,FIr Creation Request,201,Created,Firs Test single user 1-1,text,true,,463,10422,1,1,http://localhost:3002/fir,57,0,1
1675771583762,29,FIr Creation Request,201,Created,Firs Test single user 1-1,text,true,,463,10422,1,1,http://localhost:3002/fir,29,0,1
1675771583793,30,FIr Creation Request,201,Created,Firs Test single user 1-1,text,true,,463,10422,1,1,http://localhost:3002/fir,30,0,0
1675771583824,61,FIr Creation Request,201,Created,Firs Test single user 1-1,text,true,,463,10422,1,1,http://localhost:3002/fir,61,0,1
1675771583887,30,FIr Creation Request,201,Created,Firs Test single user 1-1,text,true,,463,10422,1,1,http://localhost:3002/fir,30,0,0
1675771583920,27,FIr Creation Request,201,Created,Firs Test single user 1-1,text,true,,463,10422,1,1,http://localhost:3002/fir,27,0,1
1675771583948,61,FIr Creation Request,201,Created,Firs Test single user 1-1,text,true,,463,10422,1,1,http://localhost:3002/fir,61,0,0
1675771584010,30,FIr Creation Request,201,Created,Firs Test single user 1-1,text,true,,463,10422,1,1,http://localhost:3002/fir,30,0,1
1675771584041,30,FIr Creation Request,201,Created,Firs Test single user 1-1,text,true,,463,10422,1,1,http://localhost:3002/fir,30,0,0
1675771584074,90,FIr Creation Request,201,Created,Firs Test single user 1-1,text,true,,463,10422,1,1,http://localhost:3002/fir,90,0,1
1675771584165,109,FIr Creation Request,201,Created,Firs Test single user 1-1,text,true,,463,10422,1,1,http://localhost:3002/fir,109,0,1
1675771584277,73,FIr Creation Request,201,Created,Firs Test single user 1-1,text,true,,463,10422,1,1,http://localhost:3002/fir,73,0,0
1675771584352,61,FIr Creation Request,201,Created,Firs Test single user 1-1,text,true,,463,10422,1,1,http://localhost:3002/fir,61,0,0
1675771584415,60,FIr Creation Request,201,Created,Firs Test single user 1-1,text,true,,463,10422,1,1,http://localhost:3002/fir,60,0,0
1675771584477,30,FIr Creation Request,201,Created,Firs Test single user 1-1,text,true,,463,10422,1,1,http://localhost:3002/fir,30,0,0
1675771584509,74,FIr Creation Request,201,Created,Firs Test single user 1-1,text,true,,463,10422,1,1,http://localhost:3002/fir,74,0,0
1675771584585,29,FIr Creation Request,201,Created,Firs Test single user 1-1,text,true,,463,10422,1,1,http://localhost:3002/fir,29,0,0
1675771584616,30,FIr Creation Request,201,Created,Firs Test single user 1-1,text,true,,463,10422,1,1,http://localhost:3002/fir,30,0,0
1675771584647,45,FIr Creation Request,201,Created,Firs Test single user 1-1,text,true,,463,10422,1,1,http://localhost:3002/fir,45,0,0
1675771584694,45,FIr Creation Request,201,Created,Firs Test single user 1-1,text,true,,463,10422,1,1,http://localhost:3002/fir,45,0,0
1675771584740,31,FIr Creation Request,201,Created,Firs Test single user 1-1,text,true,,463,10422,1,1,http://localhost:3002/fir,31,0,1
1675771584774,27,FIr Creation Request,201,Created,Firs Test single user 1-1,text,true,,463,10422,1,1,http://localhost:3002/fir,27,0,1
1675771584803,30,FIr Creation Request,201,Created,Firs Test single user 1-1,text,true,,463,10422,1,1,http://localhost:3002/fir,30,0,0
1675771584836,45,FIr Creation Request,201,Created,Firs Test single user 1-1,text,true,,463,10422,1,1,http://localhost:3002/fir,45,0,0
1675771584885,25,FIr Creation Request,201,Created,Firs Test single user 1-1,text,true,,463,10422,1,1,http://localhost:3002/fir,25,0,0
1675771584912,46,FIr Creation Request,201,Created,Firs Test single user 1-1,text,true,,463,10422,1,1,http://localhost:3002/fir,46,0,0
1675771584959,30,FIr Creation Request,201,Created,Firs Test single user 1-1,text,true,,463,10422,1,1,http://localhost:3002/fir,30,0,0
1675771584991,60,FIr Creation Request,201,Created,Firs Test single user 1-1,text,true,,463,10422,1,1,http://localhost:3002/fir,60,0,0
1675771585063,35,FIr Creation Request,201,Created,Firs Test single user 1-1,text,true,,463,10422,1,1,http://localhost:3002/fir,35,0,0
1675771585101,27,FIr Creation Request,201,Created,Firs Test single user 1-1,text,true,,463,10422,1,1,http://localhost:3002/fir,27,0,1
1675771585130,61,FIr Creation Request,201,Created,Firs Test single user 1-1,text,true,,463,10422,1,1,http://localhost:3002/fir,61,0,0
1675771585194,28,FIr Creation Request,201,Created,Firs Test single user 1-1,text,true,,463,10422,1,1,http://localhost:3002/fir,28,0,0
1675771585223,61,FIr Creation Request,201,Created,Firs Test single user 1-1,text,true,,463,10422,1,1,http://localhost:3002/fir,61,0,1
1675771585286,29,FIr Creation Request,201,Created,Firs Test single user 1-1,text,true,,463,10422,1,1,http://localhost:3002/fir,29,0,0
1675771585317,59,FIr Creation Request,201,Created,Firs Test single user 1-1,text,true,,463,10422,1,1,http://localhost:3002/fir,59,0,1
1675771585377,46,FIr Creation Request,201,Created,Firs Test single user 1-1,text,true,,463,10422,1,1,http://localhost:3002/fir,46,0,1
1675771585426,324,FIr Creation Request,201,Created,Firs Test single user 1-1,text,true,,463,10422,1,1,http://localhost:3002/fir,324,0,0
1675771585752,29,FIr Creation Request,201,Created,Firs Test single user 1-1,text,true,,463,10422,1,1,http://localhost:3002/fir,29,0,0
1675771585784,27,FIr Creation Request,201,Created,Firs Test single user 1-1,text,true,,463,10422,1,1,http://localhost:3002/fir,27,0,1
1675771585813,60,FIr Creation Request,201,Created,Firs Test single user 1-1,text,true,,463,10422,1,1,http://localhost:3002/fir,60,0,0
1675771585874,60,FIr Creation Request,201,Created,Firs Test single user 1-1,text,true,,463,10422,1,1,http://localhost:3002/fir,60,0,1
1675771585936,29,FIr Creation Request,201,Created,Firs Test single user 1-1,text,true,,463,10422,1,1,http://localhost:3002/fir,29,0,0
1675771585967,61,FIr Creation Request,201,Created,Firs Test single user 1-1,text,true,,463,10422,1,1,http://localhost:3002/fir,61,0,0
1675771586033,40,FIr Creation Request,201,Created,Firs Test single user 1-1,text,true,,463,10422,1,1,http://localhost:3002/fir,40,0,0
1675771586085,52,FIr Creation Request,201,Created,Firs Test single user 1-1,text,true,,463,10422,1,1,http://localhost:3002/fir,52,0,0
1675771586139,29,FIr Creation Request,201,Created,Firs Test single user 1-1,text,true,,463,10422,1,1,http://localhost:3002/fir,29,0,0
1675771586181,32,FIr Creation Request,201,Created,Firs Test single user 1-1,text,true,,463,10422,1,1,http://localhost:3002/fir,32,0,0
1675771586215,31,FIr Creation Request,201,Created,Firs Test single user 1-1,text,true,,463,10422,1,1,http://localhost:3002/fir,31,0,0
1675771586249,42,FIr Creation Request,201,Created,Firs Test single user 1-1,text,true,,463,10422,1,1,http://localhost:3002/fir,42,0,0
1675771586294,44,FIr Creation Request,201,Created,Firs Test single user 1-1,text,true,,463,10422,1,1,http://localhost:3002/fir,44,0,0
1675771586340,29,FIr Creation Request,201,Created,Firs Test single user 1-1,text,true,,463,10422,1,1,http://localhost:3002/fir,29,0,0
1675771586370,30,FIr Creation Request,201,Created,Firs Test single user 1-1,text,true,,463,10422,1,1,http://localhost:3002/fir,30,0,1
1675771586402,45,FIr Creation Request,201,Created,Firs Test single user 1-1,text,true,,463,10422,1,1,http://localhost:3002/fir,45,0,0
1675771586449,29,FIr Creation Request,201,Created,Firs Test single user 1-1,text,true,,463,10422,1,1,http://localhost:3002/fir,29,0,0
1675771586481,59,FIr Creation Request,201,Created,Firs Test single user 1-1,text,true,,463,10422,1,1,http://localhost:3002/fir,59,0,0
1675771586542,44,FIr Creation Request,201,Created,Firs Test single user 1-1,text,true,,463,10422,1,1,http://localhost:3002/fir,44,0,1
1675771586598,19,FIr Creation Request,201,Created,Firs Test single user 1-1,text,true,,463,10422,1,1,http://localhost:3002/fir,19,0,0
1675771586618,29,FIr Creation Request,201,Created,Firs Test single user 1-1,text,true,,463,10422,1,1,http://localhost:3002/fir,29,0,1
1675771586649,44,FIr Creation Request,201,Created,Firs Test single user 1-1,text,true,,463,10422,1,1,http://localhost:3002/fir,44,0,0
1675771586695,30,FIr Creation Request,201,Created,Firs Test single user 1-1,text,true,,463,10422,1,1,http://localhost:3002/fir,30,0,0
1675771586728,27,FIr Creation Request,201,Created,Firs Test single user 1-1,text,true,,463,10422,1,1,http://localhost:3002/fir,27,0,1
1675771586758,74,FIr Creation Request,201,Created,Firs Test single user 1-1,text,true,,463,10422,1,1,http://localhost:3002/fir,74,0,0
1675771586833,76,FIr Creation Request,201,Created,Firs Test single user 1-1,text,true,,463,10422,1,1,http://localhost:3002/fir,76,0,1
1675771586913,25,FIr Creation Request,201,Created,Firs Test single user 1-1,text,true,,463,10422,1,1,http://localhost:3002/fir,25,0,1
1675771586941,59,FIr Creation Request,201,Created,Firs Test single user 1-1,text,true,,463,10422,1,1,http://localhost:3002/fir,59,0,1
1675771587003,29,FIr Creation Request,201,Created,Firs Test single user 1-1,text,true,,463,10422,1,1,http://localhost:3002/fir,29,0,0
1675771587034,28,FIr Creation Request,201,Created,Firs Test single user 1-1,text,true,,463,10422,1,1,http://localhost:3002/fir,28,0,0
1675771587064,29,FIr Creation Request,201,Created,Firs Test single user 1-1,text,true,,463,10422,1,1,http://localhost:3002/fir,29,0,0
1675771587106,64,FIr Creation Request,201,Created,Firs Test single user 1-1,text,true,,463,10422,1,1,http://localhost:3002/fir,64,0,0
1675771587173,28,FIr Creation Request,201,Created,Firs Test single user 1-1,text,true,,463,10422,1,1,http://localhost:3002/fir,28,0,0
1675771587202,61,FIr Creation Request,201,Created,Firs Test single user 1-1,text,true,,463,10422,1,1,http://localhost:3002/fir,61,0,0
1675771587266,28,FIr Creation Request,201,Created,Firs Test single user 1-1,text,true,,463,10422,1,1,http://localhost:3002/fir,28,0,0
1675771587297,28,FIr Creation Request,201,Created,Firs Test single user 1-1,text,true,,463,10422,1,1,http://localhost:3002/fir,28,0,1
1675771587326,30,FIr Creation Request,201,Created,Firs Test single user 1-1,text,true,,463,10422,1,1,http://localhost:3002/fir,30,0,1
1675771587358,47,FIr Creation Request,201,Created,Firs Test single user 1-1,text,true,,463,10422,1,1,http://localhost:3002/fir,47,0,1
1675771587407,28,FIr Creation Request,201,Created,Firs Test single user 1-1,text,true,,463,10422,1,1,http://localhost:3002/fir,28,0,0
1675771587436,31,FIr Creation Request,201,Created,Firs Test single user 1-1,text,true,,463,10422,1,1,http://localhost:3002/fir,31,0,0
1675771587470,43,FIr Creation Request,201,Created,Firs Test single user 1-1,text,true,,463,10422,1,1,http://localhost:3002/fir,43,0,0
1675771587515,60,FIr Creation Request,201,Created,Firs Test single user 1-1,text,true,,463,10422,1,1,http://localhost:3002/fir,60,0,0
1675771587578,60,FIr Creation Request,201,Created,Firs Test single user 1-1,text,true,,463,10422,1,1,http://localhost:3002/fir,60,0,0
1675771587640,45,FIr Creation Request,201,Created,Firs Test single user 1-1,text,true,,463,10422,1,1,http://localhost:3002/fir,45,0,0
1675771587687,29,FIr Creation Request,201,Created,Firs Test single user 1-1,text,true,,463,10422,1,1,http://localhost:3002/fir,29,0,0
1675771587717,30,FIr Creation Request,201,Created,Firs Test single user 1-1,text,true,,463,10422,1,1,http://localhost:3002/fir,30,0,0
1675771587748,76,FIr Creation Request,201,Created,Firs Test single user 1-1,text,true,,463,10422,1,1,http://localhost:3002/fir,76,0,1
1675771587826,44,FIr Creation Request,201,Created,Firs Test single user 1-1,text,true,,463,10422,1,1,http://localhost:3002/fir,44,0,0
1675771587872,60,FIr Creation Request,201,Created,Firs Test single user 1-1,text,true,,463,10422,1,1,http://localhost:3002/fir,60,0,0
1675771587934,44,FIr Creation Request,201,Created,Firs Test single user 1-1,text,true,,463,10422,1,1,http://localhost:3002/fir,44,0,1
1675771587980,29,FIr Creation Request,201,Created,Firs Test single user 1-1,text,true,,463,10422,1,1,http://localhost:3002/fir,29,0,1
1675771588010,30,FIr Creation Request,201,Created,Firs Test single user 1-1,text,true,,463,10422,1,1,http://localhost:3002/fir,30,0,1
1675771588042,60,FIr Creation Request,201,Created,Firs Test single user 1-1,text,true,,463,10422,1,1,http://localhost:3002/fir,60,0,1
1675771588104,29,FIr Creation Request,201,Created,Firs Test single user 1-1,text,true,,463,10422,1,1,http://localhost:3002/fir,29,0,0
1675771588134,62,FIr Creation Request,201,Created,Firs Test single user 1-1,text,true,,463,10422,1,1,http://localhost:3002/fir,62,0,0
1675771588200,43,FIr Creation Request,201,Created,Firs Test single user 1-1,text,true,,463,10422,1,1,http://localhost:3002/fir,43,0,0
1675771588308,166,FIr Creation Request,201,Created,Firs Test single user 1-1,text,true,,463,10422,1,1,http://localhost:3002/fir,166,0,1
1675771588476,62,FIr Creation Request,201,Created,Firs Test single user 1-1,text,true,,463,10422,1,1,http://localhost:3002/fir,62,0,0
1675771588540,27,FIr Creation Request,201,Created,Firs Test single user 1-1,text,true,,463,10422,1,1,http://localhost:3002/fir,27,0,0
1675771588569,29,FIr Creation Request,201,Created,Firs Test single user 1-1,text,true,,463,10422,1,1,http://localhost:3002/fir,29,0,0
1675771588600,75,FIr Creation Request,201,Created,Firs Test single user 1-1,text,true,,463,10422,1,1,http://localhost:3002/fir,75,0,0
1675771588679,27,FIr Creation Request,201,Created,Firs Test single user 1-1,text,true,,463,10422,1,1,http://localhost:3002/fir,27,0,0
1675771588708,28,FIr Creation Request,201,Created,Firs Test single user 1-1,text,true,,463,10422,1,1,http://localhost:3002/fir,28,0,0
1675771588737,77,FIr Creation Request,201,Created,Firs Test single user 1-1,text,true,,463,10422,1,1,http://localhost:3002/fir,77,0,1
1675771588817,27,FIr Creation Request,201,Created,Firs Test single user 1-1,text,true,,463,10422,1,1,http://localhost:3002/fir,27,0,0
1675771588847,28,FIr Creation Request,201,Created,Firs Test single user 1-1,text,true,,463,10422,1,1,http://localhost:3002/fir,28,0,0
1675771588876,30,FIr Creation Request,201,Created,Firs Test single user 1-1,text,true,,463,10422,1,1,http://localhost:3002/fir,30,0,0
1675771588909,28,FIr Creation Request,201,Created,Firs Test single user 1-1,text,true,,463,10422,1,1,http://localhost:3002/fir,28,0,1
1675771588938,61,FIr Creation Request,201,Created,Firs Test single user 1-1,text,true,,463,10422,1,1,http://localhost:3002/fir,61,0,1
1675771589001,60,FIr Creation Request,201,Created,Firs Test single user 1-1,text,true,,463,10422,1,1,http://localhost:3002/fir,60,0,1
1675771589062,60,FIr Creation Request,201,Created,Firs Test single user 1-1,text,true,,463,10422,1,1,http://localhost:3002/fir,60,0,0
1675771589126,58,FIr Creation Request,201,Created,Firs Test single user 1-1,text,true,,463,10422,1,1,http://localhost:3002/fir,58,0,0
1675771589186,60,FIr Creation Request,201,Created,Firs Test single user 1-1,text,true,,463,10422,1,1,http://localhost:3002/fir,60,0,1
1675771589248,75,FIr Creation Request,201,Created,Firs Test single user 1-1,text,true,,463,10422,1,1,http://localhost:3002/fir,75,0,0
1675771589325,45,FIr Creation Request,201,Created,Firs Test single user 1-1,text,true,,463,10422,1,1,http://localhost:3002/fir,45,0,0
1675771589372,44,FIr Creation Request,201,Created,Firs Test single user 1-1,text,true,,463,10422,1,1,http://localhost:3002/fir,44,0,0
1675771589418,31,FIr Creation Request,201,Created,Firs Test single user 1-1,text,true,,463,10422,1,1,http://localhost:3002/fir,31,0,1
1675771589452,43,FIr Creation Request,201,Created,Firs Test single user 1-1,text,true,,463,10422,1,1,http://localhost:3002/fir,43,0,0
1675771589497,44,FIr Creation Request,201,Created,Firs Test single user 1-1,text,true,,463,10422,1,1,http://localhost:3002/fir,44,0,0
1675771589543,46,FIr Creation Request,201,Created,Firs Test single user 1-1,text,true,,463,10422,1,1,http://localhost:3002/fir,46,0,0
1675771589593,89,FIr Creation Request,201,Created,Firs Test single user 1-1,text,true,,463,10422,1,1,http://localhost:3002/fir,89,0,0
1675771589684,28,FIr Creation Request,201,Created,Firs Test single user 1-1,text,true,,463,10422,1,1,http://localhost:3002/fir,28,0,0
1675771589715,43,FIr Creation Request,201,Created,Firs Test single user 1-1,text,true,,463,10422,1,1,http://localhost:3002/fir,43,0,0
1675771589759,45,FIr Creation Request,201,Created,Firs Test single user 1-1,text,true,,463,10422,1,1,http://localhost:3002/fir,45,0,1
1675771589807,121,FIr Creation Request,201,Created,Firs Test single user 1-1,text,true,,463,10422,1,1,http://localhost:3002/fir,121,0,0
1675771589930,27,FIr Creation Request,201,Created,Firs Test single user 1-1,text,true,,463,10422,1,1,http://localhost:3002/fir,27,0,0
1675771589959,30,FIr Creation Request,201,Created,Firs Test single user 1-1,text,true,,463,10422,1,1,http://localhost:3002/fir,30,0,1
1675771589990,29,FIr Creation Request,201,Created,Firs Test single user 1-1,text,true,,463,10422,1,1,http://localhost:3002/fir,29,0,0
1675771590024,43,FIr Creation Request,201,Created,Firs Test single user 1-1,text,true,,463,10422,1,1,http://localhost:3002/fir,43,0,0
1675771590070,41,FIr Creation Request,201,Created,Firs Test single user 1-1,text,true,,463,10422,1,1,http://localhost:3002/fir,41,0,0
1675771590113,76,FIr Creation Request,201,Created,Firs Test single user 1-1,text,true,,463,10422,1,1,http://localhost:3002/fir,76,0,1
1675771590192,28,FIr Creation Request,201,Created,Firs Test single user 1-1,text,true,,463,10422,1,1,http://localhost:3002/fir,28,0,0
1675771590222,45,FIr Creation Request,201,Created,Firs Test single user 1-1,text,true,,463,10422,1,1,http://localhost:3002/fir,45,0,1
1675771590268,60,FIr Creation Request,201,Created,Firs Test single user 1-1,text,true,,463,10422,1,1,http://localhost:3002/fir,60,0,0
1675771590330,30,FIr Creation Request,201,Created,Firs Test single user 1-1,text,true,,463,10422,1,1,http://localhost:3002/fir,30,0,0
1675771590362,29,FIr Creation Request,201,Created,Firs Test single user 1-1,text,true,,463,10422,1,1,http://localhost:3002/fir,29,0,1
1675771590392,45,FIr Creation Request,201,Created,Firs Test single user 1-1,text,true,,463,10422,1,1,http://localhost:3002/fir,45,0,1
1675771590438,45,FIr Creation Request,201,Created,Firs Test single user 1-1,text,true,,463,10422,1,1,http://localhost:3002/fir,45,0,1
1675771590485,31,FIr Creation Request,201,Created,Firs Test single user 1-1,text,true,,463,10422,1,1,http://localhost:3002/fir,31,0,0
1675771590518,58,FIr Creation Request,201,Created,Firs Test single user 1-1,text,true,,463,10422,1,1,http://localhost:3002/fir,58,0,1
1675771590579,27,FIr Creation Request,201,Created,Firs Test single user 1-1,text,true,,463,10422,1,1,http://localhost:3002/fir,27,0,1
1675771590608,45,FIr Creation Request,201,Created,Firs Test single user 1-1,text,true,,463,10422,1,1,http://localhost:3002/fir,45,0,0
1675771590655,60,FIr Creation Request,201,Created,Firs Test single user 1-1,text,true,,463,10422,1,1,http://localhost:3002/fir,60,0,0
1675771590719,27,FIr Creation Request,201,Created,Firs Test single user 1-1,text,true,,463,10422,1,1,http://localhost:3002/fir,27,0,1
1675771590749,120,FIr Creation Request,201,Created,Firs Test single user 1-1,text,true,,463,10422,1,1,http://localhost:3002/fir,120,0,0
1675771590874,102,FIr Creation Request,201,Created,Firs Test single user 1-1,text,true,,463,10422,1,1,http://localhost:3002/fir,102,0,1
1675771590977,30,FIr Creation Request,201,Created,Firs Test single user 1-1,text,true,,463,10422,1,1,http://localhost:3002/fir,30,0,1
1675771591008,30,FIr Creation Request,201,Created,Firs Test single user 1-1,text,true,,463,10422,1,1,http://localhost:3002/fir,30,0,1
1675771591040,45,FIr Creation Request,201,Created,Firs Test single user 1-1,text,true,,463,10422,1,1,http://localhost:3002/fir,45,0,0
1675771591086,62,FIr Creation Request,201,Created,Firs Test single user 1-1,text,true,,463,10422,1,1,http://localhost:3002/fir,62,0,1
1675771591152,42,FIr Creation Request,201,Created,Firs Test single user 1-1,text,true,,463,10422,1,1,http://localhost:3002/fir,42,0,1
1675771591195,29,FIr Creation Request,201,Created,Firs Test single user 1-1,text,true,,463,10422,1,1,http://localhost:3002/fir,29,0,1
1675771591227,74,FIr Creation Request,201,Created,Firs Test single user 1-1,text,true,,463,10422,1,1,http://localhost:3002/fir,74,0,0
1675771591303,29,FIr Creation Request,201,Created,Firs Test single user 1-1,text,true,,463,10422,1,1,http://localhost:3002/fir,29,0,0
1675771591334,29,FIr Creation Request,201,Created,Firs Test single user 1-1,text,true,,463,10422,1,1,http://localhost:3002/fir,29,0,0
1675771591365,45,FIr Creation Request,201,Created,Firs Test single user 1-1,text,true,,463,10422,1,1,http://localhost:3002/fir,45,0,1
1675771591412,30,FIr Creation Request,201,Created,Firs Test single user 1-1,text,true,,463,10422,1,1,http://localhost:3002/fir,30,0,0
1675771591445,58,FIr Creation Request,201,Created,Firs Test single user 1-1,text,true,,463,10422,1,1,http://localhost:3002/fir,58,0,1
1675771591505,45,FIr Creation Request,201,Created,Firs Test single user 1-1,text,true,,463,10422,1,1,http://localhost:3002/fir,45,0,0
1675771591551,45,FIr Creation Request,201,Created,Firs Test single user 1-1,text,true,,463,10422,1,1,http://localhost:3002/fir,45,0,1
1675771591598,29,FIr Creation Request,201,Created,Firs Test single user 1-1,text,true,,463,10422,1,1,http://localhost:3002/fir,29,0,0
1675771591629,61,FIr Creation Request,201,Created,Firs Test single user 1-1,text,true,,463,10422,1,1,http://localhost:3002/fir,61,0,0
1675771591705,30,FIr Creation Request,201,Created,Firs Test single user 1-1,text,true,,463,10422,1,1,http://localhost:3002/fir,30,0,0
1675771591736,45,FIr Creation Request,201,Created,Firs Test single user 1-1,text,true,,463,10422,1,1,http://localhost:3002/fir,45,0,1
1675771591793,50,FIr Creation Request,201,Created,Firs Test single user 1-1,text,true,,463,10422,1,1,http://localhost:3002/fir,50,0,1
1675771591845,45,FIr Creation Request,201,Created,Firs Test single user 1-1,text,true,,463,10422,1,1,http://localhost:3002/fir,45,0,0
1675771591891,29,FIr Creation Request,201,Created,Firs Test single user 1-1,text,true,,463,10422,1,1,http://localhost:3002/fir,29,0,0
1675771591922,30,FIr Creation Request,201,Created,Firs Test single user 1-1,text,true,,463,10422,1,1,http://localhost:3002/fir,30,0,0
1675771591955,75,FIr Creation Request,201,Created,Firs Test single user 1-1,text,true,,463,10422,1,1,http://localhost:3002/fir,75,0,1
1675771592032,30,FIr Creation Request,201,Created,Firs Test single user 1-1,text,true,,463,10422,1,1,http://localhost:3002/fir,30,0,0
1675771592065,44,FIr Creation Request,201,Created,Firs Test single user 1-1,text,true,,463,10422,1,1,http://localhost:3002/fir,44,0,0
1675771592113,41,FIr Creation Request,201,Created,Firs Test single user 1-1,text,true,,463,10422,1,1,http://localhost:3002/fir,41,0,0
1675771592156,30,FIr Creation Request,201,Created,Firs Test single user 1-1,text,true,,463,10422,1,1,http://localhost:3002/fir,30,0,0
1675771592189,43,FIr Creation Request,201,Created,Firs Test single user 1-1,text,true,,463,10422,1,1,http://localhost:3002/fir,43,0,1
1675771592235,89,FIr Creation Request,201,Created,Firs Test single user 1-1,text,true,,463,10422,1,1,http://localhost:3002/fir,89,0,1
1675771592326,30,FIr Creation Request,201,Created,Firs Test single user 1-1,text,true,,463,10422,1,1,http://localhost:3002/fir,30,0,0
1675771592357,29,FIr Creation Request,201,Created,Firs Test single user 1-1,text,true,,463,10422,1,1,http://localhost:3002/fir,29,0,0
1675771592387,61,FIr Creation Request,201,Created,Firs Test single user 1-1,text,true,,463,10422,1,1,http://localhost:3002/fir,61,0,0
1675771592450,93,FIr Creation Request,201,Created,Firs Test single user 1-1,text,true,,463,10422,1,1,http://localhost:3002/fir,93,0,0
1675771592545,44,FIr Creation Request,201,Created,Firs Test single user 1-1,text,true,,463,10422,1,1,http://localhost:3002/fir,44,0,1
1675771592591,75,FIr Creation Request,201,Created,Firs Test single user 1-1,text,true,,463,10422,1,1,http://localhost:3002/fir,75,0,0
1675771592668,60,FIr Creation Request,201,Created,Firs Test single user 1-1,text,true,,463,10422,1,1,http://localhost:3002/fir,60,0,0
1675771592729,106,FIr Creation Request,201,Created,Firs Test single user 1-1,text,true,,463,10422,1,1,http://localhost:3002/fir,106,0,0
1675771592836,45,FIr Creation Request,201,Created,Firs Test single user 1-1,text,true,,463,10422,1,1,http://localhost:3002/fir,45,0,1
1675771592882,77,FIr Creation Request,201,Created,Firs Test single user 1-1,text,true,,463,10422,1,1,http://localhost:3002/fir,77,0,1
1675771592961,28,FIr Creation Request,201,Created,Firs Test single user 1-1,text,true,,463,10422,1,1,http://localhost:3002/fir,28,0,0
1675771592991,30,FIr Creation Request,201,Created,Firs Test single user 1-1,text,true,,463,10422,1,1,http://localhost:3002/fir,30,0,0
1675771593024,60,FIr Creation Request,201,Created,Firs Test single user 1-1,text,true,,463,10422,1,1,http://localhost:3002/fir,60,0,1
1675771593088,42,FIr Creation Request,201,Created,Firs Test single user 1-1,text,true,,463,10422,1,1,http://localhost:3002/fir,42,0,0
1675771593132,60,FIr Creation Request,201,Created,Firs Test single user 1-1,text,true,,463,10422,1,1,http://localhost:3002/fir,60,0,0
1675771593194,30,FIr Creation Request,201,Created,Firs Test single user 1-1,text,true,,463,10422,1,1,http://localhost:3002/fir,30,0,0
1675771593240,30,FIr Creation Request,201,Created,Firs Test single user 1-1,text,true,,463,10422,1,1,http://localhost:3002/fir,30,0,0
1675771593272,30,FIr Creation Request,201,Created,Firs Test single user 1-1,text,true,,463,10422,1,1,http://localhost:3002/fir,30,0,0
1675771593305,59,FIr Creation Request,201,Created,Firs Test single user 1-1,text,true,,463,10422,1,1,http://localhost:3002/fir,59,0,0
1675771593368,42,FIr Creation Request,201,Created,Firs Test single user 1-1,text,true,,463,10422,1,1,http://localhost:3002/fir,42,0,0
1675771593412,46,FIr Creation Request,201,Created,Firs Test single user 1-1,text,true,,463,10422,1,1,http://localhost:3002/fir,46,0,0
1675771593461,42,FIr Creation Request,201,Created,Firs Test single user 1-1,text,true,,463,10422,1,1,http://localhost:3002/fir,42,0,0
1675771593506,44,FIr Creation Request,201,Created,Firs Test single user 1-1,text,true,,463,10422,1,1,http://localhost:3002/fir,44,0,0
1675771593552,29,FIr Creation Request,201,Created,Firs Test single user 1-1,text,true,,463,10422,1,1,http://localhost:3002/fir,29,0,0
1675771593583,76,FIr Creation Request,201,Created,Firs Test single user 1-1,text,true,,463,10422,1,1,http://localhost:3002/fir,76,0,1
1675771593662,166,FIr Creation Request,201,Created,Firs Test single user 1-1,text,true,,463,10422,1,1,http://localhost:3002/fir,166,0,0
1675771593842,79,FIr Creation Request,201,Created,Firs Test single user 1-1,text,true,,463,10422,1,1,http://localhost:3002/fir,79,0,1
1675771593923,45,FIr Creation Request,201,Created,Firs Test single user 1-1,text,true,,463,10422,1,1,http://localhost:3002/fir,45,0,1
1675771593972,58,FIr Creation Request,201,Created,Firs Test single user 1-1,text,true,,463,10422,1,1,http://localhost:3002/fir,58,0,1
1675771594032,29,FIr Creation Request,201,Created,Firs Test single user 1-1,text,true,,463,10422,1,1,http://localhost:3002/fir,29,0,0
1675771594062,30,FIr Creation Request,201,Created,Firs Test single user 1-1,text,true,,463,10422,1,1,http://localhost:3002/fir,30,0,0
1675771594093,45,FIr Creation Request,201,Created,Firs Test single user 1-1,text,true,,463,10422,1,1,http://localhost:3002/fir,45,0,0
1675771594139,30,FIr Creation Request,201,Created,Firs Test single user 1-1,text,true,,463,10422,1,1,http://localhost:3002/fir,30,0,1
1675771594172,43,FIr Creation Request,201,Created,Firs Test single user 1-1,text,true,,463,10422,1,1,http://localhost:3002/fir,43,0,1
1675771594218,59,FIr Creation Request,201,Created,Firs Test single user 1-1,text,true,,463,10422,1,1,http://localhost:3002/fir,59,0,0
1675771594278,29,FIr Creation Request,201,Created,Firs Test single user 1-1,text,true,,463,10422,1,1,http://localhost:3002/fir,29,0,0
1675771594309,29,FIr Creation Request,201,Created,Firs Test single user 1-1,text,true,,463,10422,1,1,http://localhost:3002/fir,29,0,1
1675771594348,36,FIr Creation Request,201,Created,Firs Test single user 1-1,text,true,,463,10422,1,1,http://localhost:3002/fir,36,0,0
1675771594387,28,FIr Creation Request,201,Created,Firs Test single user 1-1,text,true,,463,10422,1,1,http://localhost:3002/fir,28,0,0
1675771594419,27,FIr Creation Request,201,Created,Firs Test single user 1-1,text,true,,463,10422,1,1,http://localhost:3002/fir,27,0,0
1675771594447,46,FIr Creation Request,201,Created,Firs Test single user 1-1,text,true,,463,10422,1,1,http://localhost:3002/fir,46,0,1
1675771594498,40,FIr Creation Request,201,Created,Firs Test single user 1-1,text,true,,463,10422,1,1,http://localhost:3002/fir,40,0,0
1675771594540,30,FIr Creation Request,201,Created,Firs Test single user 1-1,text,true,,463,10422,1,1,http://localhost:3002/fir,30,0,0
1675771594572,29,FIr Creation Request,201,Created,Firs Test single user 1-1,text,true,,463,10422,1,1,http://localhost:3002/fir,29,0,0
1675771594604,44,FIr Creation Request,201,Created,Firs Test single user 1-1,text,true,,463,10422,1,1,http://localhost:3002/fir,43,0,0
1675771594649,44,FIr Creation Request,201,Created,Firs Test single user 1-1,text,true,,463,10422,1,1,http://localhost:3002/fir,44,0,1
1675771594695,30,FIr Creation Request,201,Created,Firs Test single user 1-1,text,true,,463,10422,1,1,http://localhost:3002/fir,30,0,1
1675771594728,27,FIr Creation Request,201,Created,Firs Test single user 1-1,text,true,,463,10422,1,1,http://localhost:3002/fir,27,0,0
1675771594764,52,FIr Creation Request,201,Created,Firs Test single user 1-1,text,true,,463,10422,1,1,http://localhost:3002/fir,52,0,0
1675771594819,75,FIr Creation Request,201,Created,Firs Test single user 1-1,text,true,,463,10422,1,1,http://localhost:3002/fir,75,0,0
1675771594896,45,FIr Creation Request,201,Created,Firs Test single user 1-1,text,true,,463,10422,1,1,http://localhost:3002/fir,45,0,0
1675771594943,29,FIr Creation Request,201,Created,Firs Test single user 1-1,text,true,,463,10422,1,1,http://localhost:3002/fir,29,0,0
1675771594974,60,FIr Creation Request,201,Created,Firs Test single user 1-1,text,true,,463,10422,1,1,http://localhost:3002/fir,60,0,1
1675771595036,61,FIr Creation Request,201,Created,Firs Test single user 1-1,text,true,,463,10422,1,1,http://localhost:3002/fir,61,0,0
1675771595102,41,FIr Creation Request,201,Created,Firs Test single user 1-1,text,true,,463,10422,1,1,http://localhost:3002/fir,41,0,1
1675771595145,45,FIr Creation Request,201,Created,Firs Test single user 1-1,text,true,,463,10422,1,1,http://localhost:3002/fir,45,0,0
1675771595194,57,FIr Creation Request,201,Created,Firs Test single user 1-1,text,true,,463,10422,1,1,http://localhost:3002/fir,57,0,0
1675771595253,59,FIr Creation Request,201,Created,Firs Test single user 1-1,text,true,,463,10422,1,1,http://localhost:3002/fir,59,0,0
1675771595315,74,FIr Creation Request,201,Created,Firs Test single user 1-1,text,true,,463,10422,1,1,http://localhost:3002/fir,74,0,0
1675771595391,28,FIr Creation Request,201,Created,Firs Test single user 1-1,text,true,,463,10422,1,1,http://localhost:3002/fir,28,0,0
1675771595421,45,FIr Creation Request,201,Created,Firs Test single user 1-1,text,true,,463,10422,1,1,http://localhost:3002/fir,45,0,0
1675771595468,28,FIr Creation Request,201,Created,Firs Test single user 1-1,text,true,,463,10422,1,1,http://localhost:3002/fir,28,0,0
1675771595498,29,FIr Creation Request,201,Created,Firs Test single user 1-1,text,true,,463,10422,1,1,http://localhost:3002/fir,29,0,0
1675771595528,32,FIr Creation Request,201,Created,Firs Test single user 1-1,text,true,,463,10422,1,1,http://localhost:3002/fir,32,0,1
1675771595563,43,FIr Creation Request,201,Created,Firs Test single user 1-1,text,true,,463,10422,1,1,http://localhost:3002/fir,43,0,0
1675771595609,28,FIr Creation Request,201,Created,Firs Test single user 1-1,text,true,,463,10422,1,1,http://localhost:3002/fir,28,0,0
1675771595639,28,FIr Creation Request,201,Created,Firs Test single user 1-1,text,true,,463,10422,1,1,http://localhost:3002/fir,28,0,0
1675771595669,61,FIr Creation Request,201,Created,Firs Test single user 1-1,text,true,,463,10422,1,1,http://localhost:3002/fir,61,0,0
1675771595734,27,FIr Creation Request,201,Created,Firs Test single user 1-1,text,true,,463,10422,1,1,http://localhost:3002/fir,27,0,1
1675771595763,28,FIr Creation Request,201,Created,Firs Test single user 1-1,text,true,,463,10422,1,1,http://localhost:3002/fir,28,0,0
1675771595793,45,FIr Creation Request,201,Created,Firs Test single user 1-1,text,true,,463,10422,1,1,http://localhost:3002/fir,45,0,1
1675771595840,29,FIr Creation Request,201,Created,Firs Test single user 1-1,text,true,,463,10422,1,1,http://localhost:3002/fir,29,0,0
1675771595877,23,FIr Creation Request,201,Created,Firs Test single user 1-1,text,true,,463,10422,1,1,http://localhost:3002/fir,23,0,0
1675771595903,28,FIr Creation Request,201,Created,Firs Test single user 1-1,text,true,,463,10422,1,1,http://localhost:3002/fir,28,0,0
1675771595933,61,FIr Creation Request,201,Created,Firs Test single user 1-1,text,true,,463,10422,1,1,http://localhost:3002/fir,61,0,0
1675771595995,45,FIr Creation Request,201,Created,Firs Test single user 1-1,text,true,,463,10422,1,1,http://localhost:3002/fir,45,0,1
1675771596043,61,FIr Creation Request,201,Created,Firs Test single user 1-1,text,true,,463,10422,1,1,http://localhost:3002/fir,61,0,0
1675771596107,41,FIr Creation Request,201,Created,Firs Test single user 1-1,text,true,,463,10422,1,1,http://localhost:3002/fir,41,0,1
1675771596150,77,FIr Creation Request,201,Created,Firs Test single user 1-1,text,true,,463,10422,1,1,http://localhost:3002/fir,77,0,0
1675771596230,59,FIr Creation Request,201,Created,Firs Test single user 1-1,text,true,,463,10422,1,1,http://localhost:3002/fir,59,0,0
1675771596298,37,FIr Creation Request,201,Created,Firs Test single user 1-1,text,true,,463,10422,1,1,http://localhost:3002/fir,37,0,0
1675771596336,47,FIr Creation Request,201,Created,Firs Test single user 1-1,text,true,,463,10422,1,1,http://localhost:3002/fir,47,0,1
1675771596394,36,FIr Creation Request,201,Created,Firs Test single user 1-1,text,true,,463,10422,1,1,http://localhost:3002/fir,36,0,0
1675771596432,216,FIr Creation Request,201,Created,Firs Test single user 1-1,text,true,,463,10422,1,1,http://localhost:3002/fir,216,0,1
1675771596650,46,FIr Creation Request,201,Created,Firs Test single user 1-1,text,true,,463,10422,1,1,http://localhost:3002/fir,46,0,0
1675771596698,59,FIr Creation Request,201,Created,Firs Test single user 1-1,text,true,,463,10422,1,1,http://localhost:3002/fir,59,0,1
1675771596759,29,FIr Creation Request,201,Created,Firs Test single user 1-1,text,true,,463,10422,1,1,http://localhost:3002/fir,29,0,1
1675771596789,30,FIr Creation Request,201,Created,Firs Test single user 1-1,text,true,,463,10422,1,1,http://localhost:3002/fir,30,0,0
1675771596821,29,FIr Creation Request,201,Created,Firs Test single user 1-1,text,true,,463,10422,1,1,http://localhost:3002/fir,29,0,0
1675771596854,44,FIr Creation Request,201,Created,Firs Test single user 1-1,text,true,,463,10422,1,1,http://localhost:3002/fir,44,0,1
1675771596910,34,FIr Creation Request,201,Created,Firs Test single user 1-1,text,true,,463,10422,1,1,http://localhost:3002/fir,34,0,0
1675771596946,45,FIr Creation Request,201,Created,Firs Test single user 1-1,text,true,,463,10422,1,1,http://localhost:3002/fir,45,0,1
1675771596994,43,FIr Creation Request,201,Created,Firs Test single user 1-1,text,true,,463,10422,1,1,http://localhost:3002/fir,43,0,0
1675771597039,60,FIr Creation Request,201,Created,Firs Test single user 1-1,text,true,,463,10422,1,1,http://localhost:3002/fir,60,0,0
1675771597102,59,FIr Creation Request,201,Created,Firs Test single user 1-1,text,true,,463,10422,1,1,http://localhost:3002/fir,59,0,0
1675771597163,44,FIr Creation Request,201,Created,Firs Test single user 1-1,text,true,,463,10422,1,1,http://localhost:3002/fir,44,0,1
1675771597210,28,FIr Creation Request,201,Created,Firs Test single user 1-1,text,true,,463,10422,1,1,http://localhost:3002/fir,28,0,0
1675771597240,45,FIr Creation Request,201,Created,Firs Test single user 1-1,text,true,,463,10422,1,1,http://localhost:3002/fir,45,0,0
1675771597287,28,FIr Creation Request,201,Created,Firs Test single user 1-1,text,true,,463,10422,1,1,http://localhost:3002/fir,28,0,0
1675771597326,52,FIr Creation Request,201,Created,Firs Test single user 1-1,text,true,,463,10422,1,1,http://localhost:3002/fir,52,0,1
1675771597380,60,FIr Creation Request,201,Created,Firs Test single user 1-1,text,true,,463,10422,1,1,http://localhost:3002/fir,60,0,0
1675771597441,30,FIr Creation Request,201,Created,Firs Test single user 1-1,text,true,,463,10422,1,1,http://localhost:3002/fir,30,0,1
1675771597474,30,FIr Creation Request,201,Created,Firs Test single user 1-1,text,true,,463,10422,1,1,http://localhost:3002/fir,30,0,1
1675771597507,57,FIr Creation Request,201,Created,Firs Test single user 1-1,text,true,,463,10422,1,1,http://localhost:3002/fir,57,0,0
1675771597566,30,FIr Creation Request,201,Created,Firs Test single user 1-1,text,true,,463,10422,1,1,http://localhost:3002/fir,30,0,0
1675771597599,27,FIr Creation Request,201,Created,Firs Test single user 1-1,text,true,,463,10422,1,1,http://localhost:3002/fir,27,0,0
1675771597627,76,FIr Creation Request,201,Created,Firs Test single user 1-1,text,true,,463,10422,1,1,http://localhost:3002/fir,76,0,0
1675771597705,91,FIr Creation Request,201,Created,Firs Test single user 1-1,text,true,,463,10422,1,1,http://localhost:3002/fir,91,0,0
1675771597800,27,FIr Creation Request,201,Created,Firs Test single user 1-1,text,true,,463,10422,1,1,http://localhost:3002/fir,27,0,0
1675771597838,51,FIr Creation Request,201,Created,Firs Test single user 1-1,text,true,,463,10422,1,1,http://localhost:3002/fir,51,0,0
1675771597892,59,FIr Creation Request,201,Created,Firs Test single user 1-1,text,true,,463,10422,1,1,http://localhost:3002/fir,59,0,1
1675771597953,43,FIr Creation Request,201,Created,Firs Test single user 1-1,text,true,,463,10422,1,1,http://localhost:3002/fir,43,0,0
1675771597998,122,FIr Creation Request,201,Created,Firs Test single user 1-1,text,true,,463,10422,1,1,http://localhost:3002/fir,122,0,1
1675771598122,29,FIr Creation Request,201,Created,Firs Test single user 1-1,text,true,,463,10422,1,1,http://localhost:3002/fir,29,0,1
1675771598153,28,FIr Creation Request,201,Created,Firs Test single user 1-1,text,true,,463,10422,1,1,http://localhost:3002/fir,28,0,1
1675771598183,60,FIr Creation Request,201,Created,Firs Test single user 1-1,text,true,,463,10422,1,1,http://localhost:3002/fir,60,0,0
1675771598244,27,FIr Creation Request,201,Created,Firs Test single user 1-1,text,true,,463,10422,1,1,http://localhost:3002/fir,27,0,0
1675771598273,29,FIr Creation Request,201,Created,Firs Test single user 1-1,text,true,,463,10422,1,1,http://localhost:3002/fir,29,0,0
1675771598304,45,FIr Creation Request,201,Created,Firs Test single user 1-1,text,true,,463,10422,1,1,http://localhost:3002/fir,45,0,0
1675771598351,59,FIr Creation Request,201,Created,Firs Test single user 1-1,text,true,,463,10422,1,1,http://localhost:3002/fir,59,0,0
1675771598413,28,FIr Creation Request,201,Created,Firs Test single user 1-1,text,true,,463,10422,1,1,http://localhost:3002/fir,28,0,0
1675771598442,45,FIr Creation Request,201,Created,Firs Test single user 1-1,text,true,,463,10422,1,1,http://localhost:3002/fir,45,0,0
1675771598491,41,FIr Creation Request,201,Created,Firs Test single user 1-1,text,true,,463,10422,1,1,http://localhost:3002/fir,41,0,1
1675771598533,31,FIr Creation Request,201,Created,Firs Test single user 1-1,text,true,,463,10422,1,1,http://localhost:3002/fir,31,0,1
1675771598568,103,FIr Creation Request,201,Created,Firs Test single user 1-1,text,true,,463,10422,1,1,http://localhost:3002/fir,103,0,0
1675771598673,45,FIr Creation Request,201,Created,Firs Test single user 1-1,text,true,,463,10422,1,1,http://localhost:3002/fir,45,0,1
1675771598720,59,FIr Creation Request,201,Created,Firs Test single user 1-1,text,true,,463,10422,1,1,http://localhost:3002/fir,59,0,0
1675771598780,46,FIr Creation Request,201,Created,Firs Test single user 1-1,text,true,,463,10422,1,1,http://localhost:3002/fir,46,0,0
1675771598829,59,FIr Creation Request,201,Created,Firs Test single user 1-1,text,true,,463,10422,1,1,http://localhost:3002/fir,59,0,0
1675771598889,76,FIr Creation Request,201,Created,Firs Test single user 1-1,text,true,,463,10422,1,1,http://localhost:3002/fir,76,0,0
1675771598968,27,FIr Creation Request,201,Created,Firs Test single user 1-1,text,true,,463,10422,1,1,http://localhost:3002/fir,27,0,1
1675771598996,45,FIr Creation Request,201,Created,Firs Test single user 1-1,text,true,,463,10422,1,1,http://localhost:3002/fir,45,0,1
1675771599044,60,FIr Creation Request,201,Created,Firs Test single user 1-1,text,true,,463,10422,1,1,http://localhost:3002/fir,60,0,0
1675771599108,26,FIr Creation Request,201,Created,Firs Test single user 1-1,text,true,,463,10422,1,1,http://localhost:3002/fir,26,0,1
1675771599135,30,FIr Creation Request,201,Created,Firs Test single user 1-1,text,true,,463,10422,1,1,http://localhost:3002/fir,29,0,0
1675771599168,58,FIr Creation Request,201,Created,Firs Test single user 1-1,text,true,,463,10422,1,1,http://localhost:3002/fir,58,0,0
1675771599228,44,FIr Creation Request,201,Created,Firs Test single user 1-1,text,true,,463,10422,1,1,http://localhost:3002/fir,44,0,1
1675771599275,29,FIr Creation Request,201,Created,Firs Test single user 1-1,text,true,,463,10422,1,1,http://localhost:3002/fir,29,0,1
1675771599306,75,FIr Creation Request,201,Created,Firs Test single user 1-1,text,true,,463,10422,1,1,http://localhost:3002/fir,75,0,0
1675771599385,27,FIr Creation Request,201,Created,Firs Test single user 1-1,text,true,,463,10422,1,1,http://localhost:3002/fir,27,0,0
1675771599413,46,FIr Creation Request,201,Created,Firs Test single user 1-1,text,true,,463,10422,1,1,http://localhost:3002/fir,46,0,0
1675771599460,30,FIr Creation Request,201,Created,Firs Test single user 1-1,text,true,,463,10422,1,1,http://localhost:3002/fir,30,0,0
1675771599492,44,FIr Creation Request,201,Created,Firs Test single user 1-1,text,true,,463,10422,1,1,http://localhost:3002/fir,44,0,0
1675771599538,29,FIr Creation Request,201,Created,Firs Test single user 1-1,text,true,,463,10422,1,1,http://localhost:3002/fir,29,0,0
1675771599568,46,FIr Creation Request,201,Created,Firs Test single user 1-1,text,true,,463,10422,1,1,http://localhost:3002/fir,46,0,1
1675771599616,44,FIr Creation Request,201,Created,Firs Test single user 1-1,text,true,,463,10422,1,1,http://localhost:3002/fir,44,0,1
1675771599662,75,FIr Creation Request,201,Created,Firs Test single user 1-1,text,true,,463,10422,1,1,http://localhost:3002/fir,75,0,0
1675771599739,44,FIr Creation Request,201,Created,Firs Test single user 1-1,text,true,,463,10422,1,1,http://localhost:3002/fir,44,0,0
1675771599786,60,FIr Creation Request,201,Created,Firs Test single user 1-1,text,true,,463,10422,1,1,http://localhost:3002/fir,60,0,0
1675771599848,29,FIr Creation Request,201,Created,Firs Test single user 1-1,text,true,,463,10422,1,1,http://localhost:3002/fir,29,0,0
1675771599878,31,FIr Creation Request,201,Created,Firs Test single user 1-1,text,true,,463,10422,1,1,http://localhost:3002/fir,31,0,1
1675771599911,60,FIr Creation Request,201,Created,Firs Test single user 1-1,text,true,,463,10422,1,1,http://localhost:3002/fir,60,0,1
1675771599973,31,FIr Creation Request,201,Created,Firs Test single user 1-1,text,true,,463,10422,1,1,http://localhost:3002/fir,31,0,0
1675771600007,27,FIr Creation Request,201,Created,Firs Test single user 1-1,text,true,,463,10422,1,1,http://localhost:3002/fir,27,0,0
1675771600035,60,FIr Creation Request,201,Created,Firs Test single user 1-1,text,true,,463,10422,1,1,http://localhost:3002/fir,60,0,1
1675771600097,31,FIr Creation Request,201,Created,Firs Test single user 1-1,text,true,,463,10422,1,1,http://localhost:3002/fir,31,0,0
1675771600130,28,FIr Creation Request,201,Created,Firs Test single user 1-1,text,true,,463,10422,1,1,http://localhost:3002/fir,28,0,1
1675771600160,45,FIr Creation Request,201,Created,Firs Test single user 1-1,text,true,,463,10422,1,1,http://localhost:3002/fir,45,0,1
1675771600207,28,FIr Creation Request,201,Created,Firs Test single user 1-1,text,true,,463,10422,1,1,http://localhost:3002/fir,28,0,0
1675771600238,29,FIr Creation Request,201,Created,Firs Test single user 1-1,text,true,,463,10422,1,1,http://localhost:3002/fir,28,0,1
1675771600268,77,FIr Creation Request,201,Created,Firs Test single user 1-1,text,true,,463,10422,1,1,http://localhost:3002/fir,77,0,0
1675771600347,27,FIr Creation Request,201,Created,Firs Test single user 1-1,text,true,,463,10422,1,1,http://localhost:3002/fir,27,0,1
1675771600385,83,FIr Creation Request,201,Created,Firs Test single user 1-1,text,true,,463,10422,1,1,http://localhost:3002/fir,83,0,0
1675771600476,178,FIr Creation Request,201,Created,Firs Test single user 1-1,text,true,,463,10422,1,1,http://localhost:3002/fir,178,0,1
1675771600655,30,FIr Creation Request,201,Created,Firs Test single user 1-1,text,true,,463,10422,1,1,http://localhost:3002/fir,30,0,0
1675771600687,29,FIr Creation Request,201,Created,Firs Test single user 1-1,text,true,,463,10422,1,1,http://localhost:3002/fir,29,0,0
1675771600719,75,FIr Creation Request,201,Created,Firs Test single user 1-1,text,true,,463,10422,1,1,http://localhost:3002/fir,75,0,0
1675771600796,29,FIr Creation Request,201,Created,Firs Test single user 1-1,text,true,,463,10422,1,1,http://localhost:3002/fir,29,0,0
1675771600828,59,FIr Creation Request,201,Created,Firs Test single user 1-1,text,true,,463,10422,1,1,http://localhost:3002/fir,59,0,0
1675771600901,48,FIr Creation Request,201,Created,Firs Test single user 1-1,text,true,,463,10422,1,1,http://localhost:3002/fir,48,0,0
1675771600952,27,FIr Creation Request,201,Created,Firs Test single user 1-1,text,true,,463,10422,1,1,http://localhost:3002/fir,27,0,1
1675771600992,66,FIr Creation Request,201,Created,Firs Test single user 1-1,text,true,,463,10422,1,1,http://localhost:3002/fir,66,0,0
1675771601060,29,FIr Creation Request,201,Created,Firs Test single user 1-1,text,true,,463,10422,1,1,http://localhost:3002/fir,29,0,0
1675771601090,29,FIr Creation Request,201,Created,Firs Test single user 1-1,text,true,,463,10422,1,1,http://localhost:3002/fir,29,0,0
1675771601120,45,FIr Creation Request,201,Created,Firs Test single user 1-1,text,true,,463,10422,1,1,http://localhost:3002/fir,45,0,1
1675771601167,61,FIr Creation Request,201,Created,Firs Test single user 1-1,text,true,,463,10422,1,1,http://localhost:3002/fir,61,0,0
1675771601232,26,FIr Creation Request,201,Created,Firs Test single user 1-1,text,true,,463,10422,1,1,http://localhost:3002/fir,26,0,0
1675771601259,60,FIr Creation Request,201,Created,Firs Test single user 1-1,text,true,,463,10422,1,1,http://localhost:3002/fir,60,0,0
1675771601322,59,FIr Creation Request,201,Created,Firs Test single user 1-1,text,true,,463,10422,1,1,http://localhost:3002/fir,59,0,0
1675771601382,61,FIr Creation Request,201,Created,Firs Test single user 1-1,text,true,,463,10422,1,1,http://localhost:3002/fir,61,0,1
1675771601446,59,FIr Creation Request,201,Created,Firs Test single user 1-1,text,true,,463,10422,1,1,http://localhost:3002/fir,59,0,0
1675771601507,29,FIr Creation Request,201,Created,Firs Test single user 1-1,text,true,,463,10422,1,1,http://localhost:3002/fir,29,0,0
1675771601539,43,FIr Creation Request,201,Created,Firs Test single user 1-1,text,true,,463,10422,1,1,http://localhost:3002/fir,43,0,0
1675771601585,59,FIr Creation Request,201,Created,Firs Test single user 1-1,text,true,,463,10422,1,1,http://localhost:3002/fir,59,0,0
1675771601646,45,FIr Creation Request,201,Created,Firs Test single user 1-1,text,true,,463,10422,1,1,http://localhost:3002/fir,45,0,0
1675771601695,26,FIr Creation Request,201,Created,Firs Test single user 1-1,text,true,,463,10422,1,1,http://localhost:3002/fir,26,0,0
1675771601724,28,FIr Creation Request,201,Created,Firs Test single user 1-1,text,true,,463,10422,1,1,http://localhost:3002/fir,28,0,0
1675771601754,91,FIr Creation Request,201,Created,Firs Test single user 1-1,text,true,,463,10422,1,1,http://localhost:3002/fir,91,0,0
1675771601847,45,FIr Creation Request,201,Created,Firs Test single user 1-1,text,true,,463,10422,1,1,http://localhost:3002/fir,45,0,0
1675771601895,28,FIr Creation Request,201,Created,Firs Test single user 1-1,text,true,,463,10422,1,1,http://localhost:3002/fir,28,0,0
1675771601925,92,FIr Creation Request,201,Created,Firs Test single user 1-1,text,true,,463,10422,1,1,http://localhost:3002/fir,92,0,0
1675771602018,30,FIr Creation Request,201,Created,Firs Test single user 1-1,text,true,,463,10422,1,1,http://localhost:3002/fir,30,0,0
1675771602049,202,FIr Creation Request,201,Created,Firs Test single user 1-1,text,true,,463,10422,1,1,http://localhost:3002/fir,202,0,1
1675771602254,43,FIr Creation Request,201,Created,Firs Test single user 1-1,text,true,,463,10422,1,1,http://localhost:3002/fir,43,0,0
1675771602299,45,FIr Creation Request,201,Created,Firs Test single user 1-1,text,true,,463,10422,1,1,http://localhost:3002/fir,45,0,0
1675771602346,29,FIr Creation Request,201,Created,Firs Test single user 1-1,text,true,,463,10422,1,1,http://localhost:3002/fir,29,0,0
1675771602378,28,FIr Creation Request,201,Created,Firs Test single user 1-1,text,true,,463,10422,1,1,http://localhost:3002/fir,28,0,0
1675771602408,29,FIr Creation Request,201,Created,Firs Test single user 1-1,text,true,,463,10422,1,1,http://localhost:3002/fir,29,0,0
1675771602439,28,FIr Creation Request,201,Created,Firs Test single user 1-1,text,true,,463,10422,1,1,http://localhost:3002/fir,28,0,0
1675771602469,29,FIr Creation Request,201,Created,Firs Test single user 1-1,text,true,,463,10422,1,1,http://localhost:3002/fir,29,0,0
1675771602499,45,FIr Creation Request,201,Created,Firs Test single user 1-1,text,true,,463,10422,1,1,http://localhost:3002/fir,45,0,1
1675771602546,29,FIr Creation Request,201,Created,Firs Test single user 1-1,text,true,,463,10422,1,1,http://localhost:3002/fir,29,0,1
1675771602576,62,FIr Creation Request,201,Created,Firs Test single user 1-1,text,true,,463,10422,1,1,http://localhost:3002/fir,62,0,1
1675771602640,45,FIr Creation Request,201,Created,Firs Test single user 1-1,text,true,,463,10422,1,1,http://localhost:3002/fir,45,0,0
1675771602687,60,FIr Creation Request,201,Created,Firs Test single user 1-1,text,true,,463,10422,1,1,http://localhost:3002/fir,60,0,0
1675771602749,45,FIr Creation Request,201,Created,Firs Test single user 1-1,text,true,,463,10422,1,1,http://localhost:3002/fir,45,0,0
1675771602796,29,FIr Creation Request,201,Created,Firs Test single user 1-1,text,true,,463,10422,1,1,http://localhost:3002/fir,29,0,1
1675771602828,44,FIr Creation Request,201,Created,Firs Test single user 1-1,text,true,,463,10422,1,1,http://localhost:3002/fir,44,0,0
1675771602874,29,FIr Creation Request,201,Created,Firs Test single user 1-1,text,true,,463,10422,1,1,http://localhost:3002/fir,29,0,0
1675771602906,27,FIr Creation Request,201,Created,Firs Test single user 1-1,text,true,,463,10422,1,1,http://localhost:3002/fir,27,0,1
1675771602943,53,FIr Creation Request,201,Created,Firs Test single user 1-1,text,true,,463,10422,1,1,http://localhost:3002/fir,53,0,0
1675771602998,44,FIr Creation Request,201,Created,Firs Test single user 1-1,text,true,,463,10422,1,1,http://localhost:3002/fir,44,0,0
1675771603043,60,FIr Creation Request,201,Created,Firs Test single user 1-1,text,true,,463,10422,1,1,http://localhost:3002/fir,60,0,0
1675771603105,29,FIr Creation Request,201,Created,Firs Test single user 1-1,text,true,,463,10422,1,1,http://localhost:3002/fir,29,0,1
1675771603135,90,FIr Creation Request,201,Created,Firs Test single user 1-1,text,true,,463,10422,1,1,http://localhost:3002/fir,90,0,0
1675771603227,47,FIr Creation Request,201,Created,Firs Test single user 1-1,text,true,,463,10422,1,1,http://localhost:3002/fir,47,0,1
1675771603277,27,FIr Creation Request,201,Created,Firs Test single user 1-1,text,true,,463,10422,1,1,http://localhost:3002/fir,27,0,0
1675771603306,44,FIr Creation Request,201,Created,Firs Test single user 1-1,text,true,,463,10422,1,1,http://localhost:3002/fir,44,0,0
1675771603353,28,FIr Creation Request,201,Created,Firs Test single user 1-1,text,true,,463,10422,1,1,http://localhost:3002/fir,28,0,0
1675771603383,59,FIr Creation Request,201,Created,Firs Test single user 1-1,text,true,,463,10422,1,1,http://localhost:3002/fir,59,0,0
1675771603453,20,FIr Creation Request,201,Created,Firs Test single user 1-1,text,true,,463,10422,1,1,http://localhost:3002/fir,20,0,0
1675771603475,29,FIr Creation Request,201,Created,Firs Test single user 1-1,text,true,,463,10422,1,1,http://localhost:3002/fir,29,0,1
1675771603507,43,FIr Creation Request,201,Created,Firs Test single user 1-1,text,true,,463,10422,1,1,http://localhost:3002/fir,43,0,0
1675771603552,29,FIr Creation Request,201,Created,Firs Test single user 1-1,text,true,,463,10422,1,1,http://localhost:3002/fir,29,0,0
1675771603583,44,FIr Creation Request,201,Created,Firs Test single user 1-1,text,true,,463,10422,1,1,http://localhost:3002/fir,44,0,0
1675771603628,30,FIr Creation Request,201,Created,Firs Test single user 1-1,text,true,,463,10422,1,1,http://localhost:3002/fir,30,0,0
1675771603659,45,FIr Creation Request,201,Created,Firs Test single user 1-1,text,true,,463,10422,1,1,http://localhost:3002/fir,45,0,0
1675771603706,30,FIr Creation Request,201,Created,Firs Test single user 1-1,text,true,,463,10422,1,1,http://localhost:3002/fir,30,0,0
1675771603738,75,FIr Creation Request,201,Created,Firs Test single user 1-1,text,true,,463,10422,1,1,http://localhost:3002/fir,75,0,0
1675771603815,60,FIr Creation Request,201,Created,Firs Test single user 1-1,text,true,,463,10422,1,1,http://localhost:3002/fir,60,0,1
1675771603880,40,FIr Creation Request,201,Created,Firs Test single user 1-1,text,true,,463,10422,1,1,http://localhost:3002/fir,40,0,0
1675771603923,59,FIr Creation Request,201,Created,Firs Test single user 1-1,text,true,,463,10422,1,1,http://localhost:3002/fir,59,0,0
1675771603983,29,FIr Creation Request,201,Created,Firs Test single user 1-1,text,true,,463,10422,1,1,http://localhost:3002/fir,29,0,1
1675771604014,30,FIr Creation Request,201,Created,Firs Test single user 1-1,text,true,,463,10422,1,1,http://localhost:3002/fir,30,0,0
1675771604057,33,FIr Creation Request,201,Created,Firs Test single user 1-1,text,true,,463,10422,1,1,http://localhost:3002/fir,33,0,0
1675771604092,30,FIr Creation Request,201,Created,Firs Test single user 1-1,text,true,,463,10422,1,1,http://localhost:3002/fir,30,0,1
1675771604124,29,FIr Creation Request,201,Created,Firs Test single user 1-1,text,true,,463,10422,1,1,http://localhost:3002/fir,29,0,0
1675771604155,29,FIr Creation Request,201,Created,Firs Test single user 1-1,text,true,,463,10422,1,1,http://localhost:3002/fir,29,0,0
1675771604186,44,FIr Creation Request,201,Created,Firs Test single user 1-1,text,true,,463,10422,1,1,http://localhost:3002/fir,44,0,0
1675771604231,30,FIr Creation Request,201,Created,Firs Test single user 1-1,text,true,,463,10422,1,1,http://localhost:3002/fir,30,0,1
1675771604264,44,FIr Creation Request,201,Created,Firs Test single user 1-1,text,true,,463,10422,1,1,http://localhost:3002/fir,44,0,1
1675771604311,28,FIr Creation Request,201,Created,Firs Test single user 1-1,text,true,,463,10422,1,1,http://localhost:3002/fir,28,0,0
1675771604341,30,FIr Creation Request,201,Created,Firs Test single user 1-1,text,true,,463,10422,1,1,http://localhost:3002/fir,30,0,0
1675771604375,28,FIr Creation Request,201,Created,Firs Test single user 1-1,text,true,,463,10422,1,1,http://localhost:3002/fir,28,0,0
1675771604404,61,FIr Creation Request,201,Created,Firs Test single user 1-1,text,true,,463,10422,1,1,http://localhost:3002/fir,61,0,1
1675771604479,33,FIr Creation Request,201,Created,Firs Test single user 1-1,text,true,,463,10422,1,1,http://localhost:3002/fir,33,0,0
1675771604515,73,FIr Creation Request,201,Created,Firs Test single user 1-1,text,true,,463,10422,1,1,http://localhost:3002/fir,73,0,0
1675771604589,61,FIr Creation Request,201,Created,Firs Test single user 1-1,text,true,,463,10422,1,1,http://localhost:3002/fir,61,0,0
1675771604651,61,FIr Creation Request,201,Created,Firs Test single user 1-1,text,true,,463,10422,1,1,http://localhost:3002/fir,61,0,0
1675771604715,28,FIr Creation Request,201,Created,Firs Test single user 1-1,text,true,,463,10422,1,1,http://localhost:3002/fir,28,0,1
1675771604744,29,FIr Creation Request,201,Created,Firs Test single user 1-1,text,true,,463,10422,1,1,http://localhost:3002/fir,29,0,0
1675771604774,31,FIr Creation Request,201,Created,Firs Test single user 1-1,text,true,,463,10422,1,1,http://localhost:3002/fir,31,0,1
1675771604808,27,FIr Creation Request,201,Created,Firs Test single user 1-1,text,true,,463,10422,1,1,http://localhost:3002/fir,27,0,0
1675771604838,28,FIr Creation Request,201,Created,Firs Test single user 1-1,text,true,,463,10422,1,1,http://localhost:3002/fir,28,0,0
1675771604869,59,FIr Creation Request,201,Created,Firs Test single user 1-1,text,true,,463,10422,1,1,http://localhost:3002/fir,59,0,0
1675771604929,30,FIr Creation Request,201,Created,Firs Test single user 1-1,text,true,,463,10422,1,1,http://localhost:3002/fir,30,0,0
1675771604962,44,FIr Creation Request,201,Created,Firs Test single user 1-1,text,true,,463,10422,1,1,http://localhost:3002/fir,44,0,1
1675771605008,29,FIr Creation Request,201,Created,Firs Test single user 1-1,text,true,,463,10422,1,1,http://localhost:3002/fir,29,0,1
1675771605039,30,FIr Creation Request,201,Created,Firs Test single user 1-1,text,true,,463,10422,1,1,http://localhost:3002/fir,30,0,0
1675771605080,34,FIr Creation Request,201,Created,Firs Test single user 1-1,text,true,,463,10422,1,1,http://localhost:3002/fir,34,0,0
1675771605116,45,FIr Creation Request,201,Created,Firs Test single user 1-1,text,true,,463,10422,1,1,http://localhost:3002/fir,45,0,1
1675771605163,44,FIr Creation Request,201,Created,Firs Test single user 1-1,text,true,,463,10422,1,1,http://localhost:3002/fir,44,0,0
1675771605208,30,FIr Creation Request,201,Created,Firs Test single user 1-1,text,true,,463,10422,1,1,http://localhost:3002/fir,30,0,0
1675771605242,42,FIr Creation Request,201,Created,Firs Test single user 1-1,text,true,,463,10422,1,1,http://localhost:3002/fir,42,0,1
1675771605286,29,FIr Creation Request,201,Created,Firs Test single user 1-1,text,true,,463,10422,1,1,http://localhost:3002/fir,29,0,1
1675771605316,61,FIr Creation Request,201,Created,Firs Test single user 1-1,text,true,,463,10422,1,1,http://localhost:3002/fir,61,0,0
1675771605382,26,FIr Creation Request,201,Created,Firs Test single user 1-1,text,true,,463,10422,1,1,http://localhost:3002/fir,26,0,1
1675771605409,30,FIr Creation Request,201,Created,Firs Test single user 1-1,text,true,,463,10422,1,1,http://localhost:3002/fir,30,0,1
1675771605441,59,FIr Creation Request,201,Created,Firs Test single user 1-1,text,true,,463,10422,1,1,http://localhost:3002/fir,59,0,1
1675771605502,45,FIr Creation Request,201,Created,Firs Test single user 1-1,text,true,,463,10422,1,1,http://localhost:3002/fir,45,0,0
1675771605549,30,FIr Creation Request,201,Created,Firs Test single user 1-1,text,true,,463,10422,1,1,http://localhost:3002/fir,30,0,0
1675771605591,34,FIr Creation Request,201,Created,Firs Test single user 1-1,text,true,,463,10422,1,1,http://localhost:3002/fir,34,0,0
1675771605626,32,FIr Creation Request,201,Created,Firs Test single user 1-1,text,true,,463,10422,1,1,http://localhost:3002/fir,32,0,0
1675771605661,26,FIr Creation Request,201,Created,Firs Test single user 1-1,text,true,,463,10422,1,1,http://localhost:3002/fir,26,0,0
1675771605688,30,FIr Creation Request,201,Created,Firs Test single user 1-1,text,true,,463,10422,1,1,http://localhost:3002/fir,30,0,1
1675771605719,76,FIr Creation Request,201,Created,Firs Test single user 1-1,text,true,,463,10422,1,1,http://localhost:3002/fir,76,0,0
1675771605797,30,FIr Creation Request,201,Created,Firs Test single user 1-1,text,true,,463,10422,1,1,http://localhost:3002/fir,30,0,1
1675771605828,47,FIr Creation Request,201,Created,Firs Test single user 1-1,text,true,,463,10422,1,1,http://localhost:3002/fir,47,0,0
1675771605876,76,FIr Creation Request,201,Created,Firs Test single user 1-1,text,true,,463,10422,1,1,http://localhost:3002/fir,76,0,1
1675771605954,30,FIr Creation Request,201,Created,Firs Test single user 1-1,text,true,,463,10422,1,1,http://localhost:3002/fir,30,0,0
1675771605985,30,FIr Creation Request,201,Created,Firs Test single user 1-1,text,true,,463,10422,1,1,http://localhost:3002/fir,30,0,1
1675771606016,30,FIr Creation Request,201,Created,Firs Test single user 1-1,text,true,,463,10422,1,1,http://localhost:3002/fir,30,0,1
1675771606048,45,FIr Creation Request,201,Created,Firs Test single user 1-1,text,true,,463,10422,1,1,http://localhost:3002/fir,45,0,1
1675771606103,22,FIr Creation Request,201,Created,Firs Test single user 1-1,text,true,,463,10422,1,1,http://localhost:3002/fir,22,0,1
1675771606127,29,FIr Creation Request,201,Created,Firs Test single user 1-1,text,true,,463,10422,1,1,http://localhost:3002/fir,29,0,0
